simple game object export addon
Bones 32
[
Frames 205
Frame 0
Base
1.000000 0.000000 0.000000 0.000000 
0.000000 0.000000 -1.000000 0.000000 
0.000000 1.000000 0.000000 0.000000 
0.000000 0.000000 0.000000 1.000000 

Ass
1.000000 -0.000000 0.000000 0.000000 
0.000000 0.083750 -0.996487 0.000000 
0.000000 0.996487 0.083750 1.345027 
0.000000 0.000000 0.000000 1.000000 

Back
1.000000 -0.000000 -0.000000 -0.000000 
-0.000000 0.377036 -0.926198 0.046112 
0.000000 0.926198 0.377036 1.893685 
0.000000 0.000000 0.000000 1.000000 

Torso
-1.000000 -0.000000 -0.000000 -0.000000 
-0.000000 -0.237962 0.971274 0.163954 
-0.000000 0.971275 0.237962 2.183167 
0.000000 0.000000 0.000000 1.000000 

Neck
1.000000 0.000000 -0.000000 -0.000000 
-0.000000 0.246154 -0.969231 0.038427 
0.000000 0.969231 0.246154 2.695523 
0.000000 0.000000 0.000000 1.000000 

Head
1.000000 -0.000000 -0.000000 -0.000000 
-0.000000 0.151183 -0.988506 0.079415 
0.000000 0.988506 0.151183 2.856915 
0.000000 0.000000 0.000000 1.000000 

Shoulder_L
-0.177092 0.907376 0.381192 -0.000000 
-0.980619 -0.195659 0.010171 0.038427 
0.083812 -0.372003 0.924440 2.695523 
0.000000 0.000000 0.000000 1.000000 

Shoulder_L.001
-0.031688 0.418216 0.907795 0.184828 
-0.999494 -0.010793 -0.029917 -0.001428 
-0.002714 -0.908284 0.418346 2.619748 
0.000000 0.000000 0.000000 1.000000 

Arm_L
-0.021623 0.148766 0.988636 0.219437 
-0.998341 0.049572 -0.029295 -0.002321 
-0.053367 -0.987629 0.147447 2.544584 
0.000000 0.000000 0.000000 1.000000 

Palm_L
-0.062601 0.240546 0.968617 0.268048 
-0.988987 0.115465 -0.092593 0.013877 
-0.134114 -0.963745 0.230669 2.221859 
0.000000 0.000000 0.000000 1.000000 

Palm_L.001
0.986542 0.142736 0.079762 0.356627 
-0.101086 0.148988 0.983659 0.056396 
0.128520 -0.978483 0.161412 1.866970 
0.000000 0.000000 0.000000 1.000000 

Palm_L.002
0.984055 0.096489 0.149422 0.372739 
-0.163654 0.162096 0.973110 0.073214 
0.069674 -0.982046 0.175302 1.756518 
0.000000 0.000000 0.000000 1.000000 

Shoulder_R
-0.177092 -0.907376 -0.381192 -0.000000 
0.980619 -0.195659 0.010171 0.038427 
-0.083812 -0.372003 0.924440 2.695523 
0.000000 0.000000 0.000000 1.000000 

Shoulder_R.001
-0.031729 -0.389256 -0.920583 -0.184828 
0.999357 -0.027761 -0.022706 -0.001428 
-0.016718 -0.920711 0.389887 2.619748 
0.000000 0.000000 0.000000 1.000000 

Arm_R
-0.018256 -0.151151 -0.988342 -0.217040 
0.999008 0.037403 -0.024173 -0.003725 
0.040620 -0.987803 0.150319 2.543556 
0.000000 0.000000 0.000000 1.000000 

Palm_R
-0.053421 -0.243959 -0.968313 -0.266431 
0.988151 0.126814 -0.086465 0.008497 
0.143889 -0.961459 0.234294 2.220774 
0.000000 0.000000 0.000000 1.000000 

Palm_R.001
0.986780 -0.145931 -0.070502 -0.356266 
0.093819 0.159634 0.982708 0.055194 
-0.132153 -0.976331 0.171214 1.866727 
0.000000 0.000000 0.000000 1.000000 

Palm_R.002
0.985105 -0.099589 -0.140185 -0.372739 
0.155836 0.172377 0.972626 0.073214 
-0.072698 -0.979984 0.185329 1.756518 
0.000000 0.000000 0.000000 1.000000 

Brreast_L
0.809262 0.288701 0.511612 0.110669 
-0.186608 0.952134 -0.242112 0.174772 
-0.557021 0.100461 0.824400 2.491075 
0.000000 0.000000 0.000000 1.000000 

Brreast_R
0.809262 -0.288701 -0.511612 -0.110669 
0.186608 0.952134 -0.242112 0.174772 
0.557021 0.100461 0.824400 2.491075 
0.000000 0.000000 0.000000 1.000000 

Ass_L
-0.000000 0.888426 0.459021 -0.000000 
-1.000000 -0.000000 -0.000000 0.046112 
0.000000 -0.459021 0.888426 1.893685 
0.000000 0.000000 0.000000 1.000000 

Leg_L
0.080458 0.057058 0.995124 0.153707 
-0.991834 0.103695 0.074247 0.046112 
-0.098953 -0.992971 0.064935 1.814270 
0.000000 0.000000 0.000000 1.000000 

Leg_L.001
0.037004 0.151745 0.987727 0.194004 
-0.976444 -0.204767 0.068040 0.119347 
0.212578 -0.966977 0.140593 1.112985 
0.000000 0.000000 0.000000 1.000000 

Leg_L.002
-0.995941 0.062193 0.065075 0.328609 
-0.075967 -0.192896 -0.978275 -0.062291 
-0.048289 -0.979246 0.196838 0.255232 
0.000000 0.000000 0.000000 1.000000 

Leg_L.003
0.998534 0.051275 -0.017342 0.333519 
-0.027027 0.749885 0.661017 -0.077521 
0.046898 -0.659579 0.750171 0.177914 
0.000000 0.000000 0.000000 1.000000 

Leg_L.004
0.995549 0.085222 -0.040248 0.342033 
-0.041571 0.780324 0.623993 0.046996 
0.084584 -0.619543 0.780393 0.068392 
0.000000 0.000000 0.000000 1.000000 

Ass_R
-0.000000 -0.888426 -0.459021 -0.000000 
1.000000 -0.000000 -0.000000 0.046112 
-0.000000 -0.459021 0.888426 1.893685 
0.000000 0.000000 0.000000 1.000000 

Leg_R
0.080458 -0.057058 -0.995124 -0.153707 
0.991835 0.103695 0.074247 0.046112 
0.098953 -0.992971 0.064935 1.814270 
0.000000 0.000000 0.000000 1.000000 

Leg_R.001
0.037004 -0.151745 -0.987727 -0.194004 
0.976444 -0.204767 0.068040 0.119346 
-0.212578 -0.966977 0.140593 1.112984 
0.000000 0.000000 0.000000 1.000000 

Leg_R.002
-0.995941 -0.062193 -0.065075 -0.328609 
0.075967 -0.192896 -0.978275 -0.062291 
0.048289 -0.979246 0.196837 0.255232 
0.000000 0.000000 0.000000 1.000000 

Leg_R.003
0.998534 -0.051275 0.017342 -0.333519 
0.027027 0.749885 0.661017 -0.077521 
-0.046898 -0.659579 0.750171 0.177913 
0.000000 0.000000 0.000000 1.000000 

Leg_R.004
0.995549 -0.085222 0.040248 -0.342034 
0.041571 0.780324 0.623993 0.046996 
-0.084584 -0.619542 0.780393 0.068391 
0.000000 0.000000 0.000000 1.000000 

Frame 1
Base
1.000000 0.000000 0.000000 0.000000 
0.000000 0.000000 -1.000000 0.000000 
0.000000 1.000000 0.000000 0.000000 
0.000000 0.000000 0.000000 1.000000 

Ass
1.000000 -0.000000 0.000000 -0.000000 
0.000000 0.083750 -0.996487 0.723529 
0.000000 0.996487 0.083750 1.220993 
0.000000 0.000000 0.000000 1.000000 

Back
1.000000 -0.000000 -0.000000 -0.000000 
-0.000000 0.377036 -0.926198 0.769641 
0.000000 0.926198 0.377036 1.769652 
0.000000 0.000000 0.000000 1.000000 

Torso
-1.000000 -0.000000 -0.000000 -0.000000 
-0.000000 -0.237962 0.971274 0.887483 
-0.000000 0.971275 0.237962 2.059133 
0.000000 0.000000 0.000000 1.000000 

Neck
1.000000 0.000000 -0.000000 -0.000000 
-0.000000 0.246154 -0.969231 0.761955 
0.000000 0.969231 0.246154 2.571490 
0.000000 0.000000 0.000000 1.000000 

Head
1.000000 -0.000000 -0.000000 -0.000000 
-0.000000 0.151183 -0.988506 0.802944 
0.000000 0.988506 0.151183 2.732882 
0.000000 0.000000 0.000000 1.000000 

Shoulder_L
-0.177092 0.907376 0.381192 -0.000000 
-0.980619 -0.195659 0.010171 0.761955 
0.083812 -0.372003 0.924440 2.571490 
0.000000 0.000000 0.000000 1.000000 

Shoulder_L.001
0.688386 -0.253810 -0.679489 0.184828 
0.617373 0.696768 0.365193 0.722100 
0.380757 -0.670892 0.636340 2.495715 
0.000000 0.000000 0.000000 1.000000 

Arm_L
0.933314 -0.088853 -0.347893 0.163824 
0.339465 0.534056 0.774304 0.779761 
0.116995 -0.840767 0.528605 2.440196 
0.000000 0.000000 0.000000 1.000000 

Palm_L
0.948997 -0.139309 -0.282838 0.134790 
0.308607 0.594089 0.742846 0.954273 
0.064546 -0.792244 0.606781 2.165461 
0.000000 0.000000 0.000000 1.000000 

Palm_L.001
-0.275578 -0.133691 -0.951937 0.083490 
0.805763 0.507908 -0.304593 1.173040 
0.524218 -0.850973 -0.032245 1.873725 
0.000000 0.000000 0.000000 1.000000 

Palm_L.002
-0.213146 -0.128686 -0.968509 0.068399 
0.848818 0.466490 -0.248788 1.230373 
0.483816 -0.875115 0.009800 1.777666 
0.000000 0.000000 0.000000 1.000000 

Shoulder_R
-0.177104 -0.907376 -0.381186 -0.000000 
0.980620 -0.195659 0.010138 0.761955 
-0.083782 -0.372003 0.924443 2.571490 
0.000000 0.000000 0.000000 1.000000 

Shoulder_R.001
-0.876167 0.334441 -0.347103 -0.184828 
0.119797 -0.546429 -0.828893 0.722100 
-0.466883 -0.767831 0.438698 2.495715 
0.000000 0.000000 0.000000 1.000000 

Arm_R
-0.848251 0.478452 -0.227058 -0.157151 
0.146248 -0.200442 -0.968729 0.676881 
-0.509002 -0.854931 0.100052 2.432174 
0.000000 0.000000 0.000000 1.000000 

Palm_R
-0.887526 -0.406020 -0.217819 -0.000809 
0.281078 -0.102514 -0.954194 0.611384 
0.365091 -0.908097 0.205107 2.152811 
0.000000 0.000000 0.000000 1.000000 

Palm_R.001
0.239345 -0.403989 -0.882897 -0.150322 
0.965359 0.001693 0.260924 0.573634 
-0.103916 -0.914763 0.390399 1.818413 
0.000000 0.000000 0.000000 1.000000 

Palm_R.002
0.194914 -0.399793 -0.895642 -0.195924 
0.980303 0.049708 0.191149 0.573825 
-0.031899 -0.915258 0.401606 1.715153 
0.000000 0.000000 0.000000 1.000000 

Brreast_L
0.809262 0.288701 0.511612 0.110669 
-0.186608 0.952134 -0.242112 0.898300 
-0.557021 0.100461 0.824400 2.367042 
0.000000 0.000000 0.000000 1.000000 

Brreast_R
0.809262 -0.288701 -0.511612 -0.110669 
0.186608 0.952134 -0.242112 0.898300 
0.557021 0.100461 0.824400 2.367042 
0.000000 0.000000 0.000000 1.000000 

Ass_L
-0.000000 0.888426 0.459021 -0.000000 
-1.000000 -0.000000 -0.000000 0.769641 
0.000000 -0.459021 0.888426 1.769652 
0.000000 0.000000 0.000000 1.000000 

Leg_L
0.798248 -0.264023 0.541381 0.153707 
-0.427214 0.385431 0.817882 0.769641 
-0.424604 -0.884158 0.194875 1.690237 
0.000000 0.000000 0.000000 1.000000 

Leg_L.001
0.796594 0.231612 0.558386 -0.032759 
-0.596973 0.155946 0.786959 1.041851 
0.095191 -0.960228 0.262491 1.065801 
0.000000 0.000000 0.000000 1.000000 

Leg_L.002
-0.556563 0.176112 0.811925 0.172691 
-0.814325 0.078054 -0.575138 1.180183 
-0.164663 -0.981271 0.099971 0.214035 
0.000000 0.000000 0.000000 1.000000 

Leg_L.003
0.639097 -0.567089 -0.519583 0.186597 
0.753783 0.596078 0.276590 1.186345 
0.152861 -0.568421 0.808413 0.136557 
0.000000 0.000000 0.000000 1.000000 

Leg_L.004
0.649220 -0.569461 -0.504211 0.092433 
0.736930 0.635037 0.231652 1.285323 
0.188276 -0.521962 0.831931 0.042171 
0.000000 0.000000 0.000000 1.000000 

Ass_R
-0.000000 -0.888426 -0.459021 -0.000000 
1.000000 -0.000000 -0.000000 0.769641 
-0.000000 -0.459021 0.888426 1.769652 
0.000000 0.000000 0.000000 1.000000 

Leg_R
-0.851851 -0.274432 -0.446136 -0.153707 
0.443226 0.076198 -0.893166 0.769641 
0.279108 -0.958583 0.056726 1.690237 
0.000000 0.000000 0.000000 1.000000 

Leg_R.001
-0.848993 0.313213 -0.425569 -0.347524 
0.345341 -0.280685 -0.895520 0.823456 
-0.399939 -0.907256 0.130134 1.013238 
0.000000 0.000000 0.000000 1.000000 

Leg_R.002
-0.414298 0.365378 0.833581 -0.069690 
-0.909767 -0.192523 -0.367777 0.574475 
0.026106 -0.910733 0.412170 0.208460 
0.000000 0.000000 0.000000 1.000000 

Leg_R.003
0.320383 -0.564206 -0.760938 -0.040841 
0.946073 0.149897 0.287189 0.559274 
-0.047971 -0.811913 0.581804 0.136551 
0.000000 0.000000 0.000000 1.000000 

Leg_R.004
0.314092 -0.612082 -0.725743 -0.134526 
0.945308 0.130789 0.298812 0.584165 
-0.087978 -0.779904 0.619685 0.001734 
0.000000 0.000000 0.000000 1.000000 

Frame 2
Base
1.000000 0.000000 0.000000 0.000000 
0.000000 0.000000 -1.000000 0.000000 
0.000000 1.000000 0.000000 0.000000 
0.000000 0.000000 0.000000 1.000000 

Ass
-0.253778 -0.081008 0.963864 0.000000 
0.967263 -0.021254 0.252886 0.857898 
0.000000 0.996487 0.083750 1.179649 
0.000000 0.000000 0.000000 1.000000 

Back
-0.249967 -0.199310 0.947519 -0.044602 
0.967263 -0.095684 0.235048 0.846196 
0.043815 0.975254 0.216702 1.728308 
0.000000 0.000000 0.000000 1.000000 

Torso
0.143134 0.116742 -0.982794 -0.106896 
-0.989551 0.034310 -0.140043 0.816290 
0.017371 0.992570 0.120433 2.033121 
0.000000 0.000000 0.000000 1.000000 

Neck
0.458560 -0.333501 0.823711 -0.045314 
0.886919 0.113704 -0.447711 0.834389 
0.055653 0.935868 0.347929 2.556711 
0.000000 0.000000 0.000000 1.000000 

Head
0.767420 -0.128555 0.628124 -0.100847 
0.630923 0.325664 -0.704188 0.853323 
-0.114030 0.936705 0.331029 2.712548 
0.000000 0.000000 0.000000 1.000000 

Shoulder_L
0.980203 0.072304 -0.184321 -0.045314 
-0.057030 0.994586 0.086868 0.834389 
0.189604 -0.074636 0.979020 2.556711 
0.000000 0.000000 0.000000 1.000000 

Shoulder_L.001
0.759736 0.505803 -0.408613 -0.030586 
0.073637 0.557442 0.826944 1.036981 
0.646049 -0.658348 0.386263 2.541508 
0.000000 0.000000 0.000000 1.000000 

Arm_L
0.773202 0.559990 -0.297606 0.011271 
0.146060 0.299419 0.942876 1.083112 
0.617111 -0.772502 0.149719 2.487027 
0.000000 0.000000 0.000000 1.000000 

Palm_L
0.693990 -0.654685 -0.299610 0.194258 
0.392507 -0.004836 0.919736 1.180952 
-0.603586 -0.755887 0.253612 2.234599 
0.000000 0.000000 0.000000 1.000000 

Palm_L.001
-0.350062 -0.638168 -0.685710 -0.046823 
0.922499 -0.107762 -0.370654 1.179171 
0.162647 -0.762318 0.626433 1.956251 
0.000000 0.000000 0.000000 1.000000 

Palm_L.002
-0.383700 -0.768166 -0.512539 -0.118860 
0.766075 0.045145 -0.641165 1.167007 
0.515659 -0.638658 0.571150 1.870200 
0.000000 0.000000 0.000000 1.000000 

Shoulder_R
-0.928917 0.363756 -0.069253 -0.045314 
-0.314204 -0.873274 -0.372382 0.834389 
-0.195933 -0.324153 0.925492 2.556711 
0.000000 0.000000 0.000000 1.000000 

Shoulder_R.001
-0.918746 0.371026 0.135079 0.028781 
-0.262552 -0.318534 -0.910825 0.656508 
-0.294912 -0.872282 0.390065 2.490683 
0.000000 0.000000 0.000000 1.000000 

Arm_R
-0.916367 0.326280 0.231976 0.059485 
-0.227932 0.051146 -0.972333 0.630148 
-0.329117 -0.943889 0.027501 2.418498 
0.000000 0.000000 0.000000 1.000000 

Palm_R
-0.852982 -0.454801 0.256083 0.166103 
-0.160551 -0.238218 -0.957850 0.646861 
0.496634 -0.858143 0.130177 2.110066 
0.000000 0.000000 0.000000 1.000000 

Palm_R.001
-0.226302 -0.499619 -0.836163 -0.001373 
0.973542 -0.143965 -0.177461 0.559140 
-0.031716 -0.854199 0.518978 1.794064 
0.000000 0.000000 0.000000 1.000000 

Palm_R.002
-0.256107 -0.553557 -0.792455 -0.057771 
0.966525 -0.159797 -0.200739 0.542889 
-0.015512 -0.817337 0.575951 1.697641 
0.000000 0.000000 0.000000 1.000000 

Brreast_L
0.209017 -0.970785 0.117852 -0.170460 
0.824867 0.239752 0.511971 0.924243 
-0.525268 -0.009799 0.850881 2.335575 
0.000000 0.000000 0.000000 1.000000 

Brreast_R
-0.339155 -0.919891 0.196912 -0.138779 
0.781180 -0.392021 -0.485878 0.705218 
0.524148 -0.010964 0.851557 2.339420 
0.000000 0.000000 0.000000 1.000000 

Ass_L
0.967263 -0.225463 -0.116489 -0.044602 
0.229493 0.973056 0.022259 0.846196 
0.108332 -0.048264 0.992943 1.728308 
0.000000 0.000000 0.000000 1.000000 

Leg_L
0.962264 0.052512 -0.267003 -0.083610 
0.270124 -0.065789 0.960576 1.014545 
0.032876 -0.996451 -0.077491 1.719957 
0.000000 0.000000 0.000000 1.000000 

Leg_L.001
0.958480 0.085386 -0.272080 -0.046523 
0.271136 0.022686 0.962274 0.968081 
0.088337 -0.996090 -0.001407 1.016214 
0.000000 0.000000 0.000000 1.000000 

Leg_L.002
0.293496 0.071251 0.953302 0.029218 
-0.955174 -0.018586 0.295462 0.988205 
0.038770 -0.997286 0.062602 0.132637 
0.000000 0.000000 0.000000 1.000000 

Leg_L.003
-0.169351 -0.969485 -0.177257 0.034844 
0.981413 -0.149415 -0.120435 0.986737 
0.090275 -0.194358 0.976768 0.053894 
0.000000 0.000000 0.000000 1.000000 

Leg_L.004
-0.091454 -0.989515 0.111791 -0.126138 
0.979079 -0.109841 -0.171289 0.961927 
0.181772 0.093787 0.978858 0.021622 
0.000000 0.000000 0.000000 1.000000 

Ass_R
-0.966462 0.233607 0.106675 -0.044602 
-0.256612 -0.862128 -0.436905 0.846196 
-0.010096 -0.449626 0.893160 1.728308 
0.000000 0.000000 0.000000 1.000000 

Leg_R
-0.737545 -0.394714 -0.547932 -0.004186 
0.487998 0.249326 -0.836478 0.697039 
0.466783 -0.884329 0.008731 1.650518 
0.000000 0.000000 0.000000 1.000000 

Leg_R.001
-0.764447 0.384220 -0.517684 -0.282953 
0.420262 -0.311933 -0.852102 0.873125 
-0.488878 -0.868950 0.076983 1.025960 
0.000000 0.000000 0.000000 1.000000 

Leg_R.002
-0.493320 0.467017 0.733847 0.057868 
-0.869295 -0.234615 -0.435066 0.596426 
-0.031012 -0.852555 0.521717 0.255163 
0.000000 0.000000 0.000000 1.000000 

Leg_R.003
0.405046 -0.416688 -0.813824 0.094742 
0.914279 0.190079 0.357721 0.577901 
0.005633 -0.888956 0.457959 0.187847 
0.000000 0.000000 0.000000 1.000000 

Leg_R.004
0.375910 -0.848471 -0.372546 0.025552 
0.924744 0.369302 0.092011 0.609464 
0.059513 -0.379097 0.923442 0.040238 
0.000000 0.000000 0.000000 1.000000 

Frame 3
Base
1.000000 0.000000 0.000000 0.000000 
0.000000 0.000000 -1.000000 0.000000 
0.000000 1.000000 0.000000 0.000000 
0.000000 0.000000 0.000000 1.000000 

Ass
-0.408943 -0.072914 0.909642 0.004335 
0.912549 -0.027914 0.408013 0.875137 
-0.004358 0.996948 0.077953 1.114547 
0.000000 0.000000 0.000000 1.000000 

Back
-0.412716 -0.201934 0.888194 -0.035811 
0.910106 -0.131075 0.393098 0.859768 
0.037040 0.970589 0.237878 1.663460 
0.000000 0.000000 0.000000 1.000000 

Torso
0.308925 0.091133 -0.946710 -0.098925 
-0.951086 0.029321 -0.307531 0.818801 
-0.000268 0.995407 0.095733 1.966815 
0.000000 0.000000 0.000000 1.000000 

Neck
0.378471 -0.339349 0.861163 -0.050851 
0.924234 0.087777 -0.371601 0.834268 
0.050512 0.936557 0.346859 2.491902 
0.000000 0.000000 0.000000 1.000000 

Head
0.730403 -0.147833 0.666827 -0.107358 
0.673634 0.317184 -0.667541 0.848884 
-0.112822 0.936771 0.331258 2.647853 
0.000000 0.000000 0.000000 1.000000 

Shoulder_L
0.972449 -0.096858 -0.212042 -0.050851 
0.102947 0.994527 0.017838 0.834268 
0.209154 -0.039175 0.977098 2.491902 
0.000000 0.000000 0.000000 1.000000 

Shoulder_L.001
0.626054 0.461476 -0.628567 -0.070581 
0.239775 0.653103 0.718307 1.036848 
0.742000 -0.600413 0.298228 2.483922 
0.000000 0.000000 0.000000 1.000000 

Arm_L
0.625271 0.585888 -0.515529 -0.032392 
0.317021 0.412939 0.853803 1.090895 
0.713115 -0.697292 0.072460 2.434235 
0.000000 0.000000 0.000000 1.000000 

Palm_L
0.582885 -0.618189 -0.527340 0.159057 
0.504505 -0.233406 0.831262 1.225829 
-0.636961 -0.750576 0.175831 2.206383 
0.000000 0.000000 0.000000 1.000000 

Palm_L.001
-0.575176 -0.576031 -0.580828 -0.068585 
0.813590 -0.328933 -0.479454 1.139880 
0.085127 -0.748325 0.657847 1.929991 
0.000000 0.000000 0.000000 1.000000 

Palm_L.002
-0.574553 -0.742751 -0.343817 -0.133608 
0.683511 -0.204350 -0.700753 1.102750 
0.450226 -0.637622 0.625088 1.845519 
0.000000 0.000000 0.000000 1.000000 

Shoulder_R
-0.860699 0.508367 -0.027581 -0.050851 
-0.458590 -0.797675 -0.391676 0.834268 
-0.221116 -0.324466 0.919690 2.491902 
0.000000 0.000000 0.000000 1.000000 

Shoulder_R.001
-0.967289 0.126213 -0.220052 0.052700 
0.143226 -0.444245 -0.884383 0.671786 
-0.209378 -0.886971 0.411636 2.425810 
0.000000 0.000000 0.000000 1.000000 

Arm_R
-0.954470 0.230040 -0.189920 0.063145 
0.173352 -0.090404 -0.980702 0.635023 
-0.242770 -0.968973 0.046410 2.352409 
0.000000 0.000000 0.000000 1.000000 

Palm_R
-0.802083 -0.577370 -0.152669 0.138314 
0.208901 -0.031755 -0.977421 0.605482 
0.559485 -0.815865 0.146083 2.035781 
0.000000 0.000000 0.000000 1.000000 

Palm_R.001
0.193780 -0.578860 -0.792068 -0.074296 
0.979745 0.072610 0.186629 0.593789 
-0.050520 -0.812188 0.581204 1.735347 
0.000000 0.000000 0.000000 1.000000 

Palm_R.002
0.145874 -0.764528 -0.627869 -0.139639 
0.969984 -0.014286 0.242754 0.601985 
-0.194561 -0.644434 0.739494 1.643666 
0.000000 0.000000 0.000000 1.000000 

Brreast_L
0.066898 -0.997036 0.037992 -0.186084 
0.859626 0.076925 0.505101 0.906801 
-0.506526 -0.001131 0.862224 2.270621 
0.000000 0.000000 0.000000 1.000000 

Brreast_R
-0.463841 -0.842951 0.272556 -0.117435 
0.702689 -0.537422 -0.466268 0.696446 
0.539518 -0.024752 0.841610 2.270302 
0.000000 0.000000 0.000000 1.000000 

Ass_L
0.912323 -0.376103 -0.161907 -0.035811 
0.378896 0.925327 -0.014468 0.859768 
0.155258 -0.048146 0.986700 1.663460 
0.000000 0.000000 0.000000 1.000000 

Leg_L
0.975981 -0.215695 0.030619 -0.100881 
-0.044673 -0.060585 0.997163 1.019859 
-0.213228 -0.974580 -0.068765 1.655130 
0.000000 0.000000 0.000000 1.000000 

Leg_L.001
0.950706 0.306802 0.045085 -0.253215 
-0.044781 -0.008034 0.998965 0.977071 
0.306846 -0.951740 0.006101 0.966833 
0.000000 0.000000 0.000000 1.000000 

Leg_L.002
-0.048755 0.299174 0.952953 0.018932 
-0.994327 -0.104838 -0.017959 0.969945 
0.094533 -0.948422 0.302588 0.122597 
0.000000 0.000000 0.000000 1.000000 

Leg_L.003
0.143450 -0.938509 -0.314046 0.042554 
0.988445 0.151573 -0.001466 0.961667 
0.048976 -0.310207 0.949407 0.047712 
0.000000 0.000000 0.000000 1.000000 

Leg_L.004
0.203557 -0.979064 -0.000166 -0.113284 
0.965033 0.200669 -0.168653 0.986835 
0.165156 0.034170 0.985676 -0.003797 
0.000000 0.000000 0.000000 1.000000 

Ass_R
-0.909026 0.384136 0.161592 -0.035811 
-0.416203 -0.817127 -0.398847 0.859768 
-0.021171 -0.429817 0.902668 1.663460 
0.000000 0.000000 0.000000 1.000000 

Leg_R
-0.756532 -0.524961 -0.389968 0.030648 
0.379344 0.133459 -0.915581 0.718397 
0.532689 -0.840598 0.098175 1.589097 
0.000000 0.000000 0.000000 1.000000 

Leg_R.001
-0.829967 0.434110 -0.350292 -0.340105 
0.225025 -0.314046 -0.922355 0.812652 
-0.510412 -0.844348 0.162962 0.995425 
0.000000 0.000000 0.000000 1.000000 

Leg_R.002
-0.322280 0.510116 0.797445 0.044970 
-0.945060 -0.222095 -0.239866 0.534079 
0.054749 -0.830937 0.553667 0.246450 
0.000000 0.000000 0.000000 1.000000 

Leg_R.003
0.223740 -0.410913 -0.883794 0.085247 
0.972190 0.029713 0.232303 0.516543 
-0.069196 -0.911191 0.406133 0.180841 
0.000000 0.000000 0.000000 1.000000 

Leg_R.004
0.166972 -0.884558 -0.435521 0.017016 
0.985932 0.153231 0.066775 0.521477 
0.007669 -0.440544 0.897699 0.029540 
0.000000 0.000000 0.000000 1.000000 

Frame 4
Base
1.000000 0.000000 0.000000 0.000000 
0.000000 0.000000 -1.000000 0.000000 
0.000000 1.000000 0.000000 0.000000 
0.000000 0.000000 0.000000 1.000000 

Ass
-0.492814 -0.068294 0.867450 0.012434 
0.870107 -0.030657 0.491909 0.881614 
-0.007001 0.997194 0.074531 1.039182 
0.000000 0.000000 0.000000 1.000000 

Back
-0.508450 -0.226947 0.830647 -0.025168 
0.860585 -0.167021 0.481142 0.864735 
0.029541 0.959478 0.280229 1.588230 
0.000000 0.000000 0.000000 1.000000 

Torso
0.407658 0.066145 -0.910736 -0.096100 
-0.912050 -0.019113 -0.409635 0.812533 
-0.044502 0.997627 0.052536 1.888113 
0.000000 0.000000 0.000000 1.000000 

Neck
0.324396 -0.330958 0.886134 -0.061207 
0.942210 0.030146 -0.333665 0.802451 
0.083715 0.943164 0.321611 2.414371 
0.000000 0.000000 0.000000 1.000000 

Head
0.701081 -0.149120 0.697315 -0.116317 
0.707264 0.270069 -0.653330 0.807471 
-0.090898 0.951224 0.294807 2.571422 
0.000000 0.000000 0.000000 1.000000 

Shoulder_L
0.951790 -0.200949 -0.231765 -0.061207 
0.190264 0.979389 -0.067808 0.802451 
0.240614 0.020442 0.970406 2.414371 
0.000000 0.000000 0.000000 1.000000 

Shoulder_L.001
0.478652 0.232455 -0.846674 -0.102140 
0.438913 0.771830 0.460037 1.001947 
0.760426 -0.591814 0.267411 2.418535 
0.000000 0.000000 0.000000 1.000000 

Arm_L
0.453040 0.434906 -0.778210 -0.082903 
0.510898 0.588707 0.626424 1.065819 
0.730574 -0.681381 0.044515 2.369560 
0.000000 0.000000 0.000000 1.000000 

Palm_L
0.408745 -0.464849 -0.785393 0.059210 
0.682805 -0.415243 0.601124 1.258189 
-0.605561 -0.781978 0.147672 2.146907 
0.000000 0.000000 0.000000 1.000000 

Palm_L.001
-0.819878 -0.393038 -0.416319 -0.111966 
0.569931 -0.490946 -0.658902 1.105280 
0.054583 -0.777491 0.626521 1.858951 
0.000000 0.000000 0.000000 1.000000 

Palm_L.002
-0.793396 -0.597332 -0.117123 -0.156332 
0.441318 -0.431946 -0.786551 1.049861 
0.419241 -0.675734 0.606318 1.771187 
0.000000 0.000000 0.000000 1.000000 

Shoulder_R
-0.805606 0.592302 -0.013339 -0.061207 
-0.528585 -0.728747 -0.435346 0.802451 
-0.267577 -0.343666 0.900165 2.414371 
0.000000 0.000000 0.000000 1.000000 

Shoulder_R.001
-0.680817 -0.292847 -0.671364 0.059441 
0.716526 -0.456395 -0.527536 0.654009 
-0.151919 -0.840205 0.520554 2.344368 
0.000000 0.000000 0.000000 1.000000 

Arm_R
-0.659104 -0.019228 -0.751807 0.035207 
0.731701 -0.247383 -0.635150 0.616241 
-0.173771 -0.968727 0.177120 2.274837 
0.000000 0.000000 0.000000 1.000000 

Palm_R
-0.462886 -0.534896 -0.706840 0.028924 
0.717697 0.241845 -0.653010 0.535404 
0.520238 -0.809566 0.271947 1.958289 
0.000000 0.000000 0.000000 1.000000 

Palm_R.001
0.747743 -0.472014 -0.466995 -0.168046 
0.639917 0.324621 0.696512 0.624461 
-0.177168 -0.819649 0.544782 1.660175 
0.000000 0.000000 0.000000 1.000000 

Palm_R.002
0.620802 -0.776632 -0.107003 -0.221328 
0.630600 0.413589 0.656726 0.661105 
-0.465779 -0.475173 0.746500 1.567651 
0.000000 0.000000 0.000000 1.000000 

Brreast_L
-0.026987 -0.999500 -0.016498 -0.199647 
0.886886 -0.031554 0.460909 0.872723 
-0.461199 -0.002193 0.887295 2.194788 
0.000000 0.000000 0.000000 1.000000 

Brreast_R
-0.536992 -0.781300 0.318134 -0.108751 
0.620507 -0.621310 -0.478482 0.671362 
0.571498 -0.059537 0.818441 2.184301 
0.000000 0.000000 0.000000 1.000000 

Ass_L
0.866022 -0.461096 -0.193383 -0.025168 
0.461238 0.886028 -0.047066 0.864735 
0.193045 -0.048435 0.979994 1.588230 
0.000000 0.000000 0.000000 1.000000 

Leg_L
0.873616 -0.351480 0.336537 -0.104942 
-0.326533 0.089342 0.940954 1.018027 
-0.360793 -0.931923 -0.036719 1.579850 
0.000000 0.000000 0.000000 1.000000 

Leg_L.001
0.832806 0.419956 0.360657 -0.353175 
-0.338740 -0.128684 0.932038 1.081125 
0.437826 -0.898375 0.035087 0.921680 
0.000000 0.000000 0.000000 1.000000 

Leg_L.002
-0.380040 0.399138 0.834422 0.019345 
-0.922227 -0.232933 -0.308610 0.966976 
0.071186 -0.886809 0.456620 0.124781 
0.000000 0.000000 0.000000 1.000000 

Leg_L.003
0.441845 -0.812138 -0.381059 0.050860 
0.894777 0.429459 0.122222 0.948584 
0.064388 -0.394967 0.916436 0.054761 
0.000000 0.000000 0.000000 1.000000 

Leg_L.004
0.477157 -0.871384 -0.114071 -0.083994 
0.857218 0.490093 -0.158070 1.019895 
0.193645 -0.022360 0.980817 -0.010823 
0.000000 0.000000 0.000000 1.000000 

Ass_R
-0.862530 0.473676 0.177970 -0.025168 
-0.504678 -0.779831 -0.370357 0.864735 
-0.036642 -0.409261 0.911681 1.588230 
0.000000 0.000000 0.000000 1.000000 

Leg_R
-0.766364 -0.630670 -0.122236 0.056783 
0.226638 -0.087386 -0.970052 0.729816 
0.601100 -0.771116 0.209903 1.517424 
0.000000 0.000000 0.000000 1.000000 

Leg_R.001
-0.872747 0.482331 -0.075304 -0.388627 
-0.067124 -0.271358 -0.960136 0.668100 
-0.483538 -0.832900 0.269203 0.972823 
0.000000 0.000000 0.000000 1.000000 

Leg_R.002
-0.044119 0.536792 0.842561 0.039223 
-0.985954 -0.159385 0.049916 0.427392 
0.161086 -0.828523 0.536285 0.234003 
0.000000 0.000000 0.000000 1.000000 

Leg_R.003
-0.063131 -0.392817 -0.917448 0.081606 
0.985466 -0.169804 0.004892 0.414808 
-0.157708 -0.903805 0.397827 0.168585 
0.000000 0.000000 0.000000 1.000000 

Leg_R.004
-0.139328 -0.875614 -0.462481 0.016380 
0.988033 -0.154135 -0.005834 0.386612 
-0.066176 -0.457760 0.886610 0.018510 
0.000000 0.000000 0.000000 1.000000 

Frame 5
Base
1.000000 0.000000 0.000000 0.000000 
0.000000 0.000000 -1.000000 0.000000 
0.000000 1.000000 0.000000 0.000000 
0.000000 0.000000 0.000000 1.000000 

Ass
-0.546940 -0.065360 0.834616 0.022016 
0.837123 -0.031972 0.546079 0.883633 
-0.009007 0.997349 0.072201 0.960878 
0.000000 0.000000 0.000000 1.000000 

Back
-0.574623 -0.257778 0.776762 -0.013971 
0.818147 -0.205365 0.537086 0.866030 
0.021071 0.944127 0.328907 1.510012 
0.000000 0.000000 0.000000 1.000000 

Torso
0.479471 0.032225 -0.876966 -0.094539 
-0.875247 -0.054908 -0.480549 0.801843 
-0.063639 0.997971 0.001878 1.805097 
0.000000 0.000000 0.000000 1.000000 

Neck
0.279068 -0.325903 0.903277 -0.077539 
0.954372 -0.009982 -0.298455 0.772879 
0.106284 0.945351 0.308247 2.331536 
0.000000 0.000000 0.000000 1.000000 

Head
0.674510 -0.152618 0.722319 -0.131807 
0.734464 0.237884 -0.635589 0.771217 
-0.074826 0.959228 0.272548 2.488952 
0.000000 0.000000 0.000000 1.000000 

Shoulder_L
0.925134 -0.278389 -0.258123 -0.077539 
0.252329 0.958894 -0.129815 0.772879 
0.283651 0.054965 0.957351 2.331536 
0.000000 0.000000 0.000000 1.000000 

Shoulder_L.001
0.347221 0.040625 -0.936903 -0.134246 
0.561875 0.790871 0.242527 0.968200 
0.750822 -0.610633 0.251781 2.342732 
0.000000 0.000000 0.000000 1.000000 

Arm_L
0.307130 0.283002 -0.908615 -0.130884 
0.623534 0.661437 0.416782 1.033648 
0.718941 -0.694558 0.026686 2.292200 
0.000000 0.000000 0.000000 1.000000 

Palm_L
0.262629 -0.320026 -0.910280 -0.038408 
0.791584 -0.467989 0.392913 1.249784 
-0.551743 -0.823754 0.130420 2.065241 
0.000000 0.000000 0.000000 1.000000 

Palm_L.001
-0.932415 -0.232700 -0.276505 -0.156254 
0.359761 -0.525050 -0.771295 1.077452 
0.034302 -0.818641 0.573280 1.761902 
0.000000 0.000000 0.000000 1.000000 

Palm_L.002
-0.892234 -0.449338 0.044893 -0.182522 
0.220840 -0.520895 -0.824560 1.018183 
0.393891 -0.725785 0.563992 1.669493 
0.000000 0.000000 0.000000 1.000000 

Shoulder_R
-0.755182 0.655225 -0.019508 -0.077539 
-0.574267 -0.675639 -0.462309 0.772879 
-0.316097 -0.337924 0.886504 2.331536 
0.000000 0.000000 0.000000 1.000000 

Shoulder_R.001
-0.480506 -0.442225 -0.757332 0.055926 
0.863212 -0.390971 -0.319386 0.635255 
-0.154855 -0.807205 0.569597 2.262703 
0.000000 0.000000 0.000000 1.000000 

Arm_R
-0.457031 -0.134082 -0.879287 0.019331 
0.872025 -0.262274 -0.413262 0.602900 
-0.175204 -0.955633 0.236790 2.195904 
0.000000 0.000000 0.000000 1.000000 

Palm_R
-0.244263 -0.492360 -0.835415 -0.024483 
0.835000 0.331255 -0.439369 0.517198 
0.493062 -0.804893 0.330208 1.883634 
0.000000 0.000000 0.000000 1.000000 

Palm_R.001
0.875879 -0.411214 -0.252468 -0.205789 
0.420793 0.394852 0.816716 0.639179 
-0.236158 -0.821581 0.518878 1.587241 
0.000000 0.000000 0.000000 1.000000 

Palm_R.002
0.699846 -0.695210 0.164014 -0.252208 
0.432343 0.595059 0.677485 0.683750 
-0.568592 -0.403224 0.717017 1.494499 
0.000000 0.000000 0.000000 1.000000 

Brreast_L
-0.095127 -0.993058 -0.069183 -0.214444 
0.896040 -0.115695 0.428635 0.840552 
-0.433664 -0.021216 0.900825 2.110659 
0.000000 0.000000 0.000000 1.000000 

Brreast_R
-0.595096 -0.726995 0.342549 -0.107247 
0.555605 -0.680140 -0.478240 0.647796 
0.580659 -0.094277 0.808670 2.095571 
0.000000 0.000000 0.000000 1.000000 

Ass_L
0.827136 -0.517615 -0.218910 -0.013971 
0.514223 0.854209 -0.076832 0.866030 
0.226764 -0.049018 0.972716 1.510012 
0.000000 0.000000 0.000000 1.000000 

Leg_L
0.746471 -0.405584 0.527526 -0.103523 
-0.465894 0.247475 0.849529 1.013817 
-0.475104 -0.879920 -0.004226 1.501532 
0.000000 0.000000 0.000000 1.000000 

Leg_L.001
0.687274 0.468106 0.555456 -0.389967 
-0.500888 -0.248408 0.829099 1.188596 
0.526086 -0.848039 0.063744 0.880089 
0.000000 0.000000 0.000000 1.000000 

Leg_L.002
-0.584698 0.434653 0.684986 0.025265 
-0.810073 -0.358311 -0.464108 0.968247 
0.043712 -0.826251 0.561605 0.127839 
0.000000 0.000000 0.000000 1.000000 

Leg_L.003
0.622004 -0.673595 -0.399227 0.059584 
0.779485 0.581028 0.234115 0.939955 
0.074264 -0.456813 0.886458 0.062601 
0.000000 0.000000 0.000000 1.000000 

Leg_L.004
0.636645 -0.747382 -0.190013 -0.052266 
0.741600 0.660931 -0.114895 1.036434 
0.211456 -0.067767 0.975036 -0.013252 
0.000000 0.000000 0.000000 1.000000 

Ass_R
-0.824493 0.537096 0.178158 -0.013971 
-0.563290 -0.748947 -0.348974 0.866030 
-0.054002 -0.388081 0.920042 1.510012 
0.000000 0.000000 0.000000 1.000000 

Leg_R
-0.724784 -0.666690 0.173823 0.078953 
0.087484 -0.339303 -0.936601 0.736454 
0.683400 -0.663626 0.304246 1.442870 
0.000000 0.000000 0.000000 1.000000 

Leg_R.001
-0.844753 0.486611 0.222718 -0.391897 
-0.361606 -0.212226 -0.907856 0.496821 
-0.394506 -0.847449 0.355239 0.974185 
0.000000 0.000000 0.000000 1.000000 

Leg_R.002
0.253621 0.510527 0.821608 0.039750 
-0.935354 -0.087063 0.342833 0.308568 
0.246557 -0.855443 0.455443 0.222458 
0.000000 0.000000 0.000000 1.000000 

Leg_R.003
-0.360807 -0.356648 -0.861755 0.080059 
0.906992 -0.349385 -0.235150 0.301693 
-0.217218 -0.866449 0.449537 0.154915 
0.000000 0.000000 0.000000 1.000000 

Leg_R.004
-0.443591 -0.791951 -0.419574 0.020838 
0.889522 -0.446215 -0.098204 0.243679 
-0.109447 -0.416782 0.902394 0.011043 
0.000000 0.000000 0.000000 1.000000 

Frame 6
Base
1.000000 0.000000 0.000000 0.000000 
0.000000 0.000000 -1.000000 0.000000 
0.000000 1.000000 0.000000 0.000000 
0.000000 0.000000 0.000000 1.000000 

Ass
-0.584310 -0.063469 0.809045 0.032376 
0.811461 -0.032581 0.583498 0.883136 
-0.010674 0.997452 0.070540 0.881918 
0.000000 0.000000 0.000000 1.000000 

Back
-0.623352 -0.290249 0.726077 -0.002569 
0.781856 -0.245066 0.573274 0.865197 
0.011544 0.925039 0.379696 1.431108 
0.000000 0.000000 0.000000 1.000000 

Torso
0.534210 -0.010586 -0.845286 -0.093286 
-0.843249 -0.077160 -0.531956 0.788602 
-0.059591 0.996963 -0.050147 1.720228 
0.000000 0.000000 0.000000 1.000000 

Neck
0.239909 -0.326963 0.914078 -0.098871 
0.963838 -0.032309 -0.264525 0.747900 
0.116022 0.944485 0.307388 2.246135 
0.000000 0.000000 0.000000 1.000000 

Head
0.650866 -0.161269 0.741866 -0.153315 
0.756371 0.221911 -0.615352 0.742520 
-0.065391 0.961638 0.266414 2.403406 
0.000000 0.000000 0.000000 1.000000 

Shoulder_L
0.894312 -0.338843 -0.292219 -0.098871 
0.299553 0.938535 -0.171521 0.747900 
0.332377 0.065858 0.940844 2.246135 
0.000000 0.000000 0.000000 1.000000 

Shoulder_L.001
0.245092 -0.062538 -0.967481 -0.167891 
0.595916 0.796864 0.099454 0.939074 
0.764731 -0.600913 0.232572 2.259550 
0.000000 0.000000 0.000000 1.000000 

Arm_L
0.198254 0.197914 -0.959961 -0.173066 
0.651163 0.705431 0.279918 1.005018 
0.732586 -0.680586 0.010980 2.209822 
0.000000 0.000000 0.000000 1.000000 

Palm_L
0.165146 -0.224984 -0.960265 -0.108394 
0.848682 -0.463606 0.254575 1.235529 
-0.502459 -0.857002 0.114377 1.987429 
0.000000 0.000000 0.000000 1.000000 

Palm_L.001
-0.974501 -0.130673 -0.182412 -0.191242 
0.223816 -0.508115 -0.831701 1.064811 
0.015995 -0.851319 0.524405 1.671847 
0.000000 0.000000 0.000000 1.000000 

Palm_L.002
-0.926272 -0.348501 0.143420 -0.205993 
0.072944 -0.539168 -0.839034 1.007455 
0.369732 -0.766710 0.524837 1.575749 
0.000000 0.000000 0.000000 1.000000 

Shoulder_R
-0.707394 0.705586 -0.041754 -0.098871 
-0.607158 -0.636834 -0.475187 0.747900 
-0.361876 -0.310793 0.878894 2.246135 
0.000000 0.000000 0.000000 1.000000 

Shoulder_R.001
-0.583968 -0.366026 -0.724574 0.044853 
0.799202 -0.415727 -0.434105 0.618180 
-0.142331 -0.832584 0.535300 2.182828 
0.000000 0.000000 0.000000 1.000000 

Arm_R
-0.559522 -0.059720 -0.826662 0.014563 
0.810363 -0.248715 -0.530522 0.583777 
-0.173920 -0.966734 0.187557 2.113928 
0.000000 0.000000 0.000000 1.000000 

Palm_R
-0.328395 -0.527396 -0.783588 -0.004951 
0.754534 0.352565 -0.553513 0.502505 
0.568186 -0.773015 0.282157 1.798031 
0.000000 0.000000 0.000000 1.000000 

Palm_R.001
0.826134 -0.453414 -0.334543 -0.199159 
0.530462 0.425586 0.733135 0.632334 
-0.190037 -0.783130 0.592109 1.513377 
0.000000 0.000000 0.000000 1.000000 

Palm_R.002
0.648586 -0.755193 0.094976 -0.250341 
0.554919 0.554569 0.620096 0.680374 
-0.520963 -0.349481 0.778756 1.424976 
0.000000 0.000000 0.000000 1.000000 

Brreast_L
-0.144264 -0.981785 -0.123636 -0.230552 
0.893592 -0.182926 0.409917 0.811843 
-0.425067 -0.051344 0.903705 2.021491 
0.000000 0.000000 0.000000 1.000000 

Brreast_R
-0.645875 -0.678393 0.350183 -0.110828 
0.507263 -0.724135 -0.467239 0.626681 
0.570552 -0.124144 0.811825 2.006966 
0.000000 0.000000 0.000000 1.000000 

Ass_L
0.794367 -0.557617 -0.240926 -0.002569 
0.550083 0.828600 -0.104073 0.865197 
0.257664 -0.049857 0.964947 1.431108 
0.000000 0.000000 0.000000 1.000000 

Leg_L
0.643431 -0.427635 0.634922 -0.099043 
-0.511335 0.377144 0.772204 1.008554 
-0.569678 -0.821517 0.024001 1.422483 
0.000000 0.000000 0.000000 1.000000 

Leg_L.001
0.564682 0.489575 0.664419 -0.401060 
-0.575352 -0.343656 0.742207 1.274911 
0.591697 -0.801385 0.087621 0.842286 
0.000000 0.000000 0.000000 1.000000 

Leg_L.002
-0.700083 0.446512 0.557236 0.033215 
-0.713803 -0.458594 -0.529317 0.970073 
0.019199 -0.768323 0.639775 0.131421 
0.000000 0.000000 0.000000 1.000000 

Leg_L.003
0.722568 -0.564945 -0.398414 0.068470 
0.687037 0.650757 0.323257 0.933864 
0.076649 -0.507300 0.858354 0.070757 
0.000000 0.000000 0.000000 1.000000 

Leg_L.004
0.722588 -0.649773 -0.235929 -0.025338 
0.655687 0.752332 -0.063802 1.041921 
0.218954 -0.108594 0.969674 -0.013479 
0.000000 0.000000 0.000000 1.000000 

Ass_R
-0.793001 0.585184 0.169437 -0.002569 
-0.604919 -0.723343 -0.332941 0.865197 
-0.072271 -0.366519 0.927600 1.431108 
0.000000 0.000000 0.000000 1.000000 

Leg_R
-0.647819 -0.638950 0.414818 0.098673 
0.007055 -0.549537 -0.835440 0.740051 
0.761762 -0.538287 0.360508 1.367697 
0.000000 0.000000 0.000000 1.000000 

Leg_R.001
-0.766029 0.447924 0.461047 -0.352584 
-0.583470 -0.183531 -0.791126 0.351941 
-0.269748 -0.875032 0.401939 0.987532 
0.000000 0.000000 0.000000 1.000000 

Leg_R.002
0.488262 0.442374 0.752267 0.044744 
-0.822106 -0.056076 0.566567 0.189141 
0.292818 -0.895076 0.336299 0.211338 
0.000000 0.000000 0.000000 1.000000 

Leg_R.003
-0.587292 -0.319672 -0.743571 0.079673 
0.775237 -0.486175 -0.403290 0.184713 
-0.232585 -0.813293 0.533348 0.140666 
0.000000 0.000000 0.000000 1.000000 

Leg_R.004
-0.664397 -0.672358 -0.326362 0.026592 
0.739769 -0.653780 -0.159107 0.103985 
-0.106392 -0.347142 0.931758 0.005620 
0.000000 0.000000 0.000000 1.000000 

Frame 7
Base
1.000000 0.000000 0.000000 0.000000 
0.000000 0.000000 -1.000000 0.000000 
0.000000 1.000000 0.000000 0.000000 
0.000000 0.000000 0.000000 1.000000 

Ass
-0.610945 -0.062283 0.789219 0.043178 
0.791580 -0.032794 0.610185 0.881038 
-0.012123 0.997520 0.069337 0.803435 
0.000000 0.000000 0.000000 1.000000 

Back
-0.660372 -0.322695 0.678068 0.008885 
0.750938 -0.284975 0.595720 0.862982 
0.000997 0.902584 0.430513 1.352663 
0.000000 0.000000 0.000000 1.000000 

Torso
0.576843 -0.049014 -0.815383 -0.091972 
-0.815110 -0.099749 -0.570654 0.773914 
-0.053364 0.993805 -0.097491 1.634763 
0.000000 0.000000 0.000000 1.000000 

Neck
0.205971 -0.323096 0.923680 -0.117827 
0.970788 -0.051245 -0.234401 0.721295 
0.123068 0.944978 0.303103 2.159005 
0.000000 0.000000 0.000000 1.000000 

Head
0.628452 -0.164214 0.760317 -0.171628 
0.775498 0.208205 -0.596032 0.712762 
-0.060425 0.964202 0.258195 2.316358 
0.000000 0.000000 0.000000 1.000000 

Shoulder_L
0.863981 -0.387247 -0.321833 -0.117827 
0.334215 0.919102 -0.208692 0.721295 
0.376612 0.072745 0.923511 2.159005 
0.000000 0.000000 0.000000 1.000000 

Shoulder_L.001
0.176466 -0.123327 -0.976550 -0.196707 
0.580253 0.814433 0.002000 0.908511 
0.795089 -0.566999 0.215281 2.173822 
0.000000 0.000000 0.000000 1.000000 

Arm_L
0.126238 0.145709 -0.981241 -0.206913 
0.632331 0.750331 0.192770 0.975909 
0.764344 -0.644803 0.002584 2.126901 
0.000000 0.000000 0.000000 1.000000 

Palm_L
0.101661 -0.164787 -0.981076 -0.159300 
0.893646 -0.418187 0.162842 1.221092 
-0.437107 -0.893289 0.104748 1.916200 
0.000000 0.000000 0.000000 1.000000 

Palm_L.001
-0.990404 -0.067107 -0.120819 -0.219981 
0.138145 -0.454783 -0.879824 1.067100 
0.004096 -0.888071 0.459689 1.587256 
0.000000 0.000000 0.000000 1.000000 

Palm_L.002
-0.937039 -0.283217 0.204324 -0.227556 
-0.033143 -0.510314 -0.859350 1.015763 
0.347652 -0.812015 0.468797 1.487009 
0.000000 0.000000 0.000000 1.000000 

Shoulder_R
-0.664985 0.743971 -0.065587 -0.117827 
-0.629095 -0.605300 -0.487700 0.721295 
-0.402535 -0.283053 0.870544 2.159005 
0.000000 0.000000 0.000000 1.000000 

Shoulder_R.001
-0.697691 -0.265066 -0.665558 0.033716 
0.704399 -0.423149 -0.569883 0.597999 
-0.130573 -0.866421 0.481940 2.101348 
0.000000 0.000000 0.000000 1.000000 

Arm_R
-0.672390 0.025220 -0.739768 0.011780 
0.720614 -0.206071 -0.662005 0.562982 
-0.169141 -0.978212 0.120386 2.029649 
0.000000 0.000000 0.000000 1.000000 

Palm_R
-0.437812 -0.566662 -0.698008 0.020022 
0.645664 0.342099 -0.682705 0.495644 
0.625650 -0.749575 0.216099 1.710001 
0.000000 0.000000 0.000000 1.000000 

Palm_R.001
0.742719 -0.503872 -0.441003 -0.188646 
0.657736 0.425530 0.621538 0.621619 
-0.125516 -0.751690 0.647463 1.433978 
0.000000 0.000000 0.000000 1.000000 

Palm_R.002
0.566042 -0.824377 -0.001138 -0.245524 
0.686397 0.470536 0.554487 0.669653 
-0.456571 -0.314644 0.832192 1.349126 
0.000000 0.000000 0.000000 1.000000 

Brreast_L
-0.184476 -0.968002 -0.170121 -0.244134 
0.888499 -0.238248 0.392183 0.782937 
-0.420165 -0.078804 0.904020 1.931131 
0.000000 0.000000 0.000000 1.000000 

Brreast_R
-0.686072 -0.635304 0.354533 -0.114571 
0.465404 -0.757801 -0.457314 0.604550 
0.559200 -0.148750 0.815579 1.917688 
0.000000 0.000000 0.000000 1.000000 

Ass_L
0.766699 -0.586731 -0.260614 0.008885 
0.574647 0.808181 -0.128937 0.862982 
0.286275 -0.050905 0.956795 1.352663 
0.000000 0.000000 0.000000 1.000000 

Leg_L
