simple game object export addon
Bones 32
[
Base root
1.000000 0.000000 0.000000 0.000000 
0.000000 0.000000 -1.000000 0.000000 
0.000000 1.000000 0.000000 0.000000 
0.000000 0.000000 0.000000 1.000000 

Ass Base
1.000000 -0.000000 0.000000 0.000000 
0.000000 0.083750 -0.996487 0.000000 
0.000000 0.996487 0.083750 1.345027 
0.000000 0.000000 0.000000 1.000000 

Back Ass
1.000000 -0.000000 -0.000000 -0.000000 
-0.000000 0.377037 -0.926198 0.046112 
0.000000 0.926198 0.377037 1.893685 
0.000000 0.000000 0.000000 1.000000 

Torso Back
-1.000000 -0.000000 -0.000000 -0.000000 
-0.000000 -0.237962 0.971274 0.163954 
-0.000000 0.971275 0.237962 2.183167 
0.000000 0.000000 0.000000 1.000000 

Neck Torso
1.000000 -0.000000 -0.000000 -0.000000 
-0.000000 0.246154 -0.969231 0.038427 
0.000000 0.969231 0.246154 2.695523 
0.000000 0.000000 0.000000 1.000000 

Head Neck
1.000000 -0.000000 -0.000000 -0.000000 
-0.000000 0.151183 -0.988506 0.079415 
0.000000 0.988506 0.151183 2.856915 
0.000000 0.000000 0.000000 1.000000 

Shoulder_L Torso
-0.177092 0.907376 0.381192 -0.000000 
-0.980619 -0.195659 0.010171 0.038427 
0.083813 -0.372003 0.924440 2.695523 
0.000000 0.000000 0.000000 1.000000 

Shoulder_L.001 Shoulder_L
0.006966 0.422173 0.906489 0.184828 
-0.997600 -0.059518 0.035385 -0.001428 
0.068891 -0.904560 0.420745 2.619748 
0.000000 0.000000 0.000000 1.000000 

Arm_L Shoulder_L.001
0.024100 0.150931 0.988250 0.219764 
-0.999522 -0.015499 0.026742 -0.006353 
0.019353 -0.988423 0.150485 2.544892 
0.000000 0.000000 0.000000 1.000000 

Palm_L Arm_L
0.013438 0.239722 0.970749 0.269083 
-0.982909 0.181427 -0.031197 -0.011418 
-0.183599 -0.953739 0.238063 2.221908 
0.000000 0.000000 0.000000 1.000000 

Palm_L.001 Palm_L
0.990173 0.139796 0.003833 0.357358 
-0.033181 0.208223 0.977518 0.055391 
0.135855 -0.968039 0.210815 1.870703 
0.000000 0.000000 0.000000 1.000000 

Palm_L.002 Palm_L.001
0.992941 0.092725 0.073963 0.373139 
-0.092725 0.217990 0.971536 0.078895 
0.073963 -0.971536 0.225049 1.761430 
0.000000 0.000000 0.000000 1.000000 

Shoulder_R Torso
-0.177092 -0.907376 -0.381192 -0.000000 
0.980619 -0.195659 0.010171 0.038427 
-0.083813 -0.372003 0.924440 2.695523 
0.000000 0.000000 0.000000 1.000000 

Shoulder_R.001 Shoulder_R
0.006966 -0.422173 -0.906489 -0.184828 
0.997600 -0.059518 0.035385 -0.001428 
-0.068891 -0.904560 0.420745 2.619748 
0.000000 0.000000 0.000000 1.000000 

Arm_R Shoulder_R.001
0.024101 -0.150931 -0.988251 -0.219764 
0.999522 -0.015499 0.026742 -0.006353 
-0.019353 -0.988423 0.150485 2.544892 
0.000000 0.000000 0.000000 1.000000 

Palm_R Arm_R
0.013438 -0.239722 -0.970749 -0.269083 
0.982910 0.181427 -0.031197 -0.011418 
0.183599 -0.953739 0.238063 2.221908 
0.000000 0.000000 0.000000 1.000000 

Palm_R.001 Palm_R
0.990173 -0.139796 -0.003832 -0.357358 
0.033181 0.208223 0.977518 0.055391 
-0.135855 -0.968040 0.210815 1.870703 
0.000000 0.000000 0.000000 1.000000 

Palm_R.002 Palm_R.001
0.992941 -0.092725 -0.073963 -0.373139 
0.092725 0.217990 0.971536 0.078895 
-0.073963 -0.971536 0.225049 1.761430 
0.000000 0.000000 0.000000 1.000000 

Brreast_L Torso
0.809262 0.288701 0.511612 0.110669 
-0.186608 0.952134 -0.242112 0.174772 
-0.557021 0.100461 0.824400 2.491075 
0.000000 0.000000 0.000000 1.000000 

Brreast_R Torso
0.809262 -0.288701 -0.511612 -0.110669 
0.186608 0.952134 -0.242112 0.174772 
0.557021 0.100461 0.824400 2.491075 
0.000000 0.000000 0.000000 1.000000 

Ass_L Ass
-0.000000 0.888426 0.459021 -0.000000 
-1.000000 -0.000000 -0.000000 0.046112 
0.000000 -0.459021 0.888426 1.893685 
0.000000 0.000000 0.000000 1.000000 

Leg_L Ass_L
0.001736 0.065292 0.997865 0.153707 
-0.999643 0.026731 -0.000009 0.046112 
-0.026674 -0.997508 0.065315 1.814270 
0.000000 0.000000 0.000000 1.000000 

Leg_L.001 Leg_L
-0.020150 0.139733 0.989984 0.199819 
-0.989884 -0.141884 -0.000122 0.064991 
0.140446 -0.979972 0.141178 1.109780 
0.000000 0.000000 0.000000 1.000000 

Leg_L.002 Leg_L.001
-0.998196 0.059475 0.008213 0.323768 
-0.015069 -0.115771 -0.993162 -0.060867 
-0.058118 -0.991494 0.116459 0.240501 
0.000000 0.000000 0.000000 1.000000 

Leg_L.003 Leg_L.002
0.994996 0.098983 0.013599 0.328464 
-0.087450 0.796954 0.597677 -0.070008 
0.048322 -0.595876 0.801622 0.162215 
0.000000 0.000000 0.000000 1.000000 

Leg_L.004 Leg_L.003
0.990879 0.134252 -0.011610 0.344900 
-0.104820 0.822055 0.559678 0.062325 
0.084682 -0.553356 0.828629 0.063271 
0.000000 0.000000 0.000000 1.000000 

Ass_R Ass
-0.000000 -0.888426 -0.459021 -0.000000 
1.000000 -0.000000 -0.000000 0.046112 
-0.000000 -0.459021 0.888426 1.893685 
0.000000 0.000000 0.000000 1.000000 

Leg_R Ass_R
0.001736 -0.065292 -0.997865 -0.153707 
0.999643 0.026731 -0.000009 0.046112 
0.026674 -0.997508 0.065315 1.814270 
0.000000 0.000000 0.000000 1.000000 

Leg_R.001 Leg_R
-0.020150 -0.139733 -0.989984 -0.199819 
0.989884 -0.141884 -0.000122 0.064991 
-0.140446 -0.979972 0.141178 1.109780 
0.000000 0.000000 0.000000 1.000000 

Leg_R.002 Leg_R.001
-0.998196 -0.059475 -0.008213 -0.323768 
0.015069 -0.115771 -0.993162 -0.060867 
0.058118 -0.991494 0.116459 0.240501 
0.000000 0.000000 0.000000 1.000000 

Leg_R.003 Leg_R.002
0.994996 -0.098983 -0.013599 -0.328464 
0.087450 0.796954 0.597677 -0.070008 
-0.048322 -0.595876 0.801622 0.162215 
0.000000 0.000000 0.000000 1.000000 

Leg_R.004 Leg_R.003
0.990879 -0.134252 0.011610 -0.344900 
0.104820 0.822055 0.559678 0.062325 
-0.084682 -0.553356 0.828629 0.063271 
0.000000 0.000000 0.000000 1.000000 

];
