simple game object export addon
Bones 1
[
Frames 251
Frame 0
Base
1.000000 0.000000 -0.000000 0.000000 
-0.000000 0.151183 -0.988506 0.079416 
-0.000000 0.988506 0.151183 2.856916 
0.000000 0.000000 0.000000 1.000000 

Frame 1
Base
1.000000 0.000000 -0.000000 0.000000 
-0.000000 0.151183 -0.988506 0.079416 
-0.000000 0.988506 0.151183 2.856916 
0.000000 0.000000 0.000000 1.000000 

Frame 2
Base
1.000000 0.000000 -0.000000 0.000000 
-0.000000 0.151183 -0.988506 0.079416 
-0.000000 0.988506 0.151183 2.856916 
0.000000 0.000000 0.000000 1.000000 

Frame 3
Base
1.000000 0.000000 -0.000000 0.000000 
-0.000000 0.151183 -0.988506 0.079416 
-0.000000 0.988506 0.151183 2.856916 
0.000000 0.000000 0.000000 1.000000 

Frame 4
Base
1.000000 0.000000 -0.000000 0.000000 
-0.000000 0.151183 -0.988506 0.079416 
-0.000000 0.988506 0.151183 2.856916 
0.000000 0.000000 0.000000 1.000000 

Frame 5
Base
1.000000 0.000000 -0.000000 0.000000 
-0.000000 0.151183 -0.988506 0.079416 
-0.000000 0.988506 0.151183 2.856916 
0.000000 0.000000 0.000000 1.000000 

Frame 6
Base
1.000000 0.000000 -0.000000 0.000000 
-0.000000 0.151183 -0.988506 0.079416 
-0.000000 0.988506 0.151183 2.856916 
0.000000 0.000000 0.000000 1.000000 

Frame 7
Base
1.000000 0.000000 -0.000000 0.000000 
-0.000000 0.151183 -0.988506 0.079416 
-0.000000 0.988506 0.151183 2.856916 
0.000000 0.000000 0.000000 1.000000 

Frame 8
Base
1.000000 0.000000 -0.000000 0.000000 
-0.000000 0.151183 -0.988506 0.079416 
-0.000000 0.988506 0.151183 2.856916 
0.000000 0.000000 0.000000 1.000000 

Frame 9
Base
1.000000 0.000000 -0.000000 0.000000 
-0.000000 0.151183 -0.988506 0.079416 
-0.000000 0.988506 0.151183 2.856916 
0.000000 0.000000 0.000000 1.000000 

Frame 10
Base
1.000000 0.000000 -0.000000 0.000000 
-0.000000 0.151183 -0.988506 0.079416 
-0.000000 0.988506 0.151183 2.856916 
0.000000 0.000000 0.000000 1.000000 

Frame 11
Base
1.000000 0.000000 -0.000000 0.000000 
-0.000000 0.151183 -0.988506 0.079416 
-0.000000 0.988506 0.151183 2.856916 
0.000000 0.000000 0.000000 1.000000 

Frame 12
Base
1.000000 0.000000 -0.000000 0.000000 
-0.000000 0.151183 -0.988506 0.079416 
-0.000000 0.988506 0.151183 2.856916 
0.000000 0.000000 0.000000 1.000000 

Frame 13
Base
1.000000 0.000000 -0.000000 0.000000 
-0.000000 0.151183 -0.988506 0.079416 
-0.000000 0.988506 0.151183 2.856916 
0.000000 0.000000 0.000000 1.000000 

Frame 14
Base
1.000000 0.000000 -0.000000 0.000000 
-0.000000 0.151183 -0.988506 0.079416 
-0.000000 0.988506 0.151183 2.856916 
0.000000 0.000000 0.000000 1.000000 

Frame 15
Base
1.000000 0.000000 -0.000000 0.000000 
-0.000000 0.151183 -0.988506 0.079416 
-0.000000 0.988506 0.151183 2.856916 
0.000000 0.000000 0.000000 1.000000 

Frame 16
Base
1.000000 0.000000 -0.000000 0.000000 
-0.000000 0.151183 -0.988506 0.079416 
-0.000000 0.988506 0.151183 2.856916 
0.000000 0.000000 0.000000 1.000000 

Frame 17
Base
1.000000 0.000000 -0.000000 0.000000 
-0.000000 0.151183 -0.988506 0.079416 
-0.000000 0.988506 0.151183 2.856916 
0.000000 0.000000 0.000000 1.000000 

Frame 18
Base
1.000000 0.000000 -0.000000 0.000000 
-0.000000 0.151183 -0.988506 0.079416 
-0.000000 0.988506 0.151183 2.856916 
0.000000 0.000000 0.000000 1.000000 

Frame 19
Base
1.000000 0.000000 -0.000000 0.000000 
-0.000000 0.151183 -0.988506 0.079416 
-0.000000 0.988506 0.151183 2.856916 
0.000000 0.000000 0.000000 1.000000 

Frame 20
Base
1.000000 0.000000 -0.000000 0.000000 
-0.000000 0.151183 -0.988506 0.079416 
-0.000000 0.988506 0.151183 2.856916 
0.000000 0.000000 0.000000 1.000000 

Frame 21
Base
1.000000 0.000000 -0.000000 0.000000 
-0.000000 0.151183 -0.988506 0.079416 
-0.000000 0.988506 0.151183 2.856916 
0.000000 0.000000 0.000000 1.000000 

Frame 22
Base
1.000000 0.000000 -0.000000 0.000000 
-0.000000 0.151183 -0.988506 0.079416 
-0.000000 0.988506 0.151183 2.856916 
0.000000 0.000000 0.000000 1.000000 

Frame 23
Base
1.000000 0.000000 -0.000000 0.000000 
-0.000000 0.151183 -0.988506 0.079416 
-0.000000 0.988506 0.151183 2.856916 
0.000000 0.000000 0.000000 1.000000 

Frame 24
Base
1.000000 0.000000 -0.000000 0.000000 
-0.000000 0.151183 -0.988506 0.079416 
-0.000000 0.988506 0.151183 2.856916 
0.000000 0.000000 0.000000 1.000000 

Frame 25
Base
1.000000 0.000000 -0.000000 0.000000 
-0.000000 0.151183 -0.988506 0.079416 
-0.000000 0.988506 0.151183 2.856916 
0.000000 0.000000 0.000000 1.000000 

Frame 26
Base
1.000000 0.000000 -0.000000 0.000000 
-0.000000 0.151183 -0.988506 0.079416 
-0.000000 0.988506 0.151183 2.856916 
0.000000 0.000000 0.000000 1.000000 

Frame 27
Base
1.000000 0.000000 -0.000000 0.000000 
-0.000000 0.151183 -0.988506 0.079416 
-0.000000 0.988506 0.151183 2.856916 
0.000000 0.000000 0.000000 1.000000 

Frame 28
Base
1.000000 0.000000 -0.000000 0.000000 
-0.000000 0.151183 -0.988506 0.079416 
-0.000000 0.988506 0.151183 2.856916 
0.000000 0.000000 0.000000 1.000000 

Frame 29
Base
1.000000 0.000000 -0.000000 0.000000 
-0.000000 0.151183 -0.988506 0.079416 
-0.000000 0.988506 0.151183 2.856916 
0.000000 0.000000 0.000000 1.000000 

Frame 30
Base
1.000000 0.000000 -0.000000 0.000000 
-0.000000 0.151183 -0.988506 0.079416 
-0.000000 0.988506 0.151183 2.856916 
0.000000 0.000000 0.000000 1.000000 

Frame 31
Base
1.000000 0.000000 -0.000000 0.000000 
-0.000000 0.151183 -0.988506 0.079416 
-0.000000 0.988506 0.151183 2.856916 
0.000000 0.000000 0.000000 1.000000 

Frame 32
Base
1.000000 0.000000 -0.000000 0.000000 
-0.000000 0.151183 -0.988506 0.079416 
-0.000000 0.988506 0.151183 2.856916 
0.000000 0.000000 0.000000 1.000000 

Frame 33
Base
1.000000 0.000000 -0.000000 0.000000 
-0.000000 0.151183 -0.988506 0.079416 
-0.000000 0.988506 0.151183 2.856916 
0.000000 0.000000 0.000000 1.000000 

Frame 34
Base
1.000000 0.000000 -0.000000 0.000000 
-0.000000 0.151183 -0.988506 0.079416 
-0.000000 0.988506 0.151183 2.856916 
0.000000 0.000000 0.000000 1.000000 

Frame 35
Base
1.000000 0.000000 -0.000000 0.000000 
-0.000000 0.151183 -0.988506 0.079416 
-0.000000 0.988506 0.151183 2.856916 
0.000000 0.000000 0.000000 1.000000 

Frame 36
Base
1.000000 0.000000 -0.000000 0.000000 
-0.000000 0.151183 -0.988506 0.079416 
-0.000000 0.988506 0.151183 2.856916 
0.000000 0.000000 0.000000 1.000000 

Frame 37
Base
1.000000 0.000000 -0.000000 0.000000 
-0.000000 0.151183 -0.988506 0.079416 
-0.000000 0.988506 0.151183 2.856916 
0.000000 0.000000 0.000000 1.000000 

Frame 38
Base
1.000000 0.000000 -0.000000 0.000000 
-0.000000 0.151183 -0.988506 0.079416 
-0.000000 0.988506 0.151183 2.856916 
0.000000 0.000000 0.000000 1.000000 

Frame 39
Base
1.000000 0.000000 -0.000000 0.000000 
-0.000000 0.151183 -0.988506 0.079416 
-0.000000 0.988506 0.151183 2.856916 
0.000000 0.000000 0.000000 1.000000 

Frame 40
Base
1.000000 0.000000 -0.000000 0.000000 
-0.000000 0.151183 -0.988506 0.079416 
-0.000000 0.988506 0.151183 2.856916 
0.000000 0.000000 0.000000 1.000000 

Frame 41
Base
1.000000 0.000000 -0.000000 0.000000 
-0.000000 0.151183 -0.988506 0.079416 
-0.000000 0.988506 0.151183 2.856916 
0.000000 0.000000 0.000000 1.000000 

Frame 42
Base
1.000000 0.000000 -0.000000 0.000000 
-0.000000 0.151183 -0.988506 0.079416 
-0.000000 0.988506 0.151183 2.856916 
0.000000 0.000000 0.000000 1.000000 

Frame 43
Base
1.000000 0.000000 -0.000000 0.000000 
-0.000000 0.151183 -0.988506 0.079416 
-0.000000 0.988506 0.151183 2.856916 
0.000000 0.000000 0.000000 1.000000 

Frame 44
Base
1.000000 0.000000 -0.000000 0.000000 
-0.000000 0.151183 -0.988506 0.079416 
-0.000000 0.988506 0.151183 2.856916 
0.000000 0.000000 0.000000 1.000000 

Frame 45
Base
1.000000 0.000000 -0.000000 0.000000 
-0.000000 0.151183 -0.988506 0.079416 
-0.000000 0.988506 0.151183 2.856916 
0.000000 0.000000 0.000000 1.000000 

Frame 46
Base
1.000000 0.000000 -0.000000 0.000000 
-0.000000 0.151183 -0.988506 0.079416 
-0.000000 0.988506 0.151183 2.856916 
0.000000 0.000000 0.000000 1.000000 

Frame 47
Base
1.000000 0.000000 -0.000000 0.000000 
-0.000000 0.151183 -0.988506 0.079416 
-0.000000 0.988506 0.151183 2.856916 
0.000000 0.000000 0.000000 1.000000 

Frame 48
Base
1.000000 0.000000 -0.000000 0.000000 
-0.000000 0.151183 -0.988506 0.079416 
-0.000000 0.988506 0.151183 2.856916 
0.000000 0.000000 0.000000 1.000000 

Frame 49
Base
1.000000 0.000000 -0.000000 0.000000 
-0.000000 0.151183 -0.988506 0.079416 
-0.000000 0.988506 0.151183 2.856916 
0.000000 0.000000 0.000000 1.000000 

Frame 50
Base
1.000000 0.000000 -0.000000 0.000000 
-0.000000 0.151183 -0.988506 0.079416 
-0.000000 0.988506 0.151183 2.856916 
0.000000 0.000000 0.000000 1.000000 

Frame 51
Base
1.000000 0.000000 -0.000000 0.000000 
-0.000000 0.151183 -0.988506 0.079416 
-0.000000 0.988506 0.151183 2.856916 
0.000000 0.000000 0.000000 1.000000 

Frame 52
Base
1.000000 0.000000 -0.000000 0.000000 
-0.000000 0.151183 -0.988506 0.079416 
-0.000000 0.988506 0.151183 2.856916 
0.000000 0.000000 0.000000 1.000000 

Frame 53
Base
1.000000 0.000000 -0.000000 0.000000 
-0.000000 0.151183 -0.988506 0.079416 
-0.000000 0.988506 0.151183 2.856916 
0.000000 0.000000 0.000000 1.000000 

Frame 54
Base
1.000000 0.000000 -0.000000 0.000000 
-0.000000 0.151183 -0.988506 0.079416 
-0.000000 0.988506 0.151183 2.856916 
0.000000 0.000000 0.000000 1.000000 

Frame 55
Base
1.000000 0.000000 -0.000000 0.000000 
-0.000000 0.151183 -0.988506 0.079416 
-0.000000 0.988506 0.151183 2.856916 
0.000000 0.000000 0.000000 1.000000 

Frame 56
Base
1.000000 0.000000 -0.000000 0.000000 
-0.000000 0.151183 -0.988506 0.079416 
-0.000000 0.988506 0.151183 2.856916 
0.000000 0.000000 0.000000 1.000000 

Frame 57
Base
1.000000 0.000000 -0.000000 0.000000 
-0.000000 0.151183 -0.988506 0.079416 
-0.000000 0.988506 0.151183 2.856916 
0.000000 0.000000 0.000000 1.000000 

Frame 58
Base
1.000000 0.000000 -0.000000 0.000000 
-0.000000 0.151183 -0.988506 0.079416 
-0.000000 0.988506 0.151183 2.856916 
0.000000 0.000000 0.000000 1.000000 

Frame 59
Base
1.000000 0.000000 -0.000000 0.000000 
-0.000000 0.151183 -0.988506 0.079416 
-0.000000 0.988506 0.151183 2.856916 
0.000000 0.000000 0.000000 1.000000 

Frame 60
Base
1.000000 0.000000 -0.000000 0.000000 
-0.000000 0.151183 -0.988506 0.079416 
-0.000000 0.988506 0.151183 2.856916 
0.000000 0.000000 0.000000 1.000000 

Frame 61
Base
1.000000 0.000000 -0.000000 0.000000 
-0.000000 0.151183 -0.988506 0.079416 
-0.000000 0.988506 0.151183 2.856916 
0.000000 0.000000 0.000000 1.000000 

Frame 62
Base
1.000000 0.000000 -0.000000 0.000000 
-0.000000 0.151183 -0.988506 0.079416 
-0.000000 0.988506 0.151183 2.856916 
0.000000 0.000000 0.000000 1.000000 

Frame 63
Base
1.000000 0.000000 -0.000000 0.000000 
-0.000000 0.151183 -0.988506 0.079416 
-0.000000 0.988506 0.151183 2.856916 
0.000000 0.000000 0.000000 1.000000 

Frame 64
Base
1.000000 0.000000 -0.000000 0.000000 
-0.000000 0.151183 -0.988506 0.079416 
-0.000000 0.988506 0.151183 2.856916 
0.000000 0.000000 0.000000 1.000000 

Frame 65
Base
1.000000 0.000000 -0.000000 0.000000 
-0.000000 0.151183 -0.988506 0.079416 
-0.000000 0.988506 0.151183 2.856916 
0.000000 0.000000 0.000000 1.000000 

Frame 66
Base
1.000000 0.000000 -0.000000 0.000000 
-0.000000 0.151183 -0.988506 0.079416 
-0.000000 0.988506 0.151183 2.856916 
0.000000 0.000000 0.000000 1.000000 

Frame 67
Base
1.000000 0.000000 -0.000000 0.000000 
-0.000000 0.151183 -0.988506 0.079416 
-0.000000 0.988506 0.151183 2.856916 
0.000000 0.000000 0.000000 1.000000 

Frame 68
Base
1.000000 0.000000 -0.000000 0.000000 
-0.000000 0.151183 -0.988506 0.079416 
-0.000000 0.988506 0.151183 2.856916 
0.000000 0.000000 0.000000 1.000000 

Frame 69
Base
1.000000 0.000000 -0.000000 0.000000 
-0.000000 0.151183 -0.988506 0.079416 
-0.000000 0.988506 0.151183 2.856916 
0.000000 0.000000 0.000000 1.000000 

Frame 70
Base
1.000000 0.000000 -0.000000 0.000000 
-0.000000 0.151183 -0.988506 0.079416 
-0.000000 0.988506 0.151183 2.856916 
0.000000 0.000000 0.000000 1.000000 

Frame 71
Base
1.000000 0.000000 -0.000000 0.000000 
-0.000000 0.151183 -0.988506 0.079416 
-0.000000 0.988506 0.151183 2.856916 
0.000000 0.000000 0.000000 1.000000 

Frame 72
Base
1.000000 0.000000 -0.000000 0.000000 
-0.000000 0.151183 -0.988506 0.079416 
-0.000000 0.988506 0.151183 2.856916 
0.000000 0.000000 0.000000 1.000000 

Frame 73
Base
1.000000 0.000000 -0.000000 0.000000 
-0.000000 0.151183 -0.988506 0.079416 
-0.000000 0.988506 0.151183 2.856916 
0.000000 0.000000 0.000000 1.000000 

Frame 74
Base
1.000000 0.000000 -0.000000 0.000000 
-0.000000 0.151183 -0.988506 0.079416 
-0.000000 0.988506 0.151183 2.856916 
0.000000 0.000000 0.000000 1.000000 

Frame 75
Base
1.000000 0.000000 -0.000000 0.000000 
-0.000000 0.151183 -0.988506 0.079416 
-0.000000 0.988506 0.151183 2.856916 
0.000000 0.000000 0.000000 1.000000 

Frame 76
Base
1.000000 0.000000 -0.000000 0.000000 
-0.000000 0.151183 -0.988506 0.079416 
-0.000000 0.988506 0.151183 2.856916 
0.000000 0.000000 0.000000 1.000000 

Frame 77
Base
1.000000 0.000000 -0.000000 0.000000 
-0.000000 0.151183 -0.988506 0.079416 
-0.000000 0.988506 0.151183 2.856916 
0.000000 0.000000 0.000000 1.000000 

Frame 78
Base
1.000000 0.000000 -0.000000 0.000000 
-0.000000 0.151183 -0.988506 0.079416 
-0.000000 0.988506 0.151183 2.856916 
0.000000 0.000000 0.000000 1.000000 

Frame 79
Base
1.000000 0.000000 -0.000000 0.000000 
-0.000000 0.151183 -0.988506 0.079416 
-0.000000 0.988506 0.151183 2.856916 
0.000000 0.000000 0.000000 1.000000 

Frame 80
Base
1.000000 0.000000 -0.000000 0.000000 
-0.000000 0.151183 -0.988506 0.079416 
-0.000000 0.988506 0.151183 2.856916 
0.000000 0.000000 0.000000 1.000000 

Frame 81
Base
1.000000 0.000000 -0.000000 0.000000 
-0.000000 0.151183 -0.988506 0.079416 
-0.000000 0.988506 0.151183 2.856916 
0.000000 0.000000 0.000000 1.000000 

Frame 82
Base
1.000000 0.000000 -0.000000 0.000000 
-0.000000 0.151183 -0.988506 0.079416 
-0.000000 0.988506 0.151183 2.856916 
0.000000 0.000000 0.000000 1.000000 

Frame 83
Base
1.000000 0.000000 -0.000000 0.000000 
-0.000000 0.151183 -0.988506 0.079416 
-0.000000 0.988506 0.151183 2.856916 
0.000000 0.000000 0.000000 1.000000 

Frame 84
Base
1.000000 0.000000 -0.000000 0.000000 
-0.000000 0.151183 -0.988506 0.079416 
-0.000000 0.988506 0.151183 2.856916 
0.000000 0.000000 0.000000 1.000000 

Frame 85
Base
1.000000 0.000000 -0.000000 0.000000 
-0.000000 0.151183 -0.988506 0.079416 
-0.000000 0.988506 0.151183 2.856916 
0.000000 0.000000 0.000000 1.000000 

Frame 86
Base
1.000000 0.000000 -0.000000 0.000000 
-0.000000 0.151183 -0.988506 0.079416 
-0.000000 0.988506 0.151183 2.856916 
0.000000 0.000000 0.000000 1.000000 

Frame 87
Base
1.000000 0.000000 -0.000000 0.000000 
-0.000000 0.151183 -0.988506 0.079416 
-0.000000 0.988506 0.151183 2.856916 
0.000000 0.000000 0.000000 1.000000 

Frame 88
Base
1.000000 0.000000 -0.000000 0.000000 
-0.000000 0.151183 -0.988506 0.079416 
-0.000000 0.988506 0.151183 2.856916 
0.000000 0.000000 0.000000 1.000000 

Frame 89
Base
1.000000 0.000000 -0.000000 0.000000 
-0.000000 0.151183 -0.988506 0.079416 
-0.000000 0.988506 0.151183 2.856916 
0.000000 0.000000 0.000000 1.000000 

Frame 90
Base
1.000000 0.000000 -0.000000 0.000000 
-0.000000 0.151183 -0.988506 0.079416 
-0.000000 0.988506 0.151183 2.856916 
0.000000 0.000000 0.000000 1.000000 

Frame 91
Base
1.000000 0.000000 -0.000000 0.000000 
-0.000000 0.151183 -0.988506 0.079416 
-0.000000 0.988506 0.151183 2.856916 
0.000000 0.000000 0.000000 1.000000 

Frame 92
Base
1.000000 0.000000 -0.000000 0.000000 
-0.000000 0.151183 -0.988506 0.079416 
-0.000000 0.988506 0.151183 2.856916 
0.000000 0.000000 0.000000 1.000000 

Frame 93
Base
1.000000 0.000000 -0.000000 0.000000 
-0.000000 0.151183 -0.988506 0.079416 
-0.000000 0.988506 0.151183 2.856916 
0.000000 0.000000 0.000000 1.000000 

Frame 94
Base
1.000000 0.000000 -0.000000 0.000000 
-0.000000 0.151183 -0.988506 0.079416 
-0.000000 0.988506 0.151183 2.856916 
0.000000 0.000000 0.000000 1.000000 

Frame 95
Base
1.000000 0.000000 -0.000000 0.000000 
-0.000000 0.151183 -0.988506 0.079416 
-0.000000 0.988506 0.151183 2.856916 
0.000000 0.000000 0.000000 1.000000 

Frame 96
Base
1.000000 0.000000 -0.000000 0.000000 
-0.000000 0.151183 -0.988506 0.079416 
-0.000000 0.988506 0.151183 2.856916 
0.000000 0.000000 0.000000 1.000000 

Frame 97
Base
1.000000 0.000000 -0.000000 0.000000 
-0.000000 0.151183 -0.988506 0.079416 
-0.000000 0.988506 0.151183 2.856916 
0.000000 0.000000 0.000000 1.000000 

Frame 98
Base
1.000000 0.000000 -0.000000 0.000000 
-0.000000 0.151183 -0.988506 0.079416 
-0.000000 0.988506 0.151183 2.856916 
0.000000 0.000000 0.000000 1.000000 

Frame 99
Base
1.000000 0.000000 -0.000000 0.000000 
-0.000000 0.151183 -0.988506 0.079416 
-0.000000 0.988506 0.151183 2.856916 
0.000000 0.000000 0.000000 1.000000 

Frame 100
Base
1.000000 0.000000 -0.000000 0.000000 
-0.000000 0.151183 -0.988506 0.079416 
-0.000000 0.988506 0.151183 2.856916 
0.000000 0.000000 0.000000 1.000000 

Frame 101
Base
1.000000 0.000000 -0.000000 0.000000 
-0.000000 0.151183 -0.988506 0.079416 
-0.000000 0.988506 0.151183 2.856916 
0.000000 0.000000 0.000000 1.000000 

Frame 102
Base
1.000000 0.000000 -0.000000 0.000000 
-0.000000 0.151183 -0.988506 0.079416 
-0.000000 0.988506 0.151183 2.856916 
0.000000 0.000000 0.000000 1.000000 

Frame 103
Base
1.000000 0.000000 -0.000000 0.000000 
-0.000000 0.151183 -0.988506 0.079416 
-0.000000 0.988506 0.151183 2.856916 
0.000000 0.000000 0.000000 1.000000 

Frame 104
Base
1.000000 0.000000 -0.000000 0.000000 
-0.000000 0.151183 -0.988506 0.079416 
-0.000000 0.988506 0.151183 2.856916 
0.000000 0.000000 0.000000 1.000000 

Frame 105
Base
1.000000 0.000000 -0.000000 0.000000 
-0.000000 0.151183 -0.988506 0.079416 
-0.000000 0.988506 0.151183 2.856916 
0.000000 0.000000 0.000000 1.000000 

Frame 106
Base
1.000000 0.000000 -0.000000 0.000000 
-0.000000 0.151183 -0.988506 0.079416 
-0.000000 0.988506 0.151183 2.856916 
0.000000 0.000000 0.000000 1.000000 

Frame 107
Base
1.000000 0.000000 -0.000000 0.000000 
-0.000000 0.151183 -0.988506 0.079416 
-0.000000 0.988506 0.151183 2.856916 
0.000000 0.000000 0.000000 1.000000 

Frame 108
Base
1.000000 0.000000 -0.000000 0.000000 
-0.000000 0.151183 -0.988506 0.079416 
-0.000000 0.988506 0.151183 2.856916 
0.000000 0.000000 0.000000 1.000000 

Frame 109
Base
1.000000 0.000000 -0.000000 0.000000 
-0.000000 0.151183 -0.988506 0.079416 
-0.000000 0.988506 0.151183 2.856916 
0.000000 0.000000 0.000000 1.000000 

Frame 110
Base
1.000000 0.000000 -0.000000 0.000000 
-0.000000 0.151183 -0.988506 0.079416 
-0.000000 0.988506 0.151183 2.856916 
0.000000 0.000000 0.000000 1.000000 

Frame 111
Base
1.000000 0.000000 -0.000000 0.000000 
-0.000000 0.151183 -0.988506 0.079416 
-0.000000 0.988506 0.151183 2.856916 
0.000000 0.000000 0.000000 1.000000 

Frame 112
Base
1.000000 0.000000 -0.000000 0.000000 
-0.000000 0.151183 -0.988506 0.079416 
-0.000000 0.988506 0.151183 2.856916 
0.000000 0.000000 0.000000 1.000000 

Frame 113
Base
1.000000 0.000000 -0.000000 0.000000 
-0.000000 0.151183 -0.988506 0.079416 
-0.000000 0.988506 0.151183 2.856916 
0.000000 0.000000 0.000000 1.000000 

Frame 114
Base
1.000000 0.000000 -0.000000 0.000000 
-0.000000 0.151183 -0.988506 0.079416 
-0.000000 0.988506 0.151183 2.856916 
0.000000 0.000000 0.000000 1.000000 

Frame 115
Base
1.000000 0.000000 -0.000000 0.000000 
-0.000000 0.151183 -0.988506 0.079416 
-0.000000 0.988506 0.151183 2.856916 
0.000000 0.000000 0.000000 1.000000 

Frame 116
Base
1.000000 0.000000 -0.000000 0.000000 
-0.000000 0.151183 -0.988506 0.079416 
-0.000000 0.988506 0.151183 2.856916 
0.000000 0.000000 0.000000 1.000000 

Frame 117
Base
1.000000 0.000000 -0.000000 0.000000 
-0.000000 0.151183 -0.988506 0.079416 
-0.000000 0.988506 0.151183 2.856916 
0.000000 0.000000 0.000000 1.000000 

Frame 118
Base
1.000000 0.000000 -0.000000 0.000000 
-0.000000 0.151183 -0.988506 0.079416 
-0.000000 0.988506 0.151183 2.856916 
0.000000 0.000000 0.000000 1.000000 

Frame 119
Base
1.000000 0.000000 -0.000000 0.000000 
-0.000000 0.151183 -0.988506 0.079416 
-0.000000 0.988506 0.151183 2.856916 
0.000000 0.000000 0.000000 1.000000 

Frame 120
Base
1.000000 0.000000 -0.000000 0.000000 
-0.000000 0.151183 -0.988506 0.079416 
-0.000000 0.988506 0.151183 2.856916 
0.000000 0.000000 0.000000 1.000000 

Frame 121
Base
1.000000 0.000000 -0.000000 0.000000 
-0.000000 0.151183 -0.988506 0.079416 
-0.000000 0.988506 0.151183 2.856916 
0.000000 0.000000 0.000000 1.000000 

Frame 122
Base
1.000000 0.000000 -0.000000 0.000000 
-0.000000 0.151183 -0.988506 0.079416 
-0.000000 0.988506 0.151183 2.856916 
0.000000 0.000000 0.000000 1.000000 

Frame 123
Base
1.000000 0.000000 -0.000000 0.000000 
-0.000000 0.151183 -0.988506 0.079416 
-0.000000 0.988506 0.151183 2.856916 
0.000000 0.000000 0.000000 1.000000 

Frame 124
Base
1.000000 0.000000 -0.000000 0.000000 
-0.000000 0.151183 -0.988506 0.079416 
-0.000000 0.988506 0.151183 2.856916 
0.000000 0.000000 0.000000 1.000000 

Frame 125
Base
1.000000 0.000000 -0.000000 0.000000 
-0.000000 0.151183 -0.988506 0.079416 
-0.000000 0.988506 0.151183 2.856916 
0.000000 0.000000 0.000000 1.000000 

Frame 126
Base
1.000000 0.000000 -0.000000 0.000000 
-0.000000 0.151183 -0.988506 0.079416 
-0.000000 0.988506 0.151183 2.856916 
0.000000 0.000000 0.000000 1.000000 

Frame 127
Base
1.000000 0.000000 -0.000000 0.000000 
-0.000000 0.151183 -0.988506 0.079416 
-0.000000 0.988506 0.151183 2.856916 
0.000000 0.000000 0.000000 1.000000 

Frame 128
Base
1.000000 0.000000 -0.000000 0.000000 
-0.000000 0.151183 -0.988506 0.079416 
-0.000000 0.988506 0.151183 2.856916 
0.000000 0.000000 0.000000 1.000000 

Frame 129
Base
1.000000 0.000000 -0.000000 0.000000 
-0.000000 0.151183 -0.988506 0.079416 
-0.000000 0.988506 0.151183 2.856916 
0.000000 0.000000 0.000000 1.000000 

Frame 130
Base
1.000000 0.000000 -0.000000 0.000000 
-0.000000 0.151183 -0.988506 0.079416 
-0.000000 0.988506 0.151183 2.856916 
0.000000 0.000000 0.000000 1.000000 

Frame 131
Base
1.000000 0.000000 -0.000000 0.000000 
-0.000000 0.151183 -0.988506 0.079416 
-0.000000 0.988506 0.151183 2.856916 
0.000000 0.000000 0.000000 1.000000 

Frame 132
Base
1.000000 0.000000 -0.000000 0.000000 
-0.000000 0.151183 -0.988506 0.079416 
-0.000000 0.988506 0.151183 2.856916 
0.000000 0.000000 0.000000 1.000000 

Frame 133
Base
1.000000 0.000000 -0.000000 0.000000 
-0.000000 0.151183 -0.988506 0.079416 
-0.000000 0.988506 0.151183 2.856916 
0.000000 0.000000 0.000000 1.000000 

Frame 134
Base
1.000000 0.000000 -0.000000 0.000000 
-0.000000 0.151183 -0.988506 0.079416 
-0.000000 0.988506 0.151183 2.856916 
0.000000 0.000000 0.000000 1.000000 

Frame 135
Base
1.000000 0.000000 -0.000000 0.000000 
-0.000000 0.151183 -0.988506 0.079416 
-0.000000 0.988506 0.151183 2.856916 
0.000000 0.000000 0.000000 1.000000 

Frame 136
Base
1.000000 0.000000 -0.000000 0.000000 
-0.000000 0.151183 -0.988506 0.079416 
-0.000000 0.988506 0.151183 2.856916 
0.000000 0.000000 0.000000 1.000000 

Frame 137
Base
1.000000 0.000000 -0.000000 0.000000 
-0.000000 0.151183 -0.988506 0.079416 
-0.000000 0.988506 0.151183 2.856916 
0.000000 0.000000 0.000000 1.000000 

Frame 138
Base
1.000000 0.000000 -0.000000 0.000000 
-0.000000 0.151183 -0.988506 0.079416 
-0.000000 0.988506 0.151183 2.856916 
0.000000 0.000000 0.000000 1.000000 

Frame 139
Base
1.000000 0.000000 -0.000000 0.000000 
-0.000000 0.151183 -0.988506 0.079416 
-0.000000 0.988506 0.151183 2.856916 
0.000000 0.000000 0.000000 1.000000 

Frame 140
Base
1.000000 0.000000 -0.000000 0.000000 
-0.000000 0.151183 -0.988506 0.079416 
-0.000000 0.988506 0.151183 2.856916 
0.000000 0.000000 0.000000 1.000000 

Frame 141
Base
1.000000 0.000000 -0.000000 0.000000 
-0.000000 0.151183 -0.988506 0.079416 
-0.000000 0.988506 0.151183 2.856916 
0.000000 0.000000 0.000000 1.000000 

Frame 142
Base
1.000000 0.000000 -0.000000 0.000000 
-0.000000 0.151183 -0.988506 0.079416 
-0.000000 0.988506 0.151183 2.856916 
0.000000 0.000000 0.000000 1.000000 

Frame 143
Base
1.000000 0.000000 -0.000000 0.000000 
-0.000000 0.151183 -0.988506 0.079416 
-0.000000 0.988506 0.151183 2.856916 
0.000000 0.000000 0.000000 1.000000 

Frame 144
Base
1.000000 0.000000 -0.000000 0.000000 
-0.000000 0.151183 -0.988506 0.079416 
-0.000000 0.988506 0.151183 2.856916 
0.000000 0.000000 0.000000 1.000000 

Frame 145
Base
1.000000 0.000000 -0.000000 0.000000 
-0.000000 0.151183 -0.988506 0.079416 
-0.000000 0.988506 0.151183 2.856916 
0.000000 0.000000 0.000000 1.000000 

Frame 146
Base
1.000000 0.000000 -0.000000 0.000000 
-0.000000 0.151183 -0.988506 0.079416 
-0.000000 0.988506 0.151183 2.856916 
0.000000 0.000000 0.000000 1.000000 

Frame 147
Base
1.000000 0.000000 -0.000000 0.000000 
-0.000000 0.151183 -0.988506 0.079416 
-0.000000 0.988506 0.151183 2.856916 
0.000000 0.000000 0.000000 1.000000 

Frame 148
Base
1.000000 0.000000 -0.000000 0.000000 
-0.000000 0.151183 -0.988506 0.079416 
-0.000000 0.988506 0.151183 2.856916 
0.000000 0.000000 0.000000 1.000000 

Frame 149
Base
1.000000 0.000000 -0.000000 0.000000 
-0.000000 0.151183 -0.988506 0.079416 
-0.000000 0.988506 0.151183 2.856916 
0.000000 0.000000 0.000000 1.000000 

Frame 150
Base
1.000000 0.000000 -0.000000 0.000000 
-0.000000 0.151183 -0.988506 0.079416 
-0.000000 0.988506 0.151183 2.856916 
0.000000 0.000000 0.000000 1.000000 

Frame 151
Base
1.000000 0.000000 -0.000000 0.000000 
-0.000000 0.151183 -0.988506 0.079416 
-0.000000 0.988506 0.151183 2.856916 
0.000000 0.000000 0.000000 1.000000 

Frame 152
Base
1.000000 0.000000 -0.000000 0.000000 
-0.000000 0.151183 -0.988506 0.079416 
-0.000000 0.988506 0.151183 2.856916 
0.000000 0.000000 0.000000 1.000000 

Frame 153
Base
1.000000 0.000000 -0.000000 0.000000 
-0.000000 0.151183 -0.988506 0.079416 
-0.000000 0.988506 0.151183 2.856916 
0.000000 0.000000 0.000000 1.000000 

Frame 154
Base
1.000000 0.000000 -0.000000 0.000000 
-0.000000 0.151183 -0.988506 0.079416 
-0.000000 0.988506 0.151183 2.856916 
0.000000 0.000000 0.000000 1.000000 

Frame 155
Base
1.000000 0.000000 -0.000000 0.000000 
-0.000000 0.151183 -0.988506 0.079416 
-0.000000 0.988506 0.151183 2.856916 
0.000000 0.000000 0.000000 1.000000 

Frame 156
Base
1.000000 0.000000 -0.000000 0.000000 
-0.000000 0.151183 -0.988506 0.079416 
-0.000000 0.988506 0.151183 2.856916 
0.000000 0.000000 0.000000 1.000000 

Frame 157
Base
1.000000 0.000000 -0.000000 0.000000 
-0.000000 0.151183 -0.988506 0.079416 
-0.000000 0.988506 0.151183 2.856916 
0.000000 0.000000 0.000000 1.000000 

Frame 158
Base
1.000000 0.000000 -0.000000 0.000000 
-0.000000 0.151183 -0.988506 0.079416 
-0.000000 0.988506 0.151183 2.856916 
0.000000 0.000000 0.000000 1.000000 

Frame 159
Base
1.000000 0.000000 -0.000000 0.000000 
-0.000000 0.151183 -0.988506 0.079416 
-0.000000 0.988506 0.151183 2.856916 
0.000000 0.000000 0.000000 1.000000 

Frame 160
Base
1.000000 0.000000 -0.000000 0.000000 
-0.000000 0.151183 -0.988506 0.079416 
-0.000000 0.988506 0.151183 2.856916 
0.000000 0.000000 0.000000 1.000000 

Frame 161
Base
1.000000 0.000000 -0.000000 0.000000 
-0.000000 0.151183 -0.988506 0.079416 
-0.000000 0.988506 0.151183 2.856916 
0.000000 0.000000 0.000000 1.000000 

Frame 162
Base
1.000000 0.000000 -0.000000 0.000000 
-0.000000 0.151183 -0.988506 0.079416 
-0.000000 0.988506 0.151183 2.856916 
0.000000 0.000000 0.000000 1.000000 

Frame 163
Base
1.000000 0.000000 -0.000000 0.000000 
-0.000000 0.151183 -0.988506 0.079416 
-0.000000 0.988506 0.151183 2.856916 
0.000000 0.000000 0.000000 1.000000 

Frame 164
Base
1.000000 0.000000 -0.000000 0.000000 
-0.000000 0.151183 -0.988506 0.079416 
-0.000000 0.988506 0.151183 2.856916 
0.000000 0.000000 0.000000 1.000000 

Frame 165
Base
1.000000 0.000000 -0.000000 0.000000 
-0.000000 0.151183 -0.988506 0.079416 
-0.000000 0.988506 0.151183 2.856916 
0.000000 0.000000 0.000000 1.000000 

Frame 166
Base
1.000000 0.000000 -0.000000 0.000000 
-0.000000 0.151183 -0.988506 0.079416 
-0.000000 0.988506 0.151183 2.856916 
0.000000 0.000000 0.000000 1.000000 

Frame 167
Base
1.000000 0.000000 -0.000000 0.000000 
-0.000000 0.151183 -0.988506 0.079416 
-0.000000 0.988506 0.151183 2.856916 
0.000000 0.000000 0.000000 1.000000 

Frame 168
Base
1.000000 0.000000 -0.000000 0.000000 
-0.000000 0.151183 -0.988506 0.079416 
-0.000000 0.988506 0.151183 2.856916 
0.000000 0.000000 0.000000 1.000000 

Frame 169
Base
1.000000 0.000000 -0.000000 0.000000 
-0.000000 0.151183 -0.988506 0.079416 
-0.000000 0.988506 0.151183 2.856916 
0.000000 0.000000 0.000000 1.000000 

Frame 170
Base
1.000000 0.000000 -0.000000 0.000000 
-0.000000 0.151183 -0.988506 0.079416 
-0.000000 0.988506 0.151183 2.856916 
0.000000 0.000000 0.000000 1.000000 

Frame 171
Base
1.000000 0.000000 -0.000000 0.000000 
-0.000000 0.151183 -0.988506 0.079416 
-0.000000 0.988506 0.151183 2.856916 
0.000000 0.000000 0.000000 1.000000 

Frame 172
Base
1.000000 0.000000 -0.000000 0.000000 
-0.000000 0.151183 -0.988506 0.079416 
-0.000000 0.988506 0.151183 2.856916 
0.000000 0.000000 0.000000 1.000000 

Frame 173
Base
1.000000 0.000000 -0.000000 0.000000 
-0.000000 0.151183 -0.988506 0.079416 
-0.000000 0.988506 0.151183 2.856916 
0.000000 0.000000 0.000000 1.000000 

Frame 174
Base
1.000000 0.000000 -0.000000 0.000000 
-0.000000 0.151183 -0.988506 0.079416 
-0.000000 0.988506 0.151183 2.856916 
0.000000 0.000000 0.000000 1.000000 

Frame 175
Base
1.000000 0.000000 -0.000000 0.000000 
-0.000000 0.151183 -0.988506 0.079416 
-0.000000 0.988506 0.151183 2.856916 
0.000000 0.000000 0.000000 1.000000 

Frame 176
Base
1.000000 0.000000 -0.000000 0.000000 
-0.000000 0.151183 -0.988506 0.079416 
-0.000000 0.988506 0.151183 2.856916 
0.000000 0.000000 0.000000 1.000000 

Frame 177
Base
1.000000 0.000000 -0.000000 0.000000 
-0.000000 0.151183 -0.988506 0.079416 
-0.000000 0.988506 0.151183 2.856916 
0.000000 0.000000 0.000000 1.000000 

Frame 178
Base
1.000000 0.000000 -0.000000 0.000000 
-0.000000 0.151183 -0.988506 0.079416 
-0.000000 0.988506 0.151183 2.856916 
0.000000 0.000000 0.000000 1.000000 

Frame 179
Base
1.000000 0.000000 -0.000000 0.000000 
-0.000000 0.151183 -0.988506 0.079416 
-0.000000 0.988506 0.151183 2.856916 
0.000000 0.000000 0.000000 1.000000 

Frame 180
Base
1.000000 0.000000 -0.000000 0.000000 
-0.000000 0.151183 -0.988506 0.079416 
-0.000000 0.988506 0.151183 2.856916 
0.000000 0.000000 0.000000 1.000000 

Frame 181
Base
1.000000 0.000000 -0.000000 0.000000 
-0.000000 0.151183 -0.988506 0.079416 
-0.000000 0.988506 0.151183 2.856916 
0.000000 0.000000 0.000000 1.000000 

Frame 182
Base
1.000000 0.000000 -0.000000 0.000000 
-0.000000 0.151183 -0.988506 0.079416 
-0.000000 0.988506 0.151183 2.856916 
0.000000 0.000000 0.000000 1.000000 

Frame 183
Base
1.000000 0.000000 -0.000000 0.000000 
-0.000000 0.151183 -0.988506 0.079416 
-0.000000 0.988506 0.151183 2.856916 
0.000000 0.000000 0.000000 1.000000 

Frame 184
Base
1.000000 0.000000 -0.000000 0.000000 
-0.000000 0.151183 -0.988506 0.079416 
-0.000000 0.988506 0.151183 2.856916 
0.000000 0.000000 0.000000 1.000000 

Frame 185
Base
1.000000 0.000000 -0.000000 0.000000 
-0.000000 0.151183 -0.988506 0.079416 
-0.000000 0.988506 0.151183 2.856916 
0.000000 0.000000 0.000000 1.000000 

Frame 186
Base
1.000000 0.000000 -0.000000 0.000000 
-0.000000 0.151183 -0.988506 0.079416 
-0.000000 0.988506 0.151183 2.856916 
0.000000 0.000000 0.000000 1.000000 

Frame 187
Base
1.000000 0.000000 -0.000000 0.000000 
-0.000000 0.151183 -0.988506 0.079416 
-0.000000 0.988506 0.151183 2.856916 
0.000000 0.000000 0.000000 1.000000 

Frame 188
Base
1.000000 0.000000 -0.000000 0.000000 
-0.000000 0.151183 -0.988506 0.079416 
-0.000000 0.988506 0.151183 2.856916 
0.000000 0.000000 0.000000 1.000000 

Frame 189
Base
1.000000 0.000000 -0.000000 0.000000 
-0.000000 0.151183 -0.988506 0.079416 
-0.000000 0.988506 0.151183 2.856916 
0.000000 0.000000 0.000000 1.000000 

Frame 190
Base
1.000000 0.000000 -0.000000 0.000000 
-0.000000 0.151183 -0.988506 0.079416 
-0.000000 0.988506 0.151183 2.856916 
0.000000 0.000000 0.000000 1.000000 

Frame 191
Base
1.000000 0.000000 -0.000000 0.000000 
-0.000000 0.151183 -0.988506 0.079416 
-0.000000 0.988506 0.151183 2.856916 
0.000000 0.000000 0.000000 1.000000 

Frame 192
Base
1.000000 0.000000 -0.000000 0.000000 
-0.000000 0.151183 -0.988506 0.079416 
-0.000000 0.988506 0.151183 2.856916 
0.000000 0.000000 0.000000 1.000000 

Frame 193
Base
1.000000 0.000000 -0.000000 0.000000 
-0.000000 0.151183 -0.988506 0.079416 
-0.000000 0.988506 0.151183 2.856916 
0.000000 0.000000 0.000000 1.000000 

Frame 194
Base
1.000000 0.000000 -0.000000 0.000000 
-0.000000 0.151183 -0.988506 0.079416 
-0.000000 0.988506 0.151183 2.856916 
0.000000 0.000000 0.000000 1.000000 

Frame 195
Base
1.000000 0.000000 -0.000000 0.000000 
-0.000000 0.151183 -0.988506 0.079416 
-0.000000 0.988506 0.151183 2.856916 
0.000000 0.000000 0.000000 1.000000 

Frame 196
Base
1.000000 0.000000 -0.000000 0.000000 
-0.000000 0.151183 -0.988506 0.079416 
-0.000000 0.988506 0.151183 2.856916 
0.000000 0.000000 0.000000 1.000000 

Frame 197
Base
1.000000 0.000000 -0.000000 0.000000 
-0.000000 0.151183 -0.988506 0.079416 
-0.000000 0.988506 0.151183 2.856916 
0.000000 0.000000 0.000000 1.000000 

Frame 198
Base
1.000000 0.000000 -0.000000 0.000000 
-0.000000 0.151183 -0.988506 0.079416 
-0.000000 0.988506 0.151183 2.856916 
0.000000 0.000000 0.000000 1.000000 

Frame 199
Base
1.000000 0.000000 -0.000000 0.000000 
-0.000000 0.151183 -0.988506 0.079416 
-0.000000 0.988506 0.151183 2.856916 
0.000000 0.000000 0.000000 1.000000 

Frame 200
Base
1.000000 0.000000 -0.000000 0.000000 
-0.000000 0.151183 -0.988506 0.079416 
-0.000000 0.988506 0.151183 2.856916 
0.000000 0.000000 0.000000 1.000000 

Frame 201
Base
1.000000 0.000000 -0.000000 0.000000 
-0.000000 0.151183 -0.988506 0.079416 
-0.000000 0.988506 0.151183 2.856916 
0.000000 0.000000 0.000000 1.000000 

Frame 202
Base
1.000000 0.000000 -0.000000 0.000000 
-0.000000 0.151183 -0.988506 0.079416 
-0.000000 0.988506 0.151183 2.856916 
0.000000 0.000000 0.000000 1.000000 

Frame 203
Base
1.000000 0.000000 -0.000000 0.000000 
-0.000000 0.151183 -0.988506 0.079416 
-0.000000 0.988506 0.151183 2.856916 
0.000000 0.000000 0.000000 1.000000 

Frame 204
Base
1.000000 0.000000 -0.000000 0.000000 
-0.000000 0.151183 -0.988506 0.079416 
-0.000000 0.988506 0.151183 2.856916 
0.000000 0.000000 0.000000 1.000000 

Frame 205
Base
1.000000 0.000000 -0.000000 0.000000 
-0.000000 0.151183 -0.988506 0.079416 
-0.000000 0.988506 0.151183 2.856916 
0.000000 0.000000 0.000000 1.000000 

Frame 206
Base
1.000000 0.000000 -0.000000 0.000000 
-0.000000 0.151183 -0.988506 0.079416 
-0.000000 0.988506 0.151183 2.856916 
0.000000 0.000000 0.000000 1.000000 

Frame 207
Base
1.000000 0.000000 -0.000000 0.000000 
-0.000000 0.151183 -0.988506 0.079416 
-0.000000 0.988506 0.151183 2.856916 
0.000000 0.000000 0.000000 1.000000 

Frame 208
Base
1.000000 0.000000 -0.000000 0.000000 
-0.000000 0.151183 -0.988506 0.079416 
-0.000000 0.988506 0.151183 2.856916 
0.000000 0.000000 0.000000 1.000000 

Frame 209
Base
1.000000 0.000000 -0.000000 0.000000 
-0.000000 0.151183 -0.988506 0.079416 
-0.000000 0.988506 0.151183 2.856916 
0.000000 0.000000 0.000000 1.000000 

Frame 210
Base
1.000000 0.000000 -0.000000 0.000000 
-0.000000 0.151183 -0.988506 0.079416 
-0.000000 0.988506 0.151183 2.856916 
0.000000 0.000000 0.000000 1.000000 

Frame 211
Base
1.000000 0.000000 -0.000000 0.000000 
-0.000000 0.151183 -0.988506 0.079416 
-0.000000 0.988506 0.151183 2.856916 
0.000000 0.000000 0.000000 1.000000 

Frame 212
Base
1.000000 0.000000 -0.000000 0.000000 
-0.000000 0.151183 -0.988506 0.079416 
-0.000000 0.988506 0.151183 2.856916 
0.000000 0.000000 0.000000 1.000000 

Frame 213
Base
1.000000 0.000000 -0.000000 0.000000 
-0.000000 0.151183 -0.988506 0.079416 
-0.000000 0.988506 0.151183 2.856916 
0.000000 0.000000 0.000000 1.000000 

Frame 214
Base
1.000000 0.000000 -0.000000 0.000000 
-0.000000 0.151183 -0.988506 0.079416 
-0.000000 0.988506 0.151183 2.856916 
0.000000 0.000000 0.000000 1.000000 

Frame 215
Base
1.000000 0.000000 -0.000000 0.000000 
-0.000000 0.151183 -0.988506 0.079416 
-0.000000 0.988506 0.151183 2.856916 
0.000000 0.000000 0.000000 1.000000 

Frame 216
Base
1.000000 0.000000 -0.000000 0.000000 
-0.000000 0.151183 -0.988506 0.079416 
-0.000000 0.988506 0.151183 2.856916 
0.000000 0.000000 0.000000 1.000000 

Frame 217
Base
1.000000 0.000000 -0.000000 0.000000 
-0.000000 0.151183 -0.988506 0.079416 
-0.000000 0.988506 0.151183 2.856916 
0.000000 0.000000 0.000000 1.000000 

Frame 218
Base
1.000000 0.000000 -0.000000 0.000000 
-0.000000 0.151183 -0.988506 0.079416 
-0.000000 0.988506 0.151183 2.856916 
0.000000 0.000000 0.000000 1.000000 

Frame 219
Base
1.000000 0.000000 -0.000000 0.000000 
-0.000000 0.151183 -0.988506 0.079416 
-0.000000 0.988506 0.151183 2.856916 
0.000000 0.000000 0.000000 1.000000 

Frame 220
Base
1.000000 0.000000 -0.000000 0.000000 
-0.000000 0.151183 -0.988506 0.079416 
-0.000000 0.988506 0.151183 2.856916 
0.000000 0.000000 0.000000 1.000000 

Frame 221
Base
1.000000 0.000000 -0.000000 0.000000 
-0.000000 0.151183 -0.988506 0.079416 
-0.000000 0.988506 0.151183 2.856916 
0.000000 0.000000 0.000000 1.000000 

Frame 222
Base
1.000000 0.000000 -0.000000 0.000000 
-0.000000 0.151183 -0.988506 0.079416 
-0.000000 0.988506 0.151183 2.856916 
0.000000 0.000000 0.000000 1.000000 

Frame 223
Base
1.000000 0.000000 -0.000000 0.000000 
-0.000000 0.151183 -0.988506 0.079416 
-0.000000 0.988506 0.151183 2.856916 
0.000000 0.000000 0.000000 1.000000 

Frame 224
Base
1.000000 0.000000 -0.000000 0.000000 
-0.000000 0.151183 -0.988506 0.079416 
-0.000000 0.988506 0.151183 2.856916 
0.000000 0.000000 0.000000 1.000000 

Frame 225
Base
1.000000 0.000000 -0.000000 0.000000 
-0.000000 0.151183 -0.988506 0.079416 
-0.000000 0.988506 0.151183 2.856916 
0.000000 0.000000 0.000000 1.000000 

Frame 226
Base
1.000000 0.000000 -0.000000 0.000000 
-0.000000 0.151183 -0.988506 0.079416 
-0.000000 0.988506 0.151183 2.856916 
0.000000 0.000000 0.000000 1.000000 

Frame 227
Base
1.000000 0.000000 -0.000000 0.000000 
-0.000000 0.151183 -0.988506 0.079416 
-0.000000 0.988506 0.151183 2.856916 
0.000000 0.000000 0.000000 1.000000 

Frame 228
Base
1.000000 0.000000 -0.000000 0.000000 
-0.000000 0.151183 -0.988506 0.079416 
-0.000000 0.988506 0.151183 2.856916 
0.000000 0.000000 0.000000 1.000000 

Frame 229
Base
1.000000 0.000000 -0.000000 0.000000 
-0.000000 0.151183 -0.988506 0.079416 
-0.000000 0.988506 0.151183 2.856916 
0.000000 0.000000 0.000000 1.000000 

Frame 230
Base
1.000000 0.000000 -0.000000 0.000000 
-0.000000 0.151183 -0.988506 0.079416 
-0.000000 0.988506 0.151183 2.856916 
0.000000 0.000000 0.000000 1.000000 

Frame 231
Base
1.000000 0.000000 -0.000000 0.000000 
-0.000000 0.151183 -0.988506 0.079416 
-0.000000 0.988506 0.151183 2.856916 
0.000000 0.000000 0.000000 1.000000 

Frame 232
Base
1.000000 0.000000 -0.000000 0.000000 
-0.000000 0.151183 -0.988506 0.079416 
-0.000000 0.988506 0.151183 2.856916 
0.000000 0.000000 0.000000 1.000000 

Frame 233
Base
1.000000 0.000000 -0.000000 0.000000 
-0.000000 0.151183 -0.988506 0.079416 
-0.000000 0.988506 0.151183 2.856916 
0.000000 0.000000 0.000000 1.000000 

Frame 234
Base
1.000000 0.000000 -0.000000 0.000000 
-0.000000 0.151183 -0.988506 0.079416 
-0.000000 0.988506 0.151183 2.856916 
0.000000 0.000000 0.000000 1.000000 

Frame 235
Base
1.000000 0.000000 -0.000000 0.000000 
-0.000000 0.151183 -0.988506 0.079416 
-0.000000 0.988506 0.151183 2.856916 
0.000000 0.000000 0.000000 1.000000 

Frame 236
Base
1.000000 0.000000 -0.000000 0.000000 
-0.000000 0.151183 -0.988506 0.079416 
-0.000000 0.988506 0.151183 2.856916 
0.000000 0.000000 0.000000 1.000000 

Frame 237
Base
1.000000 0.000000 -0.000000 0.000000 
-0.000000 0.151183 -0.988506 0.079416 
-0.000000 0.988506 0.151183 2.856916 
0.000000 0.000000 0.000000 1.000000 

Frame 238
Base
1.000000 0.000000 -0.000000 0.000000 
