simple game object export addon
Bones 2
[
Frames 123
Frame 0
Base
1.000000 0.000000 0.000000 0.000000 
0.000000 1.000000 0.000000 0.000000 
0.000000 0.000000 1.000000 0.000000 
0.000000 0.000000 0.000000 1.000000 

weapon
0.998940 -0.046036 0.000000 0.024419 
0.000000 0.000000 -1.000000 -0.000000 
0.046036 0.998940 0.000000 0.014756 
0.000000 0.000000 0.000000 1.000000 

Frame 1
Base
1.000000 0.000000 0.000000 0.000000 
0.000000 1.000000 0.000000 0.000000 
0.000000 0.000000 1.000000 0.000000 
0.000000 0.000000 0.000000 1.000000 

weapon
0.047365 -0.281622 0.958356 0.099193 
-0.993415 0.086922 0.074641 0.188163 
-0.104323 -0.955580 -0.275650 0.032651 
0.000000 0.000000 0.000000 1.000000 

Frame 2
Base
1.000000 0.000000 0.000000 0.000000 
0.000000 1.000000 0.000000 0.000000 
0.000000 0.000000 1.000000 0.000000 
0.000000 0.000000 0.000000 1.000000 

weapon
0.047365 -0.281622 0.958356 0.099193 
-0.993415 0.086922 0.074641 0.188163 
-0.104323 -0.955580 -0.275650 0.032651 
0.000000 0.000000 0.000000 1.000000 

Frame 3
Base
1.000000 0.000000 0.000000 0.000000 
0.000000 1.000000 0.000000 0.000000 
0.000000 0.000000 1.000000 0.000000 
0.000000 0.000000 0.000000 1.000000 

weapon
0.047365 -0.281622 0.958356 0.099193 
-0.993415 0.086922 0.074641 0.188163 
-0.104323 -0.955580 -0.275650 0.032651 
0.000000 0.000000 0.000000 1.000000 

Frame 4
Base
1.000000 0.000000 0.000000 0.000000 
0.000000 1.000000 0.000000 0.000000 
0.000000 0.000000 1.000000 0.000000 
0.000000 0.000000 0.000000 1.000000 

weapon
0.047365 -0.281622 0.958356 0.099193 
-0.993415 0.086922 0.074641 0.188163 
-0.104323 -0.955580 -0.275650 0.032651 
0.000000 0.000000 0.000000 1.000000 

Frame 5
Base
1.000000 0.000000 0.000000 0.000000 
0.000000 1.000000 0.000000 0.000000 
0.000000 0.000000 1.000000 0.000000 
0.000000 0.000000 0.000000 1.000000 

weapon
0.047365 -0.281622 0.958356 0.099193 
-0.993415 0.086922 0.074641 0.188163 
-0.104323 -0.955580 -0.275650 0.032651 
0.000000 0.000000 0.000000 1.000000 

Frame 6
Base
1.000000 0.000000 0.000000 0.000000 
0.000000 1.000000 0.000000 0.000000 
0.000000 0.000000 1.000000 0.000000 
0.000000 0.000000 0.000000 1.000000 

weapon
0.047365 -0.281622 0.958356 0.099193 
-0.993415 0.086922 0.074641 0.188163 
-0.104323 -0.955580 -0.275650 0.032651 
0.000000 0.000000 0.000000 1.000000 

Frame 7
Base
1.000000 0.000000 0.000000 0.000000 
0.000000 1.000000 0.000000 0.000000 
0.000000 0.000000 1.000000 0.000000 
0.000000 0.000000 0.000000 1.000000 

weapon
0.047365 -0.281622 0.958356 0.099193 
-0.993415 0.086922 0.074641 0.188163 
-0.104323 -0.955580 -0.275650 0.032651 
0.000000 0.000000 0.000000 1.000000 

Frame 8
Base
1.000000 0.000000 0.000000 0.000000 
0.000000 1.000000 0.000000 0.000000 
0.000000 0.000000 1.000000 0.000000 
0.000000 0.000000 0.000000 1.000000 

weapon
0.047365 -0.281622 0.958356 0.099193 
-0.993415 0.086922 0.074641 0.188163 
-0.104323 -0.955580 -0.275650 0.032651 
0.000000 0.000000 0.000000 1.000000 

Frame 9
Base
1.000000 0.000000 0.000000 0.000000 
0.000000 1.000000 0.000000 0.000000 
0.000000 0.000000 1.000000 0.000000 
0.000000 0.000000 0.000000 1.000000 

weapon
0.047365 -0.281622 0.958356 0.099193 
-0.993415 0.086922 0.074641 0.188163 
-0.104323 -0.955580 -0.275650 0.032651 
0.000000 0.000000 0.000000 1.000000 

Frame 10
Base
1.000000 0.000000 0.000000 0.000000 
0.000000 1.000000 0.000000 0.000000 
0.000000 0.000000 1.000000 0.000000 
0.000000 0.000000 0.000000 1.000000 

weapon
0.047365 -0.281622 0.958356 0.099193 
-0.993415 0.086922 0.074641 0.188163 
-0.104323 -0.955580 -0.275650 0.032651 
0.000000 0.000000 0.000000 1.000000 

Frame 11
Base
1.000000 0.000000 0.000000 0.000000 
0.000000 1.000000 0.000000 0.000000 
0.000000 0.000000 1.000000 0.000000 
0.000000 0.000000 0.000000 1.000000 

weapon
0.047365 -0.281622 0.958356 0.099193 
-0.993415 0.086922 0.074641 0.188163 
-0.104323 -0.955580 -0.275650 0.032651 
0.000000 0.000000 0.000000 1.000000 

Frame 12
Base
1.000000 0.000000 0.000000 0.000000 
0.000000 1.000000 0.000000 0.000000 
0.000000 0.000000 1.000000 0.000000 
0.000000 0.000000 0.000000 1.000000 

weapon
0.047365 -0.281622 0.958356 0.099193 
-0.993415 0.086922 0.074641 0.188163 
-0.104323 -0.955580 -0.275650 0.032651 
0.000000 0.000000 0.000000 1.000000 

Frame 13
Base
1.000000 0.000000 0.000000 0.000000 
0.000000 1.000000 0.000000 0.000000 
0.000000 0.000000 1.000000 0.000000 
0.000000 0.000000 0.000000 1.000000 

weapon
0.047365 -0.281622 0.958356 0.099193 
-0.993415 0.086922 0.074641 0.188163 
-0.104323 -0.955580 -0.275650 0.032651 
0.000000 0.000000 0.000000 1.000000 

Frame 14
Base
1.000000 0.000000 0.000000 0.000000 
0.000000 1.000000 0.000000 0.000000 
0.000000 0.000000 1.000000 0.000000 
0.000000 0.000000 0.000000 1.000000 

weapon
0.047365 -0.281622 0.958356 0.099193 
-0.993415 0.086922 0.074641 0.188163 
-0.104323 -0.955580 -0.275650 0.032651 
0.000000 0.000000 0.000000 1.000000 

Frame 15
Base
1.000000 0.000000 0.000000 0.000000 
0.000000 1.000000 0.000000 0.000000 
0.000000 0.000000 1.000000 0.000000 
0.000000 0.000000 0.000000 1.000000 

weapon
0.047365 -0.281622 0.958356 0.099193 
-0.993415 0.086922 0.074641 0.188163 
-0.104323 -0.955580 -0.275650 0.032651 
0.000000 0.000000 0.000000 1.000000 

Frame 16
Base
1.000000 0.000000 0.000000 0.000000 
0.000000 1.000000 0.000000 0.000000 
0.000000 0.000000 1.000000 0.000000 
0.000000 0.000000 0.000000 1.000000 

weapon
0.047365 -0.281622 0.958356 0.099193 
-0.993415 0.086922 0.074641 0.188163 
-0.104323 -0.955580 -0.275650 0.032651 
0.000000 0.000000 0.000000 1.000000 

Frame 17
Base
1.000000 0.000000 0.000000 0.000000 
0.000000 1.000000 0.000000 0.000000 
0.000000 0.000000 1.000000 0.000000 
0.000000 0.000000 0.000000 1.000000 

weapon
0.047365 -0.281622 0.958356 0.099193 
-0.993415 0.086922 0.074641 0.188163 
-0.104323 -0.955580 -0.275650 0.032651 
0.000000 0.000000 0.000000 1.000000 

Frame 18
Base
1.000000 0.000000 0.000000 0.000000 
0.000000 1.000000 0.000000 0.000000 
0.000000 0.000000 1.000000 0.000000 
0.000000 0.000000 0.000000 1.000000 

weapon
0.047365 -0.281622 0.958356 0.099193 
-0.993415 0.086922 0.074641 0.188163 
-0.104323 -0.955580 -0.275650 0.032651 
0.000000 0.000000 0.000000 1.000000 

Frame 19
Base
1.000000 0.000000 0.000000 0.000000 
0.000000 1.000000 0.000000 0.000000 
0.000000 0.000000 1.000000 0.000000 
0.000000 0.000000 0.000000 1.000000 

weapon
0.047365 -0.281622 0.958356 0.099193 
-0.993415 0.086922 0.074641 0.188163 
-0.104323 -0.955580 -0.275650 0.032651 
0.000000 0.000000 0.000000 1.000000 

Frame 20
Base
1.000000 0.000000 0.000000 0.000000 
0.000000 1.000000 0.000000 0.000000 
0.000000 0.000000 1.000000 0.000000 
0.000000 0.000000 0.000000 1.000000 

weapon
0.047365 -0.281622 0.958356 0.099193 
-0.993415 0.086922 0.074641 0.188163 
-0.104323 -0.955580 -0.275650 0.032651 
0.000000 0.000000 0.000000 1.000000 

Frame 21
Base
1.000000 0.000000 0.000000 0.000000 
0.000000 1.000000 0.000000 0.000000 
0.000000 0.000000 1.000000 0.000000 
0.000000 0.000000 0.000000 1.000000 

weapon
0.047365 -0.281622 0.958356 0.099193 
-0.993415 0.086922 0.074641 0.188163 
-0.104323 -0.955580 -0.275650 0.032651 
0.000000 0.000000 0.000000 1.000000 

Frame 22
Base
1.000000 0.000000 0.000000 0.000000 
0.000000 1.000000 0.000000 0.000000 
0.000000 0.000000 1.000000 0.000000 
0.000000 0.000000 0.000000 1.000000 

weapon
0.047365 -0.281622 0.958356 0.099193 
-0.993415 0.086922 0.074641 0.188163 
-0.104323 -0.955580 -0.275650 0.032651 
0.000000 0.000000 0.000000 1.000000 

Frame 23
Base
1.000000 0.000000 0.000000 0.000000 
0.000000 1.000000 0.000000 0.000000 
0.000000 0.000000 1.000000 0.000000 
0.000000 0.000000 0.000000 1.000000 

weapon
0.047365 -0.281622 0.958356 0.099193 
-0.993415 0.086922 0.074641 0.188163 
-0.104323 -0.955580 -0.275650 0.032651 
0.000000 0.000000 0.000000 1.000000 

Frame 24
Base
1.000000 0.000000 0.000000 0.000000 
0.000000 1.000000 0.000000 0.000000 
0.000000 0.000000 1.000000 0.000000 
0.000000 0.000000 0.000000 1.000000 

weapon
0.047365 -0.281622 0.958356 0.099193 
-0.993415 0.086922 0.074641 0.188163 
-0.104323 -0.955580 -0.275650 0.032651 
0.000000 0.000000 0.000000 1.000000 

Frame 25
Base
1.000000 0.000000 0.000000 0.000000 
0.000000 1.000000 0.000000 0.000000 
0.000000 0.000000 1.000000 0.000000 
0.000000 0.000000 0.000000 1.000000 

weapon
0.047365 -0.281622 0.958356 0.099193 
-0.993415 0.086922 0.074641 0.188163 
-0.104323 -0.955580 -0.275650 0.032651 
0.000000 0.000000 0.000000 1.000000 

Frame 26
Base
1.000000 0.000000 0.000000 0.000000 
0.000000 1.000000 0.000000 0.000000 
0.000000 0.000000 1.000000 0.000000 
0.000000 0.000000 0.000000 1.000000 

weapon
0.047365 -0.281622 0.958356 0.099193 
-0.993415 0.086922 0.074641 0.188163 
-0.104323 -0.955580 -0.275650 0.032651 
0.000000 0.000000 0.000000 1.000000 

Frame 27
Base
1.000000 0.000000 0.000000 0.000000 
0.000000 1.000000 0.000000 0.000000 
0.000000 0.000000 1.000000 0.000000 
0.000000 0.000000 0.000000 1.000000 

weapon
0.047365 -0.281622 0.958356 0.099193 
-0.993415 0.086922 0.074641 0.188163 
-0.104323 -0.955580 -0.275650 0.032651 
0.000000 0.000000 0.000000 1.000000 

Frame 28
Base
1.000000 0.000000 0.000000 0.000000 
0.000000 1.000000 0.000000 0.000000 
0.000000 0.000000 1.000000 0.000000 
0.000000 0.000000 0.000000 1.000000 

weapon
0.047365 -0.281622 0.958356 0.099193 
-0.993415 0.086922 0.074641 0.188163 
-0.104323 -0.955580 -0.275650 0.032651 
0.000000 0.000000 0.000000 1.000000 

Frame 29
Base
1.000000 0.000000 0.000000 0.000000 
0.000000 1.000000 0.000000 0.000000 
0.000000 0.000000 1.000000 0.000000 
0.000000 0.000000 0.000000 1.000000 

weapon
0.047365 -0.281622 0.958356 0.099193 
-0.993415 0.086922 0.074641 0.188163 
-0.104323 -0.955580 -0.275650 0.032651 
0.000000 0.000000 0.000000 1.000000 

Frame 30
Base
1.000000 0.000000 0.000000 0.000000 
0.000000 1.000000 0.000000 0.000000 
0.000000 0.000000 1.000000 0.000000 
0.000000 0.000000 0.000000 1.000000 

weapon
0.047365 -0.281622 0.958356 0.099193 
-0.993415 0.086922 0.074641 0.188163 
-0.104323 -0.955580 -0.275650 0.032651 
0.000000 0.000000 0.000000 1.000000 

Frame 31
Base
1.000000 0.000000 0.000000 0.000000 
0.000000 1.000000 0.000000 0.000000 
0.000000 0.000000 1.000000 0.000000 
0.000000 0.000000 0.000000 1.000000 

weapon
0.047365 -0.281622 0.958356 0.099193 
-0.993415 0.086922 0.074641 0.188163 
-0.104323 -0.955580 -0.275650 0.032651 
0.000000 0.000000 0.000000 1.000000 

Frame 32
Base
1.000000 0.000000 0.000000 0.000000 
0.000000 1.000000 0.000000 0.000000 
0.000000 0.000000 1.000000 0.000000 
0.000000 0.000000 0.000000 1.000000 

weapon
0.047365 -0.281622 0.958356 0.099193 
-0.993415 0.086922 0.074641 0.188163 
-0.104323 -0.955580 -0.275650 0.032651 
0.000000 0.000000 0.000000 1.000000 

Frame 33
Base
1.000000 0.000000 0.000000 0.000000 
0.000000 1.000000 0.000000 0.000000 
0.000000 0.000000 1.000000 0.000000 
0.000000 0.000000 0.000000 1.000000 

weapon
0.047365 -0.281622 0.958356 0.099193 
-0.993415 0.086922 0.074641 0.188163 
-0.104323 -0.955580 -0.275650 0.032651 
0.000000 0.000000 0.000000 1.000000 

Frame 34
Base
1.000000 0.000000 0.000000 0.000000 
0.000000 1.000000 0.000000 0.000000 
0.000000 0.000000 1.000000 0.000000 
0.000000 0.000000 0.000000 1.000000 

weapon
0.047365 -0.281622 0.958356 0.099193 
-0.993415 0.086922 0.074641 0.188163 
-0.104323 -0.955580 -0.275650 0.032651 
0.000000 0.000000 0.000000 1.000000 

Frame 35
Base
1.000000 0.000000 0.000000 0.000000 
0.000000 1.000000 0.000000 0.000000 
0.000000 0.000000 1.000000 0.000000 
0.000000 0.000000 0.000000 1.000000 

weapon
0.047365 -0.281622 0.958356 0.099193 
-0.993415 0.086922 0.074641 0.188163 
-0.104323 -0.955580 -0.275650 0.032651 
0.000000 0.000000 0.000000 1.000000 

Frame 36
Base
1.000000 0.000000 0.000000 0.000000 
0.000000 1.000000 0.000000 0.000000 
0.000000 0.000000 1.000000 0.000000 
0.000000 0.000000 0.000000 1.000000 

weapon
0.047365 -0.281622 0.958356 0.099193 
-0.993415 0.086922 0.074641 0.188163 
-0.104323 -0.955580 -0.275650 0.032651 
0.000000 0.000000 0.000000 1.000000 

Frame 37
Base
1.000000 0.000000 0.000000 0.000000 
0.000000 1.000000 0.000000 0.000000 
0.000000 0.000000 1.000000 0.000000 
0.000000 0.000000 0.000000 1.000000 

weapon
0.047365 -0.281622 0.958356 0.099193 
-0.993415 0.086922 0.074641 0.188163 
-0.104323 -0.955580 -0.275650 0.032651 
0.000000 0.000000 0.000000 1.000000 

Frame 38
Base
1.000000 0.000000 0.000000 0.000000 
0.000000 1.000000 0.000000 0.000000 
0.000000 0.000000 1.000000 0.000000 
0.000000 0.000000 0.000000 1.000000 

weapon
0.047365 -0.281622 0.958356 0.099193 
-0.993415 0.086922 0.074641 0.188163 
-0.104323 -0.955580 -0.275650 0.032651 
0.000000 0.000000 0.000000 1.000000 

Frame 39
Base
1.000000 0.000000 0.000000 0.000000 
0.000000 1.000000 0.000000 0.000000 
0.000000 0.000000 1.000000 0.000000 
0.000000 0.000000 0.000000 1.000000 

weapon
0.047365 -0.281622 0.958356 0.099193 
-0.993415 0.086922 0.074641 0.188163 
-0.104323 -0.955580 -0.275650 0.032651 
0.000000 0.000000 0.000000 1.000000 

Frame 40
Base
1.000000 0.000000 0.000000 0.000000 
0.000000 1.000000 0.000000 0.000000 
0.000000 0.000000 1.000000 0.000000 
0.000000 0.000000 0.000000 1.000000 

weapon
0.047365 -0.281622 0.958356 0.099193 
-0.993415 0.086922 0.074641 0.188163 
-0.104323 -0.955580 -0.275650 0.032651 
0.000000 0.000000 0.000000 1.000000 

Frame 41
Base
1.000000 0.000000 0.000000 0.000000 
0.000000 1.000000 0.000000 0.000000 
0.000000 0.000000 1.000000 0.000000 
0.000000 0.000000 0.000000 1.000000 

weapon
0.047365 -0.281622 0.958356 0.099193 
-0.993415 0.086922 0.074641 0.188163 
-0.104323 -0.955580 -0.275650 0.032651 
0.000000 0.000000 0.000000 1.000000 

Frame 42
Base
1.000000 0.000000 0.000000 0.000000 
0.000000 1.000000 0.000000 0.000000 
0.000000 0.000000 1.000000 0.000000 
0.000000 0.000000 0.000000 1.000000 

weapon
0.047365 -0.281622 0.958356 0.099193 
-0.993415 0.086922 0.074641 0.188163 
-0.104323 -0.955580 -0.275650 0.032651 
0.000000 0.000000 0.000000 1.000000 

Frame 43
Base
1.000000 0.000000 0.000000 0.000000 
0.000000 1.000000 0.000000 0.000000 
0.000000 0.000000 1.000000 0.000000 
0.000000 0.000000 0.000000 1.000000 

weapon
0.047365 -0.281622 0.958356 0.099193 
-0.993415 0.086922 0.074641 0.188163 
-0.104323 -0.955580 -0.275650 0.032651 
0.000000 0.000000 0.000000 1.000000 

Frame 44
Base
1.000000 0.000000 0.000000 0.000000 
0.000000 1.000000 0.000000 0.000000 
0.000000 0.000000 1.000000 0.000000 
0.000000 0.000000 0.000000 1.000000 

weapon
0.047365 -0.281622 0.958356 0.099193 
-0.993415 0.086922 0.074641 0.188163 
-0.104323 -0.955580 -0.275650 0.032651 
0.000000 0.000000 0.000000 1.000000 

Frame 45
Base
1.000000 0.000000 0.000000 0.000000 
0.000000 1.000000 0.000000 0.000000 
0.000000 0.000000 1.000000 0.000000 
0.000000 0.000000 0.000000 1.000000 

weapon
0.047365 -0.281622 0.958356 0.099193 
-0.993415 0.086922 0.074641 0.188163 
-0.104323 -0.955580 -0.275650 0.032651 
0.000000 0.000000 0.000000 1.000000 

Frame 46
Base
1.000000 0.000000 0.000000 0.000000 
0.000000 1.000000 0.000000 0.000000 
0.000000 0.000000 1.000000 0.000000 
0.000000 0.000000 0.000000 1.000000 

weapon
0.047365 -0.281622 0.958356 0.099193 
-0.993415 0.086922 0.074641 0.188163 
-0.104323 -0.955580 -0.275650 0.032651 
0.000000 0.000000 0.000000 1.000000 

Frame 47
Base
1.000000 0.000000 0.000000 0.000000 
0.000000 1.000000 0.000000 0.000000 
0.000000 0.000000 1.000000 0.000000 
0.000000 0.000000 0.000000 1.000000 

weapon
0.047365 -0.281622 0.958356 0.099193 
-0.993415 0.086922 0.074641 0.188163 
-0.104323 -0.955580 -0.275650 0.032651 
0.000000 0.000000 0.000000 1.000000 

Frame 48
Base
1.000000 0.000000 0.000000 0.000000 
0.000000 1.000000 0.000000 0.000000 
0.000000 0.000000 1.000000 0.000000 
0.000000 0.000000 0.000000 1.000000 

weapon
0.047365 -0.281622 0.958356 0.099193 
-0.993415 0.086922 0.074641 0.188163 
-0.104323 -0.955580 -0.275650 0.032651 
0.000000 0.000000 0.000000 1.000000 

Frame 49
Base
1.000000 0.000000 0.000000 0.000000 
0.000000 1.000000 0.000000 0.000000 
0.000000 0.000000 1.000000 0.000000 
0.000000 0.000000 0.000000 1.000000 

weapon
0.047365 -0.281622 0.958356 0.099193 
-0.993415 0.086922 0.074641 0.188163 
-0.104323 -0.955580 -0.275650 0.032651 
0.000000 0.000000 0.000000 1.000000 

Frame 50
Base
1.000000 0.000000 0.000000 0.000000 
0.000000 1.000000 0.000000 0.000000 
0.000000 0.000000 1.000000 0.000000 
0.000000 0.000000 0.000000 1.000000 

weapon
0.047365 -0.281622 0.958356 0.099193 
-0.993415 0.086922 0.074641 0.188163 
-0.104323 -0.955580 -0.275650 0.032651 
0.000000 0.000000 0.000000 1.000000 

Frame 51
Base
1.000000 0.000000 0.000000 0.000000 
0.000000 1.000000 0.000000 0.000000 
0.000000 0.000000 1.000000 0.000000 
0.000000 0.000000 0.000000 1.000000 

weapon
0.047365 -0.281622 0.958356 0.099193 
-0.993415 0.086922 0.074641 0.188163 
-0.104323 -0.955580 -0.275650 0.032651 
0.000000 0.000000 0.000000 1.000000 

Frame 52
Base
1.000000 0.000000 0.000000 0.000000 
0.000000 1.000000 0.000000 0.000000 
0.000000 0.000000 1.000000 0.000000 
0.000000 0.000000 0.000000 1.000000 

weapon
0.047365 -0.281622 0.958356 0.099193 
-0.993415 0.086922 0.074641 0.188163 
-0.104323 -0.955580 -0.275650 0.032651 
0.000000 0.000000 0.000000 1.000000 

Frame 53
Base
1.000000 0.000000 0.000000 0.000000 
0.000000 1.000000 0.000000 0.000000 
0.000000 0.000000 1.000000 0.000000 
0.000000 0.000000 0.000000 1.000000 

weapon
0.047365 -0.281622 0.958356 0.099193 
-0.993415 0.086922 0.074641 0.188163 
-0.104323 -0.955580 -0.275650 0.032651 
0.000000 0.000000 0.000000 1.000000 

Frame 54
Base
1.000000 0.000000 0.000000 0.000000 
0.000000 1.000000 0.000000 0.000000 
0.000000 0.000000 1.000000 0.000000 
0.000000 0.000000 0.000000 1.000000 

weapon
0.047365 -0.281622 0.958356 0.099193 
-0.993415 0.086922 0.074641 0.188163 
-0.104323 -0.955580 -0.275650 0.032651 
0.000000 0.000000 0.000000 1.000000 

Frame 55
Base
1.000000 0.000000 0.000000 0.000000 
0.000000 1.000000 0.000000 0.000000 
0.000000 0.000000 1.000000 0.000000 
0.000000 0.000000 0.000000 1.000000 

weapon
0.047365 -0.281622 0.958356 0.099193 
-0.993415 0.086922 0.074641 0.188163 
-0.104323 -0.955580 -0.275650 0.032651 
0.000000 0.000000 0.000000 1.000000 

Frame 56
Base
1.000000 0.000000 0.000000 0.000000 
0.000000 1.000000 0.000000 0.000000 
0.000000 0.000000 1.000000 0.000000 
0.000000 0.000000 0.000000 1.000000 

weapon
0.047365 -0.281622 0.958356 0.099193 
-0.993415 0.086922 0.074641 0.188163 
-0.104323 -0.955580 -0.275650 0.032651 
0.000000 0.000000 0.000000 1.000000 

Frame 57
Base
1.000000 0.000000 0.000000 0.000000 
0.000000 1.000000 0.000000 0.000000 
0.000000 0.000000 1.000000 0.000000 
0.000000 0.000000 0.000000 1.000000 

weapon
0.047365 -0.281622 0.958356 0.099193 
-0.993415 0.086922 0.074641 0.188163 
-0.104323 -0.955580 -0.275650 0.032651 
0.000000 0.000000 0.000000 1.000000 

Frame 58
Base
1.000000 0.000000 0.000000 0.000000 
0.000000 1.000000 0.000000 0.000000 
0.000000 0.000000 1.000000 0.000000 
0.000000 0.000000 0.000000 1.000000 

weapon
0.047365 -0.281622 0.958356 0.099193 
-0.993415 0.086922 0.074641 0.188163 
-0.104323 -0.955580 -0.275650 0.032651 
0.000000 0.000000 0.000000 1.000000 

Frame 59
Base
1.000000 0.000000 0.000000 0.000000 
0.000000 1.000000 0.000000 0.000000 
0.000000 0.000000 1.000000 0.000000 
0.000000 0.000000 0.000000 1.000000 

weapon
0.047365 -0.281622 0.958356 0.099193 
-0.993415 0.086922 0.074641 0.188163 
-0.104323 -0.955580 -0.275650 0.032651 
0.000000 0.000000 0.000000 1.000000 

Frame 60
Base
1.000000 0.000000 0.000000 0.000000 
0.000000 1.000000 0.000000 0.000000 
0.000000 0.000000 1.000000 0.000000 
0.000000 0.000000 0.000000 1.000000 

weapon
0.047365 -0.281622 0.958356 0.099193 
-0.993415 0.086922 0.074641 0.188163 
-0.104323 -0.955580 -0.275650 0.032651 
0.000000 0.000000 0.000000 1.000000 

Frame 61
Base
1.000000 0.000000 0.000000 0.000000 
0.000000 1.000000 0.000000 0.000000 
0.000000 0.000000 1.000000 0.000000 
0.000000 0.000000 0.000000 1.000000 

weapon
0.047365 -0.281622 0.958356 0.099193 
-0.993415 0.086922 0.074641 0.188163 
-0.104323 -0.955580 -0.275650 0.032651 
0.000000 0.000000 0.000000 1.000000 

Frame 62
Base
1.000000 0.000000 0.000000 0.000000 
0.000000 1.000000 0.000000 0.000000 
0.000000 0.000000 1.000000 0.000000 
0.000000 0.000000 0.000000 1.000000 

weapon
0.047365 -0.281622 0.958356 0.099193 
-0.993415 0.086922 0.074641 0.188163 
-0.104323 -0.955580 -0.275650 0.032651 
0.000000 0.000000 0.000000 1.000000 

Frame 63
Base
1.000000 0.000000 0.000000 0.000000 
0.000000 1.000000 0.000000 0.000000 
0.000000 0.000000 1.000000 0.000000 
0.000000 0.000000 0.000000 1.000000 

weapon
0.047365 -0.281622 0.958356 0.099193 
-0.993415 0.086922 0.074641 0.188163 
-0.104323 -0.955580 -0.275650 0.032651 
0.000000 0.000000 0.000000 1.000000 

Frame 64
Base
1.000000 0.000000 0.000000 0.000000 
0.000000 1.000000 0.000000 0.000000 
0.000000 0.000000 1.000000 0.000000 
0.000000 0.000000 0.000000 1.000000 

weapon
0.047365 -0.281622 0.958356 0.099193 
-0.993415 0.086922 0.074641 0.188163 
-0.104323 -0.955580 -0.275650 0.032651 
0.000000 0.000000 0.000000 1.000000 

Frame 65
Base
1.000000 0.000000 0.000000 0.000000 
0.000000 1.000000 0.000000 0.000000 
0.000000 0.000000 1.000000 0.000000 
0.000000 0.000000 0.000000 1.000000 

weapon
0.047365 -0.281622 0.958356 0.099193 
-0.993415 0.086922 0.074641 0.188163 
-0.104323 -0.955580 -0.275650 0.032651 
0.000000 0.000000 0.000000 1.000000 

Frame 66
Base
1.000000 0.000000 0.000000 0.000000 
0.000000 1.000000 0.000000 0.000000 
0.000000 0.000000 1.000000 0.000000 
0.000000 0.000000 0.000000 1.000000 

weapon
0.047365 -0.281622 0.958356 0.099193 
-0.993415 0.086922 0.074641 0.188163 
-0.104323 -0.955580 -0.275650 0.032651 
0.000000 0.000000 0.000000 1.000000 

Frame 67
Base
1.000000 0.000000 0.000000 0.000000 
0.000000 1.000000 0.000000 0.000000 
0.000000 0.000000 1.000000 0.000000 
0.000000 0.000000 0.000000 1.000000 

weapon
0.047365 -0.281622 0.958356 0.099193 
-0.993415 0.086922 0.074641 0.188163 
-0.104323 -0.955580 -0.275650 0.032651 
0.000000 0.000000 0.000000 1.000000 

Frame 68
Base
1.000000 0.000000 0.000000 0.000000 
0.000000 1.000000 0.000000 0.000000 
0.000000 0.000000 1.000000 0.000000 
0.000000 0.000000 0.000000 1.000000 

weapon
0.047365 -0.281622 0.958356 0.099193 
-0.993415 0.086922 0.074641 0.188163 
-0.104323 -0.955580 -0.275650 0.032651 
0.000000 0.000000 0.000000 1.000000 

Frame 69
Base
1.000000 0.000000 0.000000 0.000000 
0.000000 1.000000 0.000000 0.000000 
0.000000 0.000000 1.000000 0.000000 
0.000000 0.000000 0.000000 1.000000 

weapon
0.047365 -0.281622 0.958356 0.099193 
-0.993415 0.086922 0.074641 0.188163 
-0.104323 -0.955580 -0.275650 0.032651 
0.000000 0.000000 0.000000 1.000000 

Frame 70
Base
1.000000 0.000000 0.000000 0.000000 
0.000000 1.000000 0.000000 0.000000 
0.000000 0.000000 1.000000 0.000000 
0.000000 0.000000 0.000000 1.000000 

weapon
0.047365 -0.281622 0.958356 0.099193 
-0.993415 0.086922 0.074641 0.188163 
-0.104323 -0.955580 -0.275650 0.032651 
0.000000 0.000000 0.000000 1.000000 

Frame 71
Base
1.000000 0.000000 0.000000 0.000000 
0.000000 1.000000 0.000000 0.000000 
0.000000 0.000000 1.000000 0.000000 
0.000000 0.000000 0.000000 1.000000 

weapon
0.047365 -0.281622 0.958356 0.099193 
-0.993415 0.086922 0.074641 0.188163 
-0.104323 -0.955580 -0.275650 0.032651 
0.000000 0.000000 0.000000 1.000000 

Frame 72
Base
1.000000 0.000000 0.000000 0.000000 
0.000000 1.000000 0.000000 0.000000 
0.000000 0.000000 1.000000 0.000000 
0.000000 0.000000 0.000000 1.000000 

weapon
0.047365 -0.281622 0.958356 0.099193 
-0.993415 0.086922 0.074641 0.188163 
-0.104323 -0.955580 -0.275650 0.032651 
0.000000 0.000000 0.000000 1.000000 

Frame 73
Base
1.000000 0.000000 0.000000 0.000000 
0.000000 1.000000 0.000000 0.000000 
0.000000 0.000000 1.000000 0.000000 
0.000000 0.000000 0.000000 1.000000 

weapon
0.047365 -0.281622 0.958356 0.099193 
-0.993415 0.086922 0.074641 0.188163 
-0.104323 -0.955580 -0.275650 0.032651 
0.000000 0.000000 0.000000 1.000000 

Frame 74
Base
1.000000 0.000000 0.000000 0.000000 
0.000000 1.000000 0.000000 0.000000 
0.000000 0.000000 1.000000 0.000000 
0.000000 0.000000 0.000000 1.000000 

weapon
0.047365 -0.281622 0.958356 0.099193 
-0.993415 0.086922 0.074641 0.188163 
-0.104323 -0.955580 -0.275650 0.032651 
0.000000 0.000000 0.000000 1.000000 

Frame 75
Base
1.000000 0.000000 0.000000 0.000000 
0.000000 1.000000 0.000000 0.000000 
0.000000 0.000000 1.000000 0.000000 
0.000000 0.000000 0.000000 1.000000 

weapon
0.047365 -0.281622 0.958356 0.099193 
-0.993415 0.086922 0.074641 0.188163 
-0.104323 -0.955580 -0.275650 0.032651 
0.000000 0.000000 0.000000 1.000000 

Frame 76
Base
1.000000 0.000000 0.000000 0.000000 
0.000000 1.000000 0.000000 0.000000 
0.000000 0.000000 1.000000 0.000000 
0.000000 0.000000 0.000000 1.000000 

weapon
0.047365 -0.281622 0.958356 0.099193 
-0.993415 0.086922 0.074641 0.188163 
-0.104323 -0.955580 -0.275650 0.032651 
0.000000 0.000000 0.000000 1.000000 

Frame 77
Base
1.000000 0.000000 0.000000 0.000000 
0.000000 1.000000 0.000000 0.000000 
0.000000 0.000000 1.000000 0.000000 
0.000000 0.000000 0.000000 1.000000 

weapon
0.047365 -0.281622 0.958356 0.099193 
-0.993415 0.086922 0.074641 0.188163 
-0.104323 -0.955580 -0.275650 0.032651 
0.000000 0.000000 0.000000 1.000000 

Frame 78
Base
1.000000 0.000000 0.000000 0.000000 
0.000000 1.000000 0.000000 0.000000 
0.000000 0.000000 1.000000 0.000000 
0.000000 0.000000 0.000000 1.000000 

weapon
0.047365 -0.281622 0.958356 0.099193 
-0.993415 0.086922 0.074641 0.188163 
-0.104323 -0.955580 -0.275650 0.032651 
0.000000 0.000000 0.000000 1.000000 

Frame 79
Base
1.000000 0.000000 0.000000 0.000000 
0.000000 1.000000 0.000000 0.000000 
0.000000 0.000000 1.000000 0.000000 
0.000000 0.000000 0.000000 1.000000 

weapon
0.047365 -0.281622 0.958356 0.099193 
-0.993415 0.086922 0.074641 0.188163 
-0.104323 -0.955580 -0.275650 0.032651 
0.000000 0.000000 0.000000 1.000000 

Frame 80
Base
1.000000 0.000000 0.000000 0.000000 
0.000000 1.000000 0.000000 0.000000 
0.000000 0.000000 1.000000 0.000000 
0.000000 0.000000 0.000000 1.000000 

weapon
0.047365 -0.281622 0.958356 0.099193 
-0.993415 0.086922 0.074641 0.188163 
-0.104323 -0.955580 -0.275650 0.032651 
0.000000 0.000000 0.000000 1.000000 

Frame 81
Base
1.000000 0.000000 0.000000 0.000000 
0.000000 1.000000 0.000000 0.000000 
0.000000 0.000000 1.000000 0.000000 
0.000000 0.000000 0.000000 1.000000 

weapon
0.047365 -0.281622 0.958356 0.099193 
-0.993415 0.086922 0.074641 0.188163 
-0.104323 -0.955580 -0.275650 0.032651 
0.000000 0.000000 0.000000 1.000000 

Frame 82
Base
1.000000 0.000000 0.000000 0.000000 
0.000000 1.000000 0.000000 0.000000 
0.000000 0.000000 1.000000 0.000000 
0.000000 0.000000 0.000000 1.000000 

weapon
0.047365 -0.281622 0.958356 0.099193 
-0.993415 0.086922 0.074641 0.188163 
-0.104323 -0.955580 -0.275650 0.032651 
0.000000 0.000000 0.000000 1.000000 

Frame 83
Base
1.000000 0.000000 0.000000 0.000000 
0.000000 1.000000 0.000000 0.000000 
0.000000 0.000000 1.000000 0.000000 
0.000000 0.000000 0.000000 1.000000 

weapon
0.047365 -0.281622 0.958356 0.099193 
-0.993415 0.086922 0.074641 0.188163 
-0.104323 -0.955580 -0.275650 0.032651 
0.000000 0.000000 0.000000 1.000000 

Frame 84
Base
1.000000 0.000000 0.000000 0.000000 
0.000000 1.000000 0.000000 0.000000 
0.000000 0.000000 1.000000 0.000000 
0.000000 0.000000 0.000000 1.000000 

weapon
0.047365 -0.281622 0.958356 0.099193 
-0.993415 0.086922 0.074641 0.188163 
-0.104323 -0.955580 -0.275650 0.032651 
0.000000 0.000000 0.000000 1.000000 

Frame 85
Base
1.000000 0.000000 0.000000 0.000000 
0.000000 1.000000 0.000000 0.000000 
0.000000 0.000000 1.000000 0.000000 
0.000000 0.000000 0.000000 1.000000 

weapon
0.047365 -0.281622 0.958356 0.099193 
-0.993415 0.086922 0.074641 0.188163 
-0.104323 -0.955580 -0.275650 0.032651 
0.000000 0.000000 0.000000 1.000000 

Frame 86
Base
1.000000 0.000000 0.000000 0.000000 
0.000000 1.000000 0.000000 0.000000 
0.000000 0.000000 1.000000 0.000000 
0.000000 0.000000 0.000000 1.000000 

weapon
0.047365 -0.281622 0.958356 0.099193 
-0.993415 0.086922 0.074641 0.188163 
-0.104323 -0.955580 -0.275650 0.032651 
0.000000 0.000000 0.000000 1.000000 

Frame 87
Base
1.000000 0.000000 0.000000 0.000000 
0.000000 1.000000 0.000000 0.000000 
0.000000 0.000000 1.000000 0.000000 
0.000000 0.000000 0.000000 1.000000 

weapon
0.047365 -0.281622 0.958356 0.099193 
-0.993415 0.086922 0.074641 0.188163 
-0.104323 -0.955580 -0.275650 0.032651 
0.000000 0.000000 0.000000 1.000000 

Frame 88
Base
1.000000 0.000000 0.000000 0.000000 
0.000000 1.000000 0.000000 0.000000 
0.000000 0.000000 1.000000 0.000000 
0.000000 0.000000 0.000000 1.000000 

weapon
0.047365 -0.281622 0.958356 0.099193 
-0.993415 0.086922 0.074641 0.188163 
-0.104323 -0.955580 -0.275650 0.032651 
0.000000 0.000000 0.000000 1.000000 

Frame 89
Base
1.000000 0.000000 0.000000 0.000000 
0.000000 1.000000 0.000000 0.000000 
0.000000 0.000000 1.000000 0.000000 
0.000000 0.000000 0.000000 1.000000 

weapon
0.047365 -0.281622 0.958356 0.099193 
-0.993415 0.086922 0.074641 0.188163 
-0.104323 -0.955580 -0.275650 0.032651 
0.000000 0.000000 0.000000 1.000000 

Frame 90
Base
1.000000 0.000000 0.000000 0.000000 
0.000000 1.000000 0.000000 0.000000 
0.000000 0.000000 1.000000 0.000000 
0.000000 0.000000 0.000000 1.000000 

weapon
0.047365 -0.281622 0.958356 0.099193 
-0.993415 0.086922 0.074641 0.188163 
-0.104323 -0.955580 -0.275650 0.032651 
0.000000 0.000000 0.000000 1.000000 

Frame 91
Base
1.000000 0.000000 0.000000 0.000000 
0.000000 1.000000 0.000000 0.000000 
0.000000 0.000000 1.000000 0.000000 
0.000000 0.000000 0.000000 1.000000 

weapon
0.047365 -0.281622 0.958356 0.099193 
-0.993415 0.086922 0.074641 0.188163 
-0.104323 -0.955580 -0.275650 0.032651 
0.000000 0.000000 0.000000 1.000000 

Frame 92
Base
1.000000 0.000000 0.000000 0.000000 
0.000000 1.000000 0.000000 0.000000 
0.000000 0.000000 1.000000 0.000000 
0.000000 0.000000 0.000000 1.000000 

weapon
0.047365 -0.281622 0.958356 0.099193 
-0.993415 0.086922 0.074641 0.188163 
-0.104323 -0.955580 -0.275650 0.032651 
0.000000 0.000000 0.000000 1.000000 

Frame 93
Base
1.000000 0.000000 0.000000 0.000000 
0.000000 1.000000 0.000000 0.000000 
0.000000 0.000000 1.000000 0.000000 
0.000000 0.000000 0.000000 1.000000 

weapon
0.047365 -0.281622 0.958356 0.099193 
-0.993415 0.086922 0.074641 0.188163 
-0.104323 -0.955580 -0.275650 0.032651 
0.000000 0.000000 0.000000 1.000000 

Frame 94
Base
1.000000 0.000000 0.000000 0.000000 
0.000000 1.000000 0.000000 0.000000 
0.000000 0.000000 1.000000 0.000000 
0.000000 0.000000 0.000000 1.000000 

weapon
0.047365 -0.281622 0.958356 0.099193 
-0.993415 0.086922 0.074641 0.188163 
-0.104323 -0.955580 -0.275650 0.032651 
0.000000 0.000000 0.000000 1.000000 

Frame 95
Base
1.000000 0.000000 0.000000 0.000000 
0.000000 1.000000 0.000000 0.000000 
0.000000 0.000000 1.000000 0.000000 
0.000000 0.000000 0.000000 1.000000 

weapon
0.047365 -0.281622 0.958356 0.099193 
-0.993415 0.086922 0.074641 0.188163 
-0.104323 -0.955580 -0.275650 0.032651 
0.000000 0.000000 0.000000 1.000000 

Frame 96
Base
1.000000 0.000000 0.000000 0.000000 
0.000000 1.000000 0.000000 0.000000 
0.000000 0.000000 1.000000 0.000000 
0.000000 0.000000 0.000000 1.000000 

weapon
0.047365 -0.281622 0.958356 0.099193 
-0.993415 0.086922 0.074641 0.188163 
-0.104323 -0.955580 -0.275650 0.032651 
0.000000 0.000000 0.000000 1.000000 

Frame 97
Base
1.000000 0.000000 0.000000 0.000000 
0.000000 1.000000 0.000000 0.000000 
0.000000 0.000000 1.000000 0.000000 
0.000000 0.000000 0.000000 1.000000 

weapon
0.047365 -0.281622 0.958356 0.099193 
-0.993415 0.086922 0.074641 0.188163 
-0.104323 -0.955580 -0.275650 0.032651 
0.000000 0.000000 0.000000 1.000000 

Frame 98
Base
1.000000 0.000000 0.000000 0.000000 
0.000000 1.000000 0.000000 0.000000 
0.000000 0.000000 1.000000 0.000000 
0.000000 0.000000 0.000000 1.000000 

weapon
0.047365 -0.281622 0.958356 0.099193 
-0.993415 0.086922 0.074641 0.188163 
-0.104323 -0.955580 -0.275650 0.032651 
0.000000 0.000000 0.000000 1.000000 

Frame 99
Base
1.000000 0.000000 0.000000 0.000000 
0.000000 1.000000 0.000000 0.000000 
0.000000 0.000000 1.000000 0.000000 
0.000000 0.000000 0.000000 1.000000 

weapon
0.047365 -0.281622 0.958356 0.099193 
-0.993415 0.086922 0.074641 0.188163 
-0.104323 -0.955580 -0.275650 0.032651 
0.000000 0.000000 0.000000 1.000000 

Frame 100
Base
1.000000 0.000000 0.000000 0.000000 
0.000000 1.000000 0.000000 0.000000 
0.000000 0.000000 1.000000 0.000000 
0.000000 0.000000 0.000000 1.000000 

weapon
0.047365 -0.281622 0.958356 0.099193 
-0.993415 0.086922 0.074641 0.188163 
-0.104323 -0.955580 -0.275650 0.032651 
0.000000 0.000000 0.000000 1.000000 

Frame 101
Base
1.000000 0.000000 0.000000 0.000000 
0.000000 1.000000 0.000000 0.000000 
0.000000 0.000000 1.000000 0.000000 
0.000000 0.000000 0.000000 1.000000 

weapon
0.047365 -0.281622 0.958356 0.099193 
-0.993415 0.086922 0.074641 0.188163 
-0.104323 -0.955580 -0.275650 0.032651 
0.000000 0.000000 0.000000 1.000000 

Frame 102
Base
1.000000 0.000000 0.000000 0.000000 
0.000000 1.000000 0.000000 0.000000 
0.000000 0.000000 1.000000 0.000000 
0.000000 0.000000 0.000000 1.000000 

weapon
0.047365 -0.281622 0.958356 0.099193 
-0.993415 0.086922 0.074641 0.188163 
-0.104323 -0.955580 -0.275650 0.032651 
0.000000 0.000000 0.000000 1.000000 

Frame 103
Base
1.000000 0.000000 0.000000 0.000000 
0.000000 1.000000 0.000000 0.000000 
0.000000 0.000000 1.000000 0.000000 
0.000000 0.000000 0.000000 1.000000 

weapon
0.047365 -0.281622 0.958356 0.099193 
-0.993415 0.086922 0.074641 0.188163 
-0.104323 -0.955580 -0.275650 0.032651 
0.000000 0.000000 0.000000 1.000000 

Frame 104
Base
1.000000 0.000000 0.000000 0.000000 
0.000000 1.000000 0.000000 0.000000 
0.000000 0.000000 1.000000 0.000000 
0.000000 0.000000 0.000000 1.000000 

weapon
0.047365 -0.281622 0.958356 0.099193 
-0.993415 0.086922 0.074641 0.188163 
-0.104323 -0.955580 -0.275650 0.032651 
0.000000 0.000000 0.000000 1.000000 

Frame 105
Base
1.000000 0.000000 0.000000 0.000000 
0.000000 1.000000 0.000000 0.000000 
0.000000 0.000000 1.000000 0.000000 
0.000000 0.000000 0.000000 1.000000 

weapon
0.047365 -0.281622 0.958356 0.099193 
-0.993415 0.086922 0.074641 0.188163 
-0.104323 -0.955580 -0.275650 0.032651 
0.000000 0.000000 0.000000 1.000000 

Frame 106
Base
1.000000 0.000000 0.000000 0.000000 
0.000000 1.000000 0.000000 0.000000 
0.000000 0.000000 1.000000 0.000000 
0.000000 0.000000 0.000000 1.000000 

weapon
0.047365 -0.281622 0.958356 0.099193 
-0.993415 0.086922 0.074641 0.188163 
-0.104323 -0.955580 -0.275650 0.032651 
0.000000 0.000000 0.000000 1.000000 

Frame 107
Base
1.000000 0.000000 0.000000 0.000000 
0.000000 1.000000 0.000000 0.000000 
0.000000 0.000000 1.000000 0.000000 
0.000000 0.000000 0.000000 1.000000 

weapon
0.047365 -0.281622 0.958356 0.099193 
-0.993415 0.086922 0.074641 0.188163 
-0.104323 -0.955580 -0.275650 0.032651 
0.000000 0.000000 0.000000 1.000000 

Frame 108
Base
1.000000 0.000000 0.000000 0.000000 
0.000000 1.000000 0.000000 0.000000 
0.000000 0.000000 1.000000 0.000000 
0.000000 0.000000 0.000000 1.000000 

weapon
0.047365 -0.281622 0.958356 0.099193 
-0.993415 0.086922 0.074641 0.188163 
-0.104323 -0.955580 -0.275650 0.032651 
0.000000 0.000000 0.000000 1.000000 

Frame 109
Base
1.000000 0.000000 0.000000 0.000000 
0.000000 1.000000 0.000000 0.000000 
0.000000 0.000000 1.000000 0.000000 
0.000000 0.000000 0.000000 1.000000 

weapon
0.047365 -0.281622 0.958356 0.099193 
-0.993415 0.086922 0.074641 0.188163 
-0.104323 -0.955580 -0.275650 0.032651 
0.000000 0.000000 0.000000 1.000000 

Frame 110
Base
1.000000 0.000000 0.000000 0.000000 
0.000000 1.000000 0.000000 0.000000 
0.000000 0.000000 1.000000 0.000000 
0.000000 0.000000 0.000000 1.000000 

weapon
0.047365 -0.281622 0.958356 0.099193 
-0.993415 0.086922 0.074641 0.188163 
-0.104323 -0.955580 -0.275650 0.032651 
0.000000 0.000000 0.000000 1.000000 

Frame 111
Base
1.000000 0.000000 0.000000 0.000000 
0.000000 1.000000 0.000000 0.000000 
0.000000 0.000000 1.000000 0.000000 
0.000000 0.000000 0.000000 1.000000 

weapon
0.047365 -0.281622 0.958356 0.099193 
-0.993415 0.086922 0.074641 0.188163 
-0.104323 -0.955580 -0.275650 0.032651 
0.000000 0.000000 0.000000 1.000000 

Frame 112
Base
1.000000 0.000000 0.000000 0.000000 
0.000000 1.000000 0.000000 0.000000 
0.000000 0.000000 1.000000 0.000000 
0.000000 0.000000 0.000000 1.000000 

weapon
0.047365 -0.281622 0.958356 0.099193 
-0.993415 0.086922 0.074641 0.188163 
-0.104323 -0.955580 -0.275650 0.032651 
0.000000 0.000000 0.000000 1.000000 

Frame 113
Base
1.000000 0.000000 0.000000 0.000000 
0.000000 1.000000 0.000000 0.000000 
0.000000 0.000000 1.000000 0.000000 
0.000000 0.000000 0.000000 1.000000 

weapon
0.047365 -0.281622 0.958356 0.099193 
-0.993415 0.086922 0.074641 0.188163 
-0.104323 -0.955580 -0.275650 0.032651 
0.000000 0.000000 0.000000 1.000000 

Frame 114
Base
1.000000 0.000000 0.000000 0.000000 
0.000000 1.000000 0.000000 0.000000 
0.000000 0.000000 1.000000 0.000000 
0.000000 0.000000 0.000000 1.000000 

weapon
0.047365 -0.281622 0.958356 0.099193 
-0.993415 0.086922 0.074641 0.188163 
-0.104323 -0.955580 -0.275650 0.032651 
0.000000 0.000000 0.000000 1.000000 

Frame 115
Base
1.000000 0.000000 0.000000 0.000000 
0.000000 1.000000 0.000000 0.000000 
0.000000 0.000000 1.000000 0.000000 
0.000000 0.000000 0.000000 1.000000 

weapon
0.047365 -0.281622 0.958356 0.099193 
-0.993415 0.086922 0.074641 0.188163 
-0.104323 -0.955580 -0.275650 0.032651 
0.000000 0.000000 0.000000 1.000000 

Frame 116
Base
1.000000 0.000000 0.000000 0.000000 
0.000000 1.000000 0.000000 0.000000 
0.000000 0.000000 1.000000 0.000000 
0.000000 0.000000 0.000000 1.000000 

weapon
0.047365 -0.281622 0.958356 0.099193 
-0.993415 0.086922 0.074641 0.188163 
-0.104323 -0.955580 -0.275650 0.032651 
0.000000 0.000000 0.000000 1.000000 

Frame 117
Base
1.000000 0.000000 0.000000 0.000000 
0.000000 1.000000 0.000000 0.000000 
0.000000 0.000000 1.000000 0.000000 
0.000000 0.000000 0.000000 1.000000 

weapon
0.047365 -0.281622 0.958356 0.099193 
-0.993415 0.086922 0.074641 0.188163 
-0.104323 -0.955580 -0.275650 0.032651 
0.000000 0.000000 0.000000 1.000000 

Frame 118
Base
1.000000 0.000000 0.000000 0.000000 
0.000000 1.000000 0.000000 0.000000 
0.000000 0.000000 1.000000 0.000000 
0.000000 0.000000 0.000000 1.000000 

weapon
0.047365 -0.281622 0.958356 0.099193 
-0.993415 0.086922 0.074641 0.188163 
-0.104323 -0.955580 -0.275650 0.032651 
0.000000 0.000000 0.000000 1.000000 

Frame 119
Base
1.000000 0.000000 0.000000 0.000000 
0.000000 1.000000 0.000000 0.000000 
0.000000 0.000000 1.000000 0.000000 
0.000000 0.000000 0.000000 1.000000 

weapon
0.047365 -0.281622 0.958356 0.099193 
-0.993415 0.086922 0.074641 0.188163 
-0.104323 -0.955580 -0.275650 0.032651 
0.000000 0.000000 0.000000 1.000000 

Frame 120
Base
1.000000 0.000000 0.000000 0.000000 
0.000000 1.000000 0.000000 0.000000 
0.000000 0.000000 1.000000 0.000000 
0.000000 0.000000 0.000000 1.000000 

weapon
0.047365 -0.281622 0.958356 0.099193 
-0.993415 0.086922 0.074641 0.188163 
-0.104323 -0.955580 -0.275650 0.032651 
0.000000 0.000000 0.000000 1.000000 

Frame 121
Base
1.000000 0.000000 0.000000 0.000000 
0.000000 1.000000 0.000000 0.000000 
0.000000 0.000000 1.000000 0.000000 
0.000000 0.000000 0.000000 1.000000 

weapon
0.047365 -0.281622 0.958356 0.099193 
-0.993415 0.086922 0.074641 0.188163 
-0.104323 -0.955580 -0.275650 0.032651 
0.000000 0.000000 0.000000 1.000000 

Frame 122
Base
1.000000 0.000000 0.000000 0.000000 
0.000000 1.000000 0.000000 0.000000 
0.000000 0.000000 1.000000 0.000000 
0.000000 0.000000 0.000000 1.000000 

weapon
0.047365 -0.281622 0.958356 0.099193 
-0.993415 0.086922 0.074641 0.188163 
-0.104323 -0.955580 -0.275650 0.032651 
0.000000 0.000000 0.000000 1.000000 

];
