simple game object export addon
Bones 3
[
Frames 250
Frame 1
Bone
1.000000 0.000000 -0.000000 0.000000 
-0.000000 -0.283265 -0.959042 0.045301 
-0.000000 0.959042 -0.283265 2.423958 
0.000000 0.000000 0.000000 1.000000 

eye.L
1.000000 -0.000000 -0.000025 0.060050 
0.000000 -0.999941 0.010870 -0.072209 
-0.000025 -0.010870 -0.999941 2.570894 
0.000000 0.000000 0.000000 1.000000 

eye.R
1.000000 -0.000000 0.000025 -0.060050 
-0.000000 -0.999941 0.010870 -0.072209 
0.000025 -0.010870 -0.999941 2.570894 
0.000000 0.000000 0.000000 1.000000 

Frame 2
Bone
1.000000 0.000000 -0.000000 0.000000 
-0.000000 -0.283265 -0.959042 0.045301 
-0.000000 0.959042 -0.283265 2.423958 
0.000000 0.000000 0.000000 1.000000 

eye.L
1.000000 -0.000000 -0.000025 0.060050 
0.000000 -0.999941 0.010870 -0.072209 
-0.000025 -0.010870 -0.999941 2.570894 
0.000000 0.000000 0.000000 1.000000 

eye.R
1.000000 -0.000000 0.000025 -0.060050 
-0.000000 -0.999941 0.010870 -0.072209 
0.000025 -0.010870 -0.999941 2.570894 
0.000000 0.000000 0.000000 1.000000 

Frame 3
Bone
1.000000 0.000000 -0.000000 0.000000 
-0.000000 -0.283265 -0.959042 0.045301 
-0.000000 0.959042 -0.283265 2.423958 
0.000000 0.000000 0.000000 1.000000 

eye.L
1.000000 -0.000000 -0.000025 0.060050 
0.000000 -0.999941 0.010870 -0.072209 
-0.000025 -0.010870 -0.999941 2.570894 
0.000000 0.000000 0.000000 1.000000 

eye.R
1.000000 -0.000000 0.000025 -0.060050 
-0.000000 -0.999941 0.010870 -0.072209 
0.000025 -0.010870 -0.999941 2.570894 
0.000000 0.000000 0.000000 1.000000 

Frame 4
Bone
1.000000 0.000000 -0.000000 0.000000 
-0.000000 -0.283265 -0.959042 0.045301 
-0.000000 0.959042 -0.283265 2.423958 
0.000000 0.000000 0.000000 1.000000 

eye.L
1.000000 -0.000000 -0.000025 0.060050 
0.000000 -0.999941 0.010870 -0.072209 
-0.000025 -0.010870 -0.999941 2.570894 
0.000000 0.000000 0.000000 1.000000 

eye.R
1.000000 -0.000000 0.000025 -0.060050 
-0.000000 -0.999941 0.010870 -0.072209 
0.000025 -0.010870 -0.999941 2.570894 
0.000000 0.000000 0.000000 1.000000 

Frame 5
Bone
1.000000 0.000000 -0.000000 0.000000 
-0.000000 -0.283265 -0.959042 0.045301 
-0.000000 0.959042 -0.283265 2.423958 
0.000000 0.000000 0.000000 1.000000 

eye.L
1.000000 -0.000000 -0.000025 0.060050 
0.000000 -0.999941 0.010870 -0.072209 
-0.000025 -0.010870 -0.999941 2.570894 
0.000000 0.000000 0.000000 1.000000 

eye.R
1.000000 -0.000000 0.000025 -0.060050 
-0.000000 -0.999941 0.010870 -0.072209 
0.000025 -0.010870 -0.999941 2.570894 
0.000000 0.000000 0.000000 1.000000 

Frame 6
Bone
1.000000 0.000000 -0.000000 0.000000 
-0.000000 -0.283265 -0.959042 0.045301 
-0.000000 0.959042 -0.283265 2.423958 
0.000000 0.000000 0.000000 1.000000 

eye.L
1.000000 -0.000000 -0.000025 0.060050 
0.000000 -0.999941 0.010870 -0.072209 
-0.000025 -0.010870 -0.999941 2.570894 
0.000000 0.000000 0.000000 1.000000 

eye.R
1.000000 -0.000000 0.000025 -0.060050 
-0.000000 -0.999941 0.010870 -0.072209 
0.000025 -0.010870 -0.999941 2.570894 
0.000000 0.000000 0.000000 1.000000 

Frame 7
Bone
1.000000 0.000000 -0.000000 0.000000 
-0.000000 -0.283265 -0.959042 0.045301 
-0.000000 0.959042 -0.283265 2.423958 
0.000000 0.000000 0.000000 1.000000 

eye.L
1.000000 -0.000000 -0.000025 0.060050 
0.000000 -0.999941 0.010870 -0.072209 
-0.000025 -0.010870 -0.999941 2.570894 
0.000000 0.000000 0.000000 1.000000 

eye.R
1.000000 -0.000000 0.000025 -0.060050 
-0.000000 -0.999941 0.010870 -0.072209 
0.000025 -0.010870 -0.999941 2.570894 
0.000000 0.000000 0.000000 1.000000 

Frame 8
Bone
1.000000 0.000000 -0.000000 0.000000 
-0.000000 -0.283265 -0.959042 0.045301 
-0.000000 0.959042 -0.283265 2.423958 
0.000000 0.000000 0.000000 1.000000 

eye.L
1.000000 -0.000000 -0.000025 0.060050 
0.000000 -0.999941 0.010870 -0.072209 
-0.000025 -0.010870 -0.999941 2.570894 
0.000000 0.000000 0.000000 1.000000 

eye.R
1.000000 -0.000000 0.000025 -0.060050 
-0.000000 -0.999941 0.010870 -0.072209 
0.000025 -0.010870 -0.999941 2.570894 
0.000000 0.000000 0.000000 1.000000 

Frame 9
Bone
1.000000 0.000000 -0.000000 0.000000 
-0.000000 -0.283265 -0.959042 0.045301 
-0.000000 0.959042 -0.283265 2.423958 
0.000000 0.000000 0.000000 1.000000 

eye.L
1.000000 -0.000000 -0.000025 0.060050 
0.000000 -0.999941 0.010870 -0.072209 
-0.000025 -0.010870 -0.999941 2.570894 
0.000000 0.000000 0.000000 1.000000 

eye.R
1.000000 -0.000000 0.000025 -0.060050 
-0.000000 -0.999941 0.010870 -0.072209 
0.000025 -0.010870 -0.999941 2.570894 
0.000000 0.000000 0.000000 1.000000 

Frame 10
Bone
1.000000 0.000000 -0.000000 0.000000 
-0.000000 -0.283265 -0.959042 0.045301 
-0.000000 0.959042 -0.283265 2.423958 
0.000000 0.000000 0.000000 1.000000 

eye.L
1.000000 -0.000000 -0.000025 0.060050 
0.000000 -0.999941 0.010870 -0.072209 
-0.000025 -0.010870 -0.999941 2.570894 
0.000000 0.000000 0.000000 1.000000 

eye.R
1.000000 -0.000000 0.000025 -0.060050 
-0.000000 -0.999941 0.010870 -0.072209 
0.000025 -0.010870 -0.999941 2.570894 
0.000000 0.000000 0.000000 1.000000 

Frame 11
Bone
1.000000 0.000000 -0.000000 0.000000 
-0.000000 -0.283265 -0.959042 0.045301 
-0.000000 0.959042 -0.283265 2.423958 
0.000000 0.000000 0.000000 1.000000 

eye.L
1.000000 -0.000000 -0.000025 0.060050 
0.000000 -0.999941 0.010870 -0.072209 
-0.000025 -0.010870 -0.999941 2.570894 
0.000000 0.000000 0.000000 1.000000 

eye.R
1.000000 -0.000000 0.000025 -0.060050 
-0.000000 -0.999941 0.010870 -0.072209 
0.000025 -0.010870 -0.999941 2.570894 
0.000000 0.000000 0.000000 1.000000 

Frame 12
Bone
1.000000 0.000000 -0.000000 0.000000 
-0.000000 -0.283265 -0.959042 0.045301 
-0.000000 0.959042 -0.283265 2.423958 
0.000000 0.000000 0.000000 1.000000 

eye.L
1.000000 -0.000000 -0.000025 0.060050 
0.000000 -0.999941 0.010870 -0.072209 
-0.000025 -0.010870 -0.999941 2.570894 
0.000000 0.000000 0.000000 1.000000 

eye.R
1.000000 -0.000000 0.000025 -0.060050 
-0.000000 -0.999941 0.010870 -0.072209 
0.000025 -0.010870 -0.999941 2.570894 
0.000000 0.000000 0.000000 1.000000 

Frame 13
Bone
1.000000 0.000000 -0.000000 0.000000 
-0.000000 -0.283265 -0.959042 0.045301 
-0.000000 0.959042 -0.283265 2.423958 
0.000000 0.000000 0.000000 1.000000 

eye.L
1.000000 -0.000000 -0.000025 0.060050 
0.000000 -0.999941 0.010870 -0.072209 
-0.000025 -0.010870 -0.999941 2.570894 
0.000000 0.000000 0.000000 1.000000 

eye.R
1.000000 -0.000000 0.000025 -0.060050 
-0.000000 -0.999941 0.010870 -0.072209 
0.000025 -0.010870 -0.999941 2.570894 
0.000000 0.000000 0.000000 1.000000 

Frame 14
Bone
1.000000 0.000000 -0.000000 0.000000 
-0.000000 -0.283265 -0.959042 0.045301 
-0.000000 0.959042 -0.283265 2.423958 
0.000000 0.000000 0.000000 1.000000 

eye.L
1.000000 -0.000000 -0.000025 0.060050 
0.000000 -0.999941 0.010870 -0.072209 
-0.000025 -0.010870 -0.999941 2.570894 
0.000000 0.000000 0.000000 1.000000 

eye.R
1.000000 -0.000000 0.000025 -0.060050 
-0.000000 -0.999941 0.010870 -0.072209 
0.000025 -0.010870 -0.999941 2.570894 
0.000000 0.000000 0.000000 1.000000 

Frame 15
Bone
1.000000 0.000000 -0.000000 0.000000 
-0.000000 -0.283265 -0.959042 0.045301 
-0.000000 0.959042 -0.283265 2.423958 
0.000000 0.000000 0.000000 1.000000 

eye.L
1.000000 -0.000000 -0.000025 0.060050 
0.000000 -0.999941 0.010870 -0.072209 
-0.000025 -0.010870 -0.999941 2.570894 
0.000000 0.000000 0.000000 1.000000 

eye.R
1.000000 -0.000000 0.000025 -0.060050 
-0.000000 -0.999941 0.010870 -0.072209 
0.000025 -0.010870 -0.999941 2.570894 
0.000000 0.000000 0.000000 1.000000 

Frame 16
Bone
1.000000 0.000000 -0.000000 0.000000 
-0.000000 -0.283265 -0.959042 0.045301 
-0.000000 0.959042 -0.283265 2.423958 
0.000000 0.000000 0.000000 1.000000 

eye.L
1.000000 -0.000000 -0.000025 0.060050 
0.000000 -0.999941 0.010870 -0.072209 
-0.000025 -0.010870 -0.999941 2.570894 
0.000000 0.000000 0.000000 1.000000 

eye.R
1.000000 -0.000000 0.000025 -0.060050 
-0.000000 -0.999941 0.010870 -0.072209 
0.000025 -0.010870 -0.999941 2.570894 
0.000000 0.000000 0.000000 1.000000 

Frame 17
Bone
1.000000 0.000000 -0.000000 0.000000 
-0.000000 -0.283265 -0.959042 0.045301 
-0.000000 0.959042 -0.283265 2.423958 
0.000000 0.000000 0.000000 1.000000 

eye.L
1.000000 -0.000000 -0.000025 0.060050 
0.000000 -0.999941 0.010870 -0.072209 
-0.000025 -0.010870 -0.999941 2.570894 
0.000000 0.000000 0.000000 1.000000 

eye.R
1.000000 -0.000000 0.000025 -0.060050 
-0.000000 -0.999941 0.010870 -0.072209 
0.000025 -0.010870 -0.999941 2.570894 
0.000000 0.000000 0.000000 1.000000 

Frame 18
Bone
1.000000 0.000000 -0.000000 0.000000 
-0.000000 -0.283265 -0.959042 0.045301 
-0.000000 0.959042 -0.283265 2.423958 
0.000000 0.000000 0.000000 1.000000 

eye.L
1.000000 -0.000000 -0.000025 0.060050 
0.000000 -0.999941 0.010870 -0.072209 
-0.000025 -0.010870 -0.999941 2.570894 
0.000000 0.000000 0.000000 1.000000 

eye.R
1.000000 -0.000000 0.000025 -0.060050 
-0.000000 -0.999941 0.010870 -0.072209 
0.000025 -0.010870 -0.999941 2.570894 
0.000000 0.000000 0.000000 1.000000 

Frame 19
Bone
1.000000 0.000000 -0.000000 0.000000 
-0.000000 -0.283265 -0.959042 0.045301 
-0.000000 0.959042 -0.283265 2.423958 
0.000000 0.000000 0.000000 1.000000 

eye.L
1.000000 -0.000000 -0.000025 0.060050 
0.000000 -0.999941 0.010870 -0.072209 
-0.000025 -0.010870 -0.999941 2.570894 
0.000000 0.000000 0.000000 1.000000 

eye.R
1.000000 -0.000000 0.000025 -0.060050 
-0.000000 -0.999941 0.010870 -0.072209 
0.000025 -0.010870 -0.999941 2.570894 
0.000000 0.000000 0.000000 1.000000 

Frame 20
Bone
1.000000 0.000000 -0.000000 0.000000 
-0.000000 -0.283265 -0.959042 0.045301 
-0.000000 0.959042 -0.283265 2.423958 
0.000000 0.000000 0.000000 1.000000 

eye.L
1.000000 -0.000000 -0.000025 0.060050 
0.000000 -0.999941 0.010870 -0.072209 
-0.000025 -0.010870 -0.999941 2.570894 
0.000000 0.000000 0.000000 1.000000 

eye.R
1.000000 -0.000000 0.000025 -0.060050 
-0.000000 -0.999941 0.010870 -0.072209 
0.000025 -0.010870 -0.999941 2.570894 
0.000000 0.000000 0.000000 1.000000 

Frame 21
Bone
1.000000 0.000000 -0.000000 0.000000 
-0.000000 -0.283265 -0.959042 0.045301 
-0.000000 0.959042 -0.283265 2.423958 
0.000000 0.000000 0.000000 1.000000 

eye.L
1.000000 -0.000000 -0.000025 0.060050 
0.000000 -0.999941 0.010870 -0.072209 
-0.000025 -0.010870 -0.999941 2.570894 
0.000000 0.000000 0.000000 1.000000 

eye.R
1.000000 -0.000000 0.000025 -0.060050 
-0.000000 -0.999941 0.010870 -0.072209 
0.000025 -0.010870 -0.999941 2.570894 
0.000000 0.000000 0.000000 1.000000 

Frame 22
Bone
1.000000 0.000000 -0.000000 0.000000 
-0.000000 -0.283265 -0.959042 0.045301 
-0.000000 0.959042 -0.283265 2.423958 
0.000000 0.000000 0.000000 1.000000 

eye.L
1.000000 -0.000000 -0.000025 0.060050 
0.000000 -0.999941 0.010870 -0.072209 
-0.000025 -0.010870 -0.999941 2.570894 
0.000000 0.000000 0.000000 1.000000 

eye.R
1.000000 -0.000000 0.000025 -0.060050 
-0.000000 -0.999941 0.010870 -0.072209 
0.000025 -0.010870 -0.999941 2.570894 
0.000000 0.000000 0.000000 1.000000 

Frame 23
Bone
1.000000 0.000000 -0.000000 0.000000 
-0.000000 -0.283265 -0.959042 0.045301 
-0.000000 0.959042 -0.283265 2.423958 
0.000000 0.000000 0.000000 1.000000 

eye.L
1.000000 -0.000000 -0.000025 0.060050 
0.000000 -0.999941 0.010870 -0.072209 
-0.000025 -0.010870 -0.999941 2.570894 
0.000000 0.000000 0.000000 1.000000 

eye.R
1.000000 -0.000000 0.000025 -0.060050 
-0.000000 -0.999941 0.010870 -0.072209 
0.000025 -0.010870 -0.999941 2.570894 
0.000000 0.000000 0.000000 1.000000 

Frame 24
Bone
1.000000 0.000000 -0.000000 0.000000 
-0.000000 -0.283265 -0.959042 0.045301 
-0.000000 0.959042 -0.283265 2.423958 
0.000000 0.000000 0.000000 1.000000 

eye.L
1.000000 -0.000000 -0.000025 0.060050 
0.000000 -0.999941 0.010870 -0.072209 
-0.000025 -0.010870 -0.999941 2.570894 
0.000000 0.000000 0.000000 1.000000 

eye.R
1.000000 -0.000000 0.000025 -0.060050 
-0.000000 -0.999941 0.010870 -0.072209 
0.000025 -0.010870 -0.999941 2.570894 
0.000000 0.000000 0.000000 1.000000 

Frame 25
Bone
1.000000 0.000000 -0.000000 0.000000 
-0.000000 -0.283265 -0.959042 0.045301 
-0.000000 0.959042 -0.283265 2.423958 
0.000000 0.000000 0.000000 1.000000 

eye.L
1.000000 -0.000000 -0.000025 0.060050 
0.000000 -0.999941 0.010870 -0.072209 
-0.000025 -0.010870 -0.999941 2.570894 
0.000000 0.000000 0.000000 1.000000 

eye.R
1.000000 -0.000000 0.000025 -0.060050 
-0.000000 -0.999941 0.010870 -0.072209 
0.000025 -0.010870 -0.999941 2.570894 
0.000000 0.000000 0.000000 1.000000 

Frame 26
Bone
1.000000 0.000000 -0.000000 0.000000 
-0.000000 -0.283265 -0.959042 0.045301 
-0.000000 0.959042 -0.283265 2.423958 
0.000000 0.000000 0.000000 1.000000 

eye.L
1.000000 -0.000000 -0.000025 0.060050 
0.000000 -0.999941 0.010870 -0.072209 
-0.000025 -0.010870 -0.999941 2.570894 
0.000000 0.000000 0.000000 1.000000 

eye.R
1.000000 -0.000000 0.000025 -0.060050 
-0.000000 -0.999941 0.010870 -0.072209 
0.000025 -0.010870 -0.999941 2.570894 
0.000000 0.000000 0.000000 1.000000 

Frame 27
Bone
1.000000 0.000000 -0.000000 0.000000 
-0.000000 -0.283265 -0.959042 0.045301 
-0.000000 0.959042 -0.283265 2.423958 
0.000000 0.000000 0.000000 1.000000 

eye.L
1.000000 -0.000000 -0.000025 0.060050 
0.000000 -0.999941 0.010870 -0.072209 
-0.000025 -0.010870 -0.999941 2.570894 
0.000000 0.000000 0.000000 1.000000 

eye.R
1.000000 -0.000000 0.000025 -0.060050 
-0.000000 -0.999941 0.010870 -0.072209 
0.000025 -0.010870 -0.999941 2.570894 
0.000000 0.000000 0.000000 1.000000 

Frame 28
Bone
1.000000 0.000000 -0.000000 0.000000 
-0.000000 -0.283265 -0.959042 0.045301 
-0.000000 0.959042 -0.283265 2.423958 
0.000000 0.000000 0.000000 1.000000 

eye.L
1.000000 -0.000000 -0.000025 0.060050 
0.000000 -0.999941 0.010870 -0.072209 
-0.000025 -0.010870 -0.999941 2.570894 
0.000000 0.000000 0.000000 1.000000 

eye.R
1.000000 -0.000000 0.000025 -0.060050 
-0.000000 -0.999941 0.010870 -0.072209 
0.000025 -0.010870 -0.999941 2.570894 
0.000000 0.000000 0.000000 1.000000 

Frame 29
Bone
1.000000 0.000000 -0.000000 0.000000 
-0.000000 -0.283265 -0.959042 0.045301 
-0.000000 0.959042 -0.283265 2.423958 
0.000000 0.000000 0.000000 1.000000 

eye.L
1.000000 -0.000000 -0.000025 0.060050 
0.000000 -0.999941 0.010870 -0.072209 
-0.000025 -0.010870 -0.999941 2.570894 
0.000000 0.000000 0.000000 1.000000 

eye.R
1.000000 -0.000000 0.000025 -0.060050 
-0.000000 -0.999941 0.010870 -0.072209 
0.000025 -0.010870 -0.999941 2.570894 
0.000000 0.000000 0.000000 1.000000 

Frame 30
Bone
1.000000 0.000000 -0.000000 0.000000 
-0.000000 -0.283265 -0.959042 0.045301 
-0.000000 0.959042 -0.283265 2.423958 
0.000000 0.000000 0.000000 1.000000 

eye.L
1.000000 -0.000000 -0.000025 0.060050 
0.000000 -0.999941 0.010870 -0.072209 
-0.000025 -0.010870 -0.999941 2.570894 
0.000000 0.000000 0.000000 1.000000 

eye.R
1.000000 -0.000000 0.000025 -0.060050 
-0.000000 -0.999941 0.010870 -0.072209 
0.000025 -0.010870 -0.999941 2.570894 
0.000000 0.000000 0.000000 1.000000 

Frame 31
Bone
1.000000 0.000000 -0.000000 0.000000 
-0.000000 -0.283265 -0.959042 0.045301 
-0.000000 0.959042 -0.283265 2.423958 
0.000000 0.000000 0.000000 1.000000 

eye.L
1.000000 -0.000000 -0.000025 0.060050 
0.000000 -0.999941 0.010870 -0.072209 
-0.000025 -0.010870 -0.999941 2.570894 
0.000000 0.000000 0.000000 1.000000 

eye.R
1.000000 -0.000000 0.000025 -0.060050 
-0.000000 -0.999941 0.010870 -0.072209 
0.000025 -0.010870 -0.999941 2.570894 
0.000000 0.000000 0.000000 1.000000 

Frame 32
Bone
1.000000 0.000000 -0.000000 0.000000 
-0.000000 -0.283265 -0.959042 0.045301 
-0.000000 0.959042 -0.283265 2.423958 
0.000000 0.000000 0.000000 1.000000 

eye.L
1.000000 -0.000000 -0.000025 0.060050 
0.000000 -0.999941 0.010870 -0.072209 
-0.000025 -0.010870 -0.999941 2.570894 
0.000000 0.000000 0.000000 1.000000 

eye.R
1.000000 -0.000000 0.000025 -0.060050 
-0.000000 -0.999941 0.010870 -0.072209 
0.000025 -0.010870 -0.999941 2.570894 
0.000000 0.000000 0.000000 1.000000 

Frame 33
Bone
1.000000 0.000000 -0.000000 0.000000 
-0.000000 -0.283265 -0.959042 0.045301 
-0.000000 0.959042 -0.283265 2.423958 
0.000000 0.000000 0.000000 1.000000 

eye.L
1.000000 -0.000000 -0.000025 0.060050 
0.000000 -0.999941 0.010870 -0.072209 
-0.000025 -0.010870 -0.999941 2.570894 
0.000000 0.000000 0.000000 1.000000 

eye.R
1.000000 -0.000000 0.000025 -0.060050 
-0.000000 -0.999941 0.010870 -0.072209 
0.000025 -0.010870 -0.999941 2.570894 
0.000000 0.000000 0.000000 1.000000 

Frame 34
Bone
1.000000 0.000000 -0.000000 0.000000 
-0.000000 -0.283265 -0.959042 0.045301 
-0.000000 0.959042 -0.283265 2.423958 
0.000000 0.000000 0.000000 1.000000 

eye.L
1.000000 -0.000000 -0.000025 0.060050 
0.000000 -0.999941 0.010870 -0.072209 
-0.000025 -0.010870 -0.999941 2.570894 
0.000000 0.000000 0.000000 1.000000 

eye.R
1.000000 -0.000000 0.000025 -0.060050 
-0.000000 -0.999941 0.010870 -0.072209 
0.000025 -0.010870 -0.999941 2.570894 
0.000000 0.000000 0.000000 1.000000 

Frame 35
Bone
1.000000 0.000000 -0.000000 0.000000 
-0.000000 -0.283265 -0.959042 0.045301 
-0.000000 0.959042 -0.283265 2.423958 
0.000000 0.000000 0.000000 1.000000 

eye.L
1.000000 -0.000000 -0.000025 0.060050 
0.000000 -0.999941 0.010870 -0.072209 
-0.000025 -0.010870 -0.999941 2.570894 
0.000000 0.000000 0.000000 1.000000 

eye.R
1.000000 -0.000000 0.000025 -0.060050 
-0.000000 -0.999941 0.010870 -0.072209 
0.000025 -0.010870 -0.999941 2.570894 
0.000000 0.000000 0.000000 1.000000 

Frame 36
Bone
1.000000 0.000000 -0.000000 0.000000 
-0.000000 -0.283265 -0.959042 0.045301 
-0.000000 0.959042 -0.283265 2.423958 
0.000000 0.000000 0.000000 1.000000 

eye.L
1.000000 -0.000000 -0.000025 0.060050 
0.000000 -0.999941 0.010870 -0.072209 
-0.000025 -0.010870 -0.999941 2.570894 
0.000000 0.000000 0.000000 1.000000 

eye.R
1.000000 -0.000000 0.000025 -0.060050 
-0.000000 -0.999941 0.010870 -0.072209 
0.000025 -0.010870 -0.999941 2.570894 
0.000000 0.000000 0.000000 1.000000 

Frame 37
Bone
1.000000 0.000000 -0.000000 0.000000 
-0.000000 -0.283265 -0.959042 0.045301 
-0.000000 0.959042 -0.283265 2.423958 
0.000000 0.000000 0.000000 1.000000 

eye.L
1.000000 -0.000000 -0.000025 0.060050 
0.000000 -0.999941 0.010870 -0.072209 
-0.000025 -0.010870 -0.999941 2.570894 
0.000000 0.000000 0.000000 1.000000 

eye.R
1.000000 -0.000000 0.000025 -0.060050 
-0.000000 -0.999941 0.010870 -0.072209 
0.000025 -0.010870 -0.999941 2.570894 
0.000000 0.000000 0.000000 1.000000 

Frame 38
Bone
1.000000 0.000000 -0.000000 0.000000 
-0.000000 -0.283265 -0.959042 0.045301 
-0.000000 0.959042 -0.283265 2.423958 
0.000000 0.000000 0.000000 1.000000 

eye.L
1.000000 -0.000000 -0.000025 0.060050 
0.000000 -0.999941 0.010870 -0.072209 
-0.000025 -0.010870 -0.999941 2.570894 
0.000000 0.000000 0.000000 1.000000 

eye.R
1.000000 -0.000000 0.000025 -0.060050 
-0.000000 -0.999941 0.010870 -0.072209 
0.000025 -0.010870 -0.999941 2.570894 
0.000000 0.000000 0.000000 1.000000 

Frame 39
Bone
1.000000 0.000000 -0.000000 0.000000 
-0.000000 -0.283265 -0.959042 0.045301 
-0.000000 0.959042 -0.283265 2.423958 
0.000000 0.000000 0.000000 1.000000 

eye.L
1.000000 -0.000000 -0.000025 0.060050 
0.000000 -0.999941 0.010870 -0.072209 
-0.000025 -0.010870 -0.999941 2.570894 
0.000000 0.000000 0.000000 1.000000 

eye.R
1.000000 -0.000000 0.000025 -0.060050 
-0.000000 -0.999941 0.010870 -0.072209 
0.000025 -0.010870 -0.999941 2.570894 
0.000000 0.000000 0.000000 1.000000 

Frame 40
Bone
1.000000 0.000000 -0.000000 0.000000 
-0.000000 -0.283265 -0.959042 0.045301 
-0.000000 0.959042 -0.283265 2.423958 
0.000000 0.000000 0.000000 1.000000 

eye.L
1.000000 -0.000000 -0.000025 0.060050 
0.000000 -0.999941 0.010870 -0.072209 
-0.000025 -0.010870 -0.999941 2.570894 
0.000000 0.000000 0.000000 1.000000 

eye.R
1.000000 -0.000000 0.000025 -0.060050 
-0.000000 -0.999941 0.010870 -0.072209 
0.000025 -0.010870 -0.999941 2.570894 
0.000000 0.000000 0.000000 1.000000 

Frame 41
Bone
1.000000 0.000000 -0.000000 0.000000 
-0.000000 -0.283265 -0.959042 0.045301 
-0.000000 0.959042 -0.283265 2.423958 
0.000000 0.000000 0.000000 1.000000 

eye.L
1.000000 -0.000000 -0.000025 0.060050 
0.000000 -0.999941 0.010870 -0.072209 
-0.000025 -0.010870 -0.999941 2.570894 
0.000000 0.000000 0.000000 1.000000 

eye.R
1.000000 -0.000000 0.000025 -0.060050 
-0.000000 -0.999941 0.010870 -0.072209 
0.000025 -0.010870 -0.999941 2.570894 
0.000000 0.000000 0.000000 1.000000 

Frame 42
Bone
1.000000 0.000000 -0.000000 0.000000 
-0.000000 -0.283265 -0.959042 0.045301 
-0.000000 0.959042 -0.283265 2.423958 
0.000000 0.000000 0.000000 1.000000 

eye.L
1.000000 -0.000000 -0.000025 0.060050 
0.000000 -0.999941 0.010870 -0.072209 
-0.000025 -0.010870 -0.999941 2.570894 
0.000000 0.000000 0.000000 1.000000 

eye.R
1.000000 -0.000000 0.000025 -0.060050 
-0.000000 -0.999941 0.010870 -0.072209 
0.000025 -0.010870 -0.999941 2.570894 
0.000000 0.000000 0.000000 1.000000 

Frame 43
Bone
1.000000 0.000000 -0.000000 0.000000 
-0.000000 -0.283265 -0.959042 0.045301 
-0.000000 0.959042 -0.283265 2.423958 
0.000000 0.000000 0.000000 1.000000 

eye.L
1.000000 -0.000000 -0.000025 0.060050 
0.000000 -0.999941 0.010870 -0.072209 
-0.000025 -0.010870 -0.999941 2.570894 
0.000000 0.000000 0.000000 1.000000 

eye.R
1.000000 -0.000000 0.000025 -0.060050 
-0.000000 -0.999941 0.010870 -0.072209 
0.000025 -0.010870 -0.999941 2.570894 
0.000000 0.000000 0.000000 1.000000 

Frame 44
Bone
1.000000 0.000000 -0.000000 0.000000 
-0.000000 -0.283265 -0.959042 0.045301 
-0.000000 0.959042 -0.283265 2.423958 
0.000000 0.000000 0.000000 1.000000 

eye.L
1.000000 -0.000000 -0.000025 0.060050 
0.000000 -0.999941 0.010870 -0.072209 
-0.000025 -0.010870 -0.999941 2.570894 
0.000000 0.000000 0.000000 1.000000 

eye.R
1.000000 -0.000000 0.000025 -0.060050 
-0.000000 -0.999941 0.010870 -0.072209 
0.000025 -0.010870 -0.999941 2.570894 
0.000000 0.000000 0.000000 1.000000 

Frame 45
Bone
1.000000 0.000000 -0.000000 0.000000 
-0.000000 -0.283265 -0.959042 0.045301 
-0.000000 0.959042 -0.283265 2.423958 
0.000000 0.000000 0.000000 1.000000 

eye.L
1.000000 -0.000000 -0.000025 0.060050 
0.000000 -0.999941 0.010870 -0.072209 
-0.000025 -0.010870 -0.999941 2.570894 
0.000000 0.000000 0.000000 1.000000 

eye.R
1.000000 -0.000000 0.000025 -0.060050 
-0.000000 -0.999941 0.010870 -0.072209 
0.000025 -0.010870 -0.999941 2.570894 
0.000000 0.000000 0.000000 1.000000 

Frame 46
Bone
1.000000 0.000000 -0.000000 0.000000 
-0.000000 -0.283265 -0.959042 0.045301 
-0.000000 0.959042 -0.283265 2.423958 
0.000000 0.000000 0.000000 1.000000 

eye.L
1.000000 -0.000000 -0.000025 0.060050 
0.000000 -0.999941 0.010870 -0.072209 
-0.000025 -0.010870 -0.999941 2.570894 
0.000000 0.000000 0.000000 1.000000 

eye.R
1.000000 -0.000000 0.000025 -0.060050 
-0.000000 -0.999941 0.010870 -0.072209 
0.000025 -0.010870 -0.999941 2.570894 
0.000000 0.000000 0.000000 1.000000 

Frame 47
Bone
1.000000 0.000000 -0.000000 0.000000 
-0.000000 -0.283265 -0.959042 0.045301 
-0.000000 0.959042 -0.283265 2.423958 
0.000000 0.000000 0.000000 1.000000 

eye.L
1.000000 -0.000000 -0.000025 0.060050 
0.000000 -0.999941 0.010870 -0.072209 
-0.000025 -0.010870 -0.999941 2.570894 
0.000000 0.000000 0.000000 1.000000 

eye.R
1.000000 -0.000000 0.000025 -0.060050 
-0.000000 -0.999941 0.010870 -0.072209 
0.000025 -0.010870 -0.999941 2.570894 
0.000000 0.000000 0.000000 1.000000 

Frame 48
Bone
1.000000 0.000000 -0.000000 0.000000 
-0.000000 -0.283265 -0.959042 0.045301 
-0.000000 0.959042 -0.283265 2.423958 
0.000000 0.000000 0.000000 1.000000 

eye.L
1.000000 -0.000000 -0.000025 0.060050 
0.000000 -0.999941 0.010870 -0.072209 
-0.000025 -0.010870 -0.999941 2.570894 
0.000000 0.000000 0.000000 1.000000 

eye.R
1.000000 -0.000000 0.000025 -0.060050 
-0.000000 -0.999941 0.010870 -0.072209 
0.000025 -0.010870 -0.999941 2.570894 
0.000000 0.000000 0.000000 1.000000 

Frame 49
Bone
1.000000 0.000000 -0.000000 0.000000 
-0.000000 -0.283265 -0.959042 0.045301 
-0.000000 0.959042 -0.283265 2.423958 
0.000000 0.000000 0.000000 1.000000 

eye.L
1.000000 -0.000000 -0.000025 0.060050 
0.000000 -0.999941 0.010870 -0.072209 
-0.000025 -0.010870 -0.999941 2.570894 
0.000000 0.000000 0.000000 1.000000 

eye.R
1.000000 -0.000000 0.000025 -0.060050 
-0.000000 -0.999941 0.010870 -0.072209 
0.000025 -0.010870 -0.999941 2.570894 
0.000000 0.000000 0.000000 1.000000 

Frame 50
Bone
1.000000 0.000000 -0.000000 0.000000 
-0.000000 -0.283265 -0.959042 0.045301 
-0.000000 0.959042 -0.283265 2.423958 
0.000000 0.000000 0.000000 1.000000 

eye.L
1.000000 -0.000000 -0.000025 0.060050 
0.000000 -0.999941 0.010870 -0.072209 
-0.000025 -0.010870 -0.999941 2.570894 
0.000000 0.000000 0.000000 1.000000 

eye.R
1.000000 -0.000000 0.000025 -0.060050 
-0.000000 -0.999941 0.010870 -0.072209 
0.000025 -0.010870 -0.999941 2.570894 
0.000000 0.000000 0.000000 1.000000 

Frame 51
Bone
1.000000 0.000000 -0.000000 0.000000 
-0.000000 -0.283265 -0.959042 0.045301 
-0.000000 0.959042 -0.283265 2.423958 
0.000000 0.000000 0.000000 1.000000 

eye.L
1.000000 -0.000000 -0.000025 0.060050 
0.000000 -0.999941 0.010870 -0.072209 
-0.000025 -0.010870 -0.999941 2.570894 
0.000000 0.000000 0.000000 1.000000 

eye.R
1.000000 -0.000000 0.000025 -0.060050 
-0.000000 -0.999941 0.010870 -0.072209 
0.000025 -0.010870 -0.999941 2.570894 
0.000000 0.000000 0.000000 1.000000 

Frame 52
Bone
1.000000 0.000000 -0.000000 0.000000 
-0.000000 -0.283265 -0.959042 0.045301 
-0.000000 0.959042 -0.283265 2.423958 
0.000000 0.000000 0.000000 1.000000 

eye.L
1.000000 -0.000000 -0.000025 0.060050 
0.000000 -0.999941 0.010870 -0.072209 
-0.000025 -0.010870 -0.999941 2.570894 
0.000000 0.000000 0.000000 1.000000 

eye.R
1.000000 -0.000000 0.000025 -0.060050 
-0.000000 -0.999941 0.010870 -0.072209 
0.000025 -0.010870 -0.999941 2.570894 
0.000000 0.000000 0.000000 1.000000 

Frame 53
Bone
1.000000 0.000000 -0.000000 0.000000 
-0.000000 -0.283265 -0.959042 0.045301 
-0.000000 0.959042 -0.283265 2.423958 
0.000000 0.000000 0.000000 1.000000 

eye.L
1.000000 -0.000000 -0.000025 0.060050 
0.000000 -0.999941 0.010870 -0.072209 
-0.000025 -0.010870 -0.999941 2.570894 
0.000000 0.000000 0.000000 1.000000 

eye.R
1.000000 -0.000000 0.000025 -0.060050 
-0.000000 -0.999941 0.010870 -0.072209 
0.000025 -0.010870 -0.999941 2.570894 
0.000000 0.000000 0.000000 1.000000 

Frame 54
Bone
1.000000 0.000000 -0.000000 0.000000 
-0.000000 -0.283265 -0.959042 0.045301 
-0.000000 0.959042 -0.283265 2.423958 
0.000000 0.000000 0.000000 1.000000 

eye.L
1.000000 -0.000000 -0.000025 0.060050 
0.000000 -0.999941 0.010870 -0.072209 
-0.000025 -0.010870 -0.999941 2.570894 
0.000000 0.000000 0.000000 1.000000 

eye.R
1.000000 -0.000000 0.000025 -0.060050 
-0.000000 -0.999941 0.010870 -0.072209 
0.000025 -0.010870 -0.999941 2.570894 
0.000000 0.000000 0.000000 1.000000 

Frame 55
Bone
1.000000 0.000000 -0.000000 0.000000 
-0.000000 -0.283265 -0.959042 0.045301 
-0.000000 0.959042 -0.283265 2.423958 
0.000000 0.000000 0.000000 1.000000 

eye.L
1.000000 -0.000000 -0.000025 0.060050 
0.000000 -0.999941 0.010870 -0.072209 
-0.000025 -0.010870 -0.999941 2.570894 
0.000000 0.000000 0.000000 1.000000 

eye.R
1.000000 -0.000000 0.000025 -0.060050 
-0.000000 -0.999941 0.010870 -0.072209 
0.000025 -0.010870 -0.999941 2.570894 
0.000000 0.000000 0.000000 1.000000 

Frame 56
Bone
1.000000 0.000000 -0.000000 0.000000 
-0.000000 -0.283265 -0.959042 0.045301 
-0.000000 0.959042 -0.283265 2.423958 
0.000000 0.000000 0.000000 1.000000 

eye.L
1.000000 -0.000000 -0.000025 0.060050 
0.000000 -0.999941 0.010870 -0.072209 
-0.000025 -0.010870 -0.999941 2.570894 
0.000000 0.000000 0.000000 1.000000 

eye.R
1.000000 -0.000000 0.000025 -0.060050 
-0.000000 -0.999941 0.010870 -0.072209 
0.000025 -0.010870 -0.999941 2.570894 
0.000000 0.000000 0.000000 1.000000 

Frame 57
Bone
1.000000 0.000000 -0.000000 0.000000 
-0.000000 -0.283265 -0.959042 0.045301 
-0.000000 0.959042 -0.283265 2.423958 
0.000000 0.000000 0.000000 1.000000 

eye.L
1.000000 -0.000000 -0.000025 0.060050 
0.000000 -0.999941 0.010870 -0.072209 
-0.000025 -0.010870 -0.999941 2.570894 
0.000000 0.000000 0.000000 1.000000 

eye.R
1.000000 -0.000000 0.000025 -0.060050 
-0.000000 -0.999941 0.010870 -0.072209 
0.000025 -0.010870 -0.999941 2.570894 
0.000000 0.000000 0.000000 1.000000 

Frame 58
Bone
1.000000 0.000000 -0.000000 0.000000 
-0.000000 -0.283265 -0.959042 0.045301 
-0.000000 0.959042 -0.283265 2.423958 
0.000000 0.000000 0.000000 1.000000 

eye.L
1.000000 -0.000000 -0.000025 0.060050 
0.000000 -0.999941 0.010870 -0.072209 
-0.000025 -0.010870 -0.999941 2.570894 
0.000000 0.000000 0.000000 1.000000 

eye.R
1.000000 -0.000000 0.000025 -0.060050 
-0.000000 -0.999941 0.010870 -0.072209 
0.000025 -0.010870 -0.999941 2.570894 
0.000000 0.000000 0.000000 1.000000 

Frame 59
Bone
1.000000 0.000000 -0.000000 0.000000 
-0.000000 -0.283265 -0.959042 0.045301 
-0.000000 0.959042 -0.283265 2.423958 
0.000000 0.000000 0.000000 1.000000 

eye.L
1.000000 -0.000000 -0.000025 0.060050 
0.000000 -0.999941 0.010870 -0.072209 
-0.000025 -0.010870 -0.999941 2.570894 
0.000000 0.000000 0.000000 1.000000 

eye.R
1.000000 -0.000000 0.000025 -0.060050 
-0.000000 -0.999941 0.010870 -0.072209 
0.000025 -0.010870 -0.999941 2.570894 
0.000000 0.000000 0.000000 1.000000 

Frame 60
Bone
1.000000 0.000000 -0.000000 0.000000 
-0.000000 -0.283265 -0.959042 0.045301 
-0.000000 0.959042 -0.283265 2.423958 
0.000000 0.000000 0.000000 1.000000 

eye.L
1.000000 -0.000000 -0.000025 0.060050 
0.000000 -0.999941 0.010870 -0.072209 
-0.000025 -0.010870 -0.999941 2.570894 
0.000000 0.000000 0.000000 1.000000 

eye.R
1.000000 -0.000000 0.000025 -0.060050 
-0.000000 -0.999941 0.010870 -0.072209 
0.000025 -0.010870 -0.999941 2.570894 
0.000000 0.000000 0.000000 1.000000 

Frame 61
Bone
1.000000 0.000000 -0.000000 0.000000 
-0.000000 -0.283265 -0.959042 0.045301 
-0.000000 0.959042 -0.283265 2.423958 
0.000000 0.000000 0.000000 1.000000 

eye.L
1.000000 -0.000000 -0.000025 0.060050 
0.000000 -0.999941 0.010870 -0.072209 
-0.000025 -0.010870 -0.999941 2.570894 
0.000000 0.000000 0.000000 1.000000 

eye.R
1.000000 -0.000000 0.000025 -0.060050 
-0.000000 -0.999941 0.010870 -0.072209 
0.000025 -0.010870 -0.999941 2.570894 
0.000000 0.000000 0.000000 1.000000 

Frame 62
Bone
1.000000 0.000000 -0.000000 0.000000 
-0.000000 -0.283265 -0.959042 0.045301 
-0.000000 0.959042 -0.283265 2.423958 
0.000000 0.000000 0.000000 1.000000 

eye.L
1.000000 -0.000000 -0.000025 0.060050 
0.000000 -0.999941 0.010870 -0.072209 
-0.000025 -0.010870 -0.999941 2.570894 
0.000000 0.000000 0.000000 1.000000 

eye.R
1.000000 -0.000000 0.000025 -0.060050 
-0.000000 -0.999941 0.010870 -0.072209 
0.000025 -0.010870 -0.999941 2.570894 
0.000000 0.000000 0.000000 1.000000 

Frame 63
Bone
1.000000 0.000000 -0.000000 0.000000 
-0.000000 -0.283265 -0.959042 0.045301 
-0.000000 0.959042 -0.283265 2.423958 
0.000000 0.000000 0.000000 1.000000 

eye.L
1.000000 -0.000000 -0.000025 0.060050 
0.000000 -0.999941 0.010870 -0.072209 
-0.000025 -0.010870 -0.999941 2.570894 
0.000000 0.000000 0.000000 1.000000 

eye.R
1.000000 -0.000000 0.000025 -0.060050 
-0.000000 -0.999941 0.010870 -0.072209 
0.000025 -0.010870 -0.999941 2.570894 
0.000000 0.000000 0.000000 1.000000 

Frame 64
Bone
1.000000 0.000000 -0.000000 0.000000 
-0.000000 -0.283265 -0.959042 0.045301 
-0.000000 0.959042 -0.283265 2.423958 
0.000000 0.000000 0.000000 1.000000 

eye.L
1.000000 -0.000000 -0.000025 0.060050 
0.000000 -0.999941 0.010870 -0.072209 
-0.000025 -0.010870 -0.999941 2.570894 
0.000000 0.000000 0.000000 1.000000 

eye.R
1.000000 -0.000000 0.000025 -0.060050 
-0.000000 -0.999941 0.010870 -0.072209 
0.000025 -0.010870 -0.999941 2.570894 
0.000000 0.000000 0.000000 1.000000 

Frame 65
Bone
1.000000 0.000000 -0.000000 0.000000 
-0.000000 -0.283265 -0.959042 0.045301 
-0.000000 0.959042 -0.283265 2.423958 
0.000000 0.000000 0.000000 1.000000 

eye.L
1.000000 -0.000000 -0.000025 0.060050 
0.000000 -0.999941 0.010870 -0.072209 
-0.000025 -0.010870 -0.999941 2.570894 
0.000000 0.000000 0.000000 1.000000 

eye.R
1.000000 -0.000000 0.000025 -0.060050 
-0.000000 -0.999941 0.010870 -0.072209 
0.000025 -0.010870 -0.999941 2.570894 
0.000000 0.000000 0.000000 1.000000 

Frame 66
Bone
1.000000 0.000000 -0.000000 0.000000 
-0.000000 -0.283265 -0.959042 0.045301 
-0.000000 0.959042 -0.283265 2.423958 
0.000000 0.000000 0.000000 1.000000 

eye.L
1.000000 -0.000000 -0.000025 0.060050 
0.000000 -0.999941 0.010870 -0.072209 
-0.000025 -0.010870 -0.999941 2.570894 
0.000000 0.000000 0.000000 1.000000 

eye.R
1.000000 -0.000000 0.000025 -0.060050 
-0.000000 -0.999941 0.010870 -0.072209 
0.000025 -0.010870 -0.999941 2.570894 
0.000000 0.000000 0.000000 1.000000 

Frame 67
Bone
1.000000 0.000000 -0.000000 0.000000 
-0.000000 -0.283265 -0.959042 0.045301 
-0.000000 0.959042 -0.283265 2.423958 
0.000000 0.000000 0.000000 1.000000 

eye.L
1.000000 -0.000000 -0.000025 0.060050 
0.000000 -0.999941 0.010870 -0.072209 
-0.000025 -0.010870 -0.999941 2.570894 
0.000000 0.000000 0.000000 1.000000 

eye.R
1.000000 -0.000000 0.000025 -0.060050 
-0.000000 -0.999941 0.010870 -0.072209 
0.000025 -0.010870 -0.999941 2.570894 
0.000000 0.000000 0.000000 1.000000 

Frame 68
Bone
1.000000 0.000000 -0.000000 0.000000 
-0.000000 -0.283265 -0.959042 0.045301 
-0.000000 0.959042 -0.283265 2.423958 
0.000000 0.000000 0.000000 1.000000 

eye.L
1.000000 -0.000000 -0.000025 0.060050 
0.000000 -0.999941 0.010870 -0.072209 
-0.000025 -0.010870 -0.999941 2.570894 
0.000000 0.000000 0.000000 1.000000 

eye.R
1.000000 -0.000000 0.000025 -0.060050 
-0.000000 -0.999941 0.010870 -0.072209 
0.000025 -0.010870 -0.999941 2.570894 
0.000000 0.000000 0.000000 1.000000 

Frame 69
Bone
1.000000 0.000000 -0.000000 0.000000 
-0.000000 -0.283265 -0.959042 0.045301 
-0.000000 0.959042 -0.283265 2.423958 
0.000000 0.000000 0.000000 1.000000 

eye.L
1.000000 -0.000000 -0.000025 0.060050 
0.000000 -0.999941 0.010870 -0.072209 
-0.000025 -0.010870 -0.999941 2.570894 
0.000000 0.000000 0.000000 1.000000 

eye.R
1.000000 -0.000000 0.000025 -0.060050 
-0.000000 -0.999941 0.010870 -0.072209 
0.000025 -0.010870 -0.999941 2.570894 
0.000000 0.000000 0.000000 1.000000 

Frame 70
Bone
1.000000 0.000000 -0.000000 0.000000 
-0.000000 -0.283265 -0.959042 0.045301 
-0.000000 0.959042 -0.283265 2.423958 
0.000000 0.000000 0.000000 1.000000 

eye.L
1.000000 -0.000000 -0.000025 0.060050 
0.000000 -0.999941 0.010870 -0.072209 
-0.000025 -0.010870 -0.999941 2.570894 
0.000000 0.000000 0.000000 1.000000 

eye.R
1.000000 -0.000000 0.000025 -0.060050 
-0.000000 -0.999941 0.010870 -0.072209 
0.000025 -0.010870 -0.999941 2.570894 
0.000000 0.000000 0.000000 1.000000 

Frame 71
Bone
1.000000 0.000000 -0.000000 0.000000 
-0.000000 -0.283265 -0.959042 0.045301 
-0.000000 0.959042 -0.283265 2.423958 
0.000000 0.000000 0.000000 1.000000 

eye.L
1.000000 -0.000000 -0.000025 0.060050 
0.000000 -0.999941 0.010870 -0.072209 
-0.000025 -0.010870 -0.999941 2.570894 
0.000000 0.000000 0.000000 1.000000 

eye.R
1.000000 -0.000000 0.000025 -0.060050 
-0.000000 -0.999941 0.010870 -0.072209 
0.000025 -0.010870 -0.999941 2.570894 
0.000000 0.000000 0.000000 1.000000 

Frame 72
Bone
1.000000 0.000000 -0.000000 0.000000 
-0.000000 -0.283265 -0.959042 0.045301 
-0.000000 0.959042 -0.283265 2.423958 
0.000000 0.000000 0.000000 1.000000 

eye.L
1.000000 -0.000000 -0.000025 0.060050 
0.000000 -0.999941 0.010870 -0.072209 
-0.000025 -0.010870 -0.999941 2.570894 
0.000000 0.000000 0.000000 1.000000 

eye.R
1.000000 -0.000000 0.000025 -0.060050 
-0.000000 -0.999941 0.010870 -0.072209 
0.000025 -0.010870 -0.999941 2.570894 
0.000000 0.000000 0.000000 1.000000 

Frame 73
Bone
1.000000 0.000000 -0.000000 0.000000 
-0.000000 -0.283265 -0.959042 0.045301 
-0.000000 0.959042 -0.283265 2.423958 
0.000000 0.000000 0.000000 1.000000 

eye.L
1.000000 -0.000000 -0.000025 0.060050 
0.000000 -0.999941 0.010870 -0.072209 
-0.000025 -0.010870 -0.999941 2.570894 
0.000000 0.000000 0.000000 1.000000 

eye.R
1.000000 -0.000000 0.000025 -0.060050 
-0.000000 -0.999941 0.010870 -0.072209 
0.000025 -0.010870 -0.999941 2.570894 
0.000000 0.000000 0.000000 1.000000 

Frame 74
Bone
1.000000 0.000000 -0.000000 0.000000 
-0.000000 -0.283265 -0.959042 0.045301 
-0.000000 0.959042 -0.283265 2.423958 
0.000000 0.000000 0.000000 1.000000 

eye.L
1.000000 -0.000000 -0.000025 0.060050 
0.000000 -0.999941 0.010870 -0.072209 
-0.000025 -0.010870 -0.999941 2.570894 
0.000000 0.000000 0.000000 1.000000 

eye.R
1.000000 -0.000000 0.000025 -0.060050 
-0.000000 -0.999941 0.010870 -0.072209 
0.000025 -0.010870 -0.999941 2.570894 
0.000000 0.000000 0.000000 1.000000 

Frame 75
Bone
1.000000 0.000000 -0.000000 0.000000 
-0.000000 -0.283265 -0.959042 0.045301 
-0.000000 0.959042 -0.283265 2.423958 
0.000000 0.000000 0.000000 1.000000 

eye.L
1.000000 -0.000000 -0.000025 0.060050 
0.000000 -0.999941 0.010870 -0.072209 
-0.000025 -0.010870 -0.999941 2.570894 
0.000000 0.000000 0.000000 1.000000 

eye.R
1.000000 -0.000000 0.000025 -0.060050 
-0.000000 -0.999941 0.010870 -0.072209 
0.000025 -0.010870 -0.999941 2.570894 
0.000000 0.000000 0.000000 1.000000 

Frame 76
Bone
1.000000 0.000000 -0.000000 0.000000 
-0.000000 -0.283265 -0.959042 0.045301 
-0.000000 0.959042 -0.283265 2.423958 
0.000000 0.000000 0.000000 1.000000 

eye.L
1.000000 -0.000000 -0.000025 0.060050 
0.000000 -0.999941 0.010870 -0.072209 
-0.000025 -0.010870 -0.999941 2.570894 
0.000000 0.000000 0.000000 1.000000 

eye.R
1.000000 -0.000000 0.000025 -0.060050 
-0.000000 -0.999941 0.010870 -0.072209 
0.000025 -0.010870 -0.999941 2.570894 
0.000000 0.000000 0.000000 1.000000 

Frame 77
Bone
1.000000 0.000000 -0.000000 0.000000 
-0.000000 -0.283265 -0.959042 0.045301 
-0.000000 0.959042 -0.283265 2.423958 
0.000000 0.000000 0.000000 1.000000 

eye.L
1.000000 -0.000000 -0.000025 0.060050 
0.000000 -0.999941 0.010870 -0.072209 
-0.000025 -0.010870 -0.999941 2.570894 
0.000000 0.000000 0.000000 1.000000 

eye.R
1.000000 -0.000000 0.000025 -0.060050 
-0.000000 -0.999941 0.010870 -0.072209 
0.000025 -0.010870 -0.999941 2.570894 
0.000000 0.000000 0.000000 1.000000 

Frame 78
Bone
1.000000 0.000000 -0.000000 0.000000 
-0.000000 -0.283265 -0.959042 0.045301 
-0.000000 0.959042 -0.283265 2.423958 
0.000000 0.000000 0.000000 1.000000 

eye.L
1.000000 -0.000000 -0.000025 0.060050 
0.000000 -0.999941 0.010870 -0.072209 
-0.000025 -0.010870 -0.999941 2.570894 
0.000000 0.000000 0.000000 1.000000 

eye.R
1.000000 -0.000000 0.000025 -0.060050 
-0.000000 -0.999941 0.010870 -0.072209 
0.000025 -0.010870 -0.999941 2.570894 
0.000000 0.000000 0.000000 1.000000 

Frame 79
Bone
1.000000 0.000000 -0.000000 0.000000 
-0.000000 -0.283265 -0.959042 0.045301 
-0.000000 0.959042 -0.283265 2.423958 
0.000000 0.000000 0.000000 1.000000 

eye.L
1.000000 -0.000000 -0.000025 0.060050 
0.000000 -0.999941 0.010870 -0.072209 
-0.000025 -0.010870 -0.999941 2.570894 
0.000000 0.000000 0.000000 1.000000 

eye.R
1.000000 -0.000000 0.000025 -0.060050 
-0.000000 -0.999941 0.010870 -0.072209 
0.000025 -0.010870 -0.999941 2.570894 
0.000000 0.000000 0.000000 1.000000 

Frame 80
Bone
1.000000 0.000000 -0.000000 0.000000 
-0.000000 -0.283265 -0.959042 0.045301 
-0.000000 0.959042 -0.283265 2.423958 
0.000000 0.000000 0.000000 1.000000 

eye.L
1.000000 -0.000000 -0.000025 0.060050 
0.000000 -0.999941 0.010870 -0.072209 
-0.000025 -0.010870 -0.999941 2.570894 
0.000000 0.000000 0.000000 1.000000 

eye.R
1.000000 -0.000000 0.000025 -0.060050 
-0.000000 -0.999941 0.010870 -0.072209 
0.000025 -0.010870 -0.999941 2.570894 
0.000000 0.000000 0.000000 1.000000 

Frame 81
Bone
1.000000 0.000000 -0.000000 0.000000 
-0.000000 -0.283265 -0.959042 0.045301 
-0.000000 0.959042 -0.283265 2.423958 
0.000000 0.000000 0.000000 1.000000 

eye.L
1.000000 -0.000000 -0.000025 0.060050 
0.000000 -0.999941 0.010870 -0.072209 
-0.000025 -0.010870 -0.999941 2.570894 
0.000000 0.000000 0.000000 1.000000 

eye.R
1.000000 -0.000000 0.000025 -0.060050 
-0.000000 -0.999941 0.010870 -0.072209 
0.000025 -0.010870 -0.999941 2.570894 
0.000000 0.000000 0.000000 1.000000 

Frame 82
Bone
