simple game object export addon
Bones 8
[
Frames 256
Frame 0
base
1.000000 0.000000 -0.000000 0.000000 
-0.000000 -0.283265 -0.959042 0.045301 
-0.000000 0.959042 -0.283265 2.423958 
0.000000 0.000000 0.000000 1.000000 

tail
0.998680 -0.050883 -0.007049 0.000000 
0.020976 0.278689 0.960155 0.206110 
-0.046891 -0.959032 0.279388 2.489302 
0.000000 0.000000 0.000000 1.000000 

tail.001
0.998583 -0.052617 -0.008011 -0.009378 
0.021754 0.266137 0.963692 0.257472 
-0.048575 -0.962498 0.266904 2.312556 
0.000000 0.000000 0.000000 1.000000 

tail.002
0.998639 -0.051580 -0.007685 -0.019486 
0.021588 0.274749 0.961276 0.308601 
-0.047471 -0.960131 0.275489 2.127644 
0.000000 0.000000 0.000000 1.000000 

tail.003
0.890935 -0.450806 0.054857 -0.029301 
0.202523 0.502528 0.840508 0.360882 
-0.406472 -0.737726 0.539018 1.944945 
0.000000 0.000000 0.000000 1.000000 

tail.004
0.943294 -0.330614 0.029844 -0.115083 
0.145265 0.491954 0.858420 0.456505 
-0.298486 -0.805404 0.512083 1.804567 
0.000000 0.000000 0.000000 1.000000 

tail.005
0.985211 0.169744 -0.023382 -0.177498 
-0.037874 0.348819 0.936427 0.549380 
0.167109 -0.921689 0.350089 1.652517 
0.000000 0.000000 0.000000 1.000000 

tail.006
0.821900 0.533819 0.198790 -0.141158 
-0.005675 -0.341291 0.939943 0.624059 
0.569603 -0.773666 -0.277476 1.455191 
0.000000 0.000000 0.000000 1.000000 

Frame 1
base
1.000000 0.000000 -0.000000 0.000000 
-0.000000 -0.283265 -0.959042 0.045301 
-0.000000 0.959042 -0.283265 2.423958 
0.000000 0.000000 0.000000 1.000000 

tail
0.998680 -0.050883 -0.007049 0.000000 
0.020976 0.278689 0.960155 0.206110 
-0.046891 -0.959032 0.279388 2.489302 
0.000000 0.000000 0.000000 1.000000 

tail.001
0.998583 -0.052617 -0.008011 -0.009378 
0.021754 0.266137 0.963692 0.257472 
-0.048575 -0.962498 0.266904 2.312556 
0.000000 0.000000 0.000000 1.000000 

tail.002
0.998639 -0.051580 -0.007685 -0.019486 
0.021588 0.274749 0.961276 0.308601 
-0.047471 -0.960131 0.275489 2.127644 
0.000000 0.000000 0.000000 1.000000 

tail.003
0.890935 -0.450806 0.054857 -0.029301 
0.202523 0.502528 0.840508 0.360882 
-0.406472 -0.737726 0.539018 1.944945 
0.000000 0.000000 0.000000 1.000000 

tail.004
0.943294 -0.330614 0.029844 -0.115083 
0.145265 0.491954 0.858420 0.456505 
-0.298486 -0.805404 0.512083 1.804567 
0.000000 0.000000 0.000000 1.000000 

tail.005
0.985211 0.169744 -0.023382 -0.177498 
-0.037874 0.348819 0.936427 0.549380 
0.167109 -0.921689 0.350089 1.652517 
0.000000 0.000000 0.000000 1.000000 

tail.006
0.821900 0.533819 0.198790 -0.141158 
-0.005675 -0.341291 0.939943 0.624059 
0.569603 -0.773666 -0.277476 1.455191 
0.000000 0.000000 0.000000 1.000000 

Frame 2
base
1.000000 0.000000 -0.000000 0.000000 
-0.000000 -0.283265 -0.959042 0.045301 
-0.000000 0.959042 -0.283265 2.423958 
0.000000 0.000000 0.000000 1.000000 

tail
0.998680 -0.050883 -0.007049 0.000000 
0.020976 0.278689 0.960155 0.206110 
-0.046891 -0.959032 0.279388 2.489302 
0.000000 0.000000 0.000000 1.000000 

tail.001
0.998583 -0.052617 -0.008011 -0.009378 
0.021754 0.266137 0.963692 0.257472 
-0.048575 -0.962498 0.266904 2.312556 
0.000000 0.000000 0.000000 1.000000 

tail.002
0.998639 -0.051580 -0.007685 -0.019486 
0.021588 0.274749 0.961276 0.308601 
-0.047471 -0.960131 0.275489 2.127644 
0.000000 0.000000 0.000000 1.000000 

tail.003
0.890935 -0.450806 0.054857 -0.029301 
0.202523 0.502528 0.840508 0.360882 
-0.406472 -0.737726 0.539018 1.944945 
0.000000 0.000000 0.000000 1.000000 

tail.004
0.943294 -0.330614 0.029844 -0.115083 
0.145265 0.491954 0.858420 0.456505 
-0.298486 -0.805404 0.512083 1.804567 
0.000000 0.000000 0.000000 1.000000 

tail.005
0.985211 0.169744 -0.023382 -0.177498 
-0.037874 0.348819 0.936427 0.549380 
0.167109 -0.921689 0.350089 1.652517 
0.000000 0.000000 0.000000 1.000000 

tail.006
0.821900 0.533819 0.198790 -0.141158 
-0.005675 -0.341291 0.939943 0.624059 
0.569603 -0.773666 -0.277476 1.455191 
0.000000 0.000000 0.000000 1.000000 

Frame 3
base
1.000000 0.000000 -0.000000 0.000000 
-0.000000 -0.283265 -0.959042 0.045301 
-0.000000 0.959042 -0.283265 2.423958 
0.000000 0.000000 0.000000 1.000000 

tail
0.999834 0.017825 0.003705 0.000000 
-0.010683 0.409599 0.912206 0.206110 
0.014742 -0.912092 0.409720 2.489302 
0.000000 0.000000 0.000000 1.000000 

tail.001
0.994877 0.096463 0.030246 0.003285 
-0.030254 -0.001386 0.999544 0.281598 
0.096461 -0.995335 0.001540 2.321207 
0.000000 0.000000 0.000000 1.000000 

tail.002
0.985913 0.155870 0.060660 0.021817 
-0.023368 -0.230755 0.972734 0.281332 
0.165617 -0.960446 -0.223861 2.129986 
0.000000 0.000000 0.000000 1.000000 

tail.003
0.987673 0.148287 0.050134 0.051477 
-0.026355 -0.158179 0.987061 0.237422 
0.154298 -0.976212 -0.152321 1.947228 
0.000000 0.000000 0.000000 1.000000 

tail.004
0.991717 0.123474 0.035380 0.079694 
-0.029570 -0.048576 0.998384 0.207323 
0.124993 -0.991158 -0.044523 1.761469 
0.000000 0.000000 0.000000 1.000000 

tail.005
0.995253 0.096395 0.013398 0.103004 
-0.028461 0.156635 0.987249 0.198153 
0.093067 -0.982941 0.158634 1.574352 
0.000000 0.000000 0.000000 1.000000 

tail.006
0.996956 0.076042 0.017231 0.123641 
-0.026444 0.121857 0.992198 0.231687 
0.073348 -0.989630 0.123497 1.363912 
0.000000 0.000000 0.000000 1.000000 

Frame 4
base
1.000000 0.000000 -0.000000 0.000000 
-0.000000 -0.283265 -0.959042 0.045301 
-0.000000 0.959042 -0.283265 2.423958 
0.000000 0.000000 0.000000 1.000000 

tail
0.999879 0.015208 0.003188 0.000000 
-0.006098 0.195364 0.980714 0.206110 
0.014292 -0.980613 0.195433 2.489302 
0.000000 0.000000 0.000000 1.000000 

tail.001
0.999475 0.029969 0.012284 0.002803 
-0.006678 -0.180415 0.983570 0.242115 
0.031692 -0.983134 -0.180120 2.308579 
0.000000 0.000000 0.000000 1.000000 

tail.002
0.999090 0.038754 0.017782 0.008560 
-0.004113 -0.327508 0.944842 0.207454 
0.042440 -0.944053 -0.327049 2.119702 
0.000000 0.000000 0.000000 1.000000 

tail.003
0.999698 -0.020583 0.013426 0.015935 
-0.019820 -0.352307 0.935677 0.145135 
-0.014529 -0.935658 -0.352607 1.940063 
0.000000 0.000000 0.000000 1.000000 

tail.004
0.993356 0.114892 0.006581 0.012018 
0.020463 -0.232626 0.972353 0.078096 
0.113247 -0.965756 -0.233430 1.762021 
0.000000 0.000000 0.000000 1.000000 

tail.005
0.948251 0.311559 -0.061250 0.033708 
0.044219 0.061444 0.997132 0.034179 
0.314428 -0.948238 0.044487 1.579699 
0.000000 0.000000 0.000000 1.000000 

tail.006
0.892193 0.447498 -0.061134 0.100410 
0.041893 0.052779 0.997729 0.047334 
0.449707 -0.892726 0.028342 1.376689 
0.000000 0.000000 0.000000 1.000000 

Frame 5
base
1.000000 0.000000 -0.000000 0.000000 
-0.000000 -0.283265 -0.959042 0.045301 
-0.000000 0.959042 -0.283265 2.423958 
0.000000 0.000000 0.000000 1.000000 

tail
0.998674 -0.047868 -0.018959 0.000000 
0.009144 -0.197489 0.980265 0.206110 
-0.050667 -0.979136 -0.196788 2.489302 
0.000000 0.000000 0.000000 1.000000 

tail.001
0.998632 -0.048340 -0.019922 -0.008822 
0.009409 -0.208667 0.977944 0.169714 
-0.051430 -0.976791 -0.207926 2.308851 
0.000000 0.000000 0.000000 1.000000 

tail.002
0.998654 -0.047995 -0.019682 -0.018109 
0.009685 -0.200253 0.979699 0.129625 
-0.050962 -0.978568 -0.199518 2.121193 
0.000000 0.000000 0.000000 1.000000 

tail.003
0.996456 -0.081153 -0.022136 -0.027241 
0.009180 -0.156663 0.987612 0.091520 
-0.083615 -0.984312 -0.155362 1.934986 
0.000000 0.000000 0.000000 1.000000 

tail.004
0.994827 0.099116 -0.022254 -0.042684 
0.046236 -0.246733 0.967982 0.061709 
0.090452 -0.964001 -0.250039 1.747686 
0.000000 0.000000 0.000000 1.000000 

tail.005
0.939809 0.341174 -0.018983 -0.023972 
0.116205 -0.266871 0.956703 0.015129 
0.321336 -0.901321 -0.290453 1.565695 
0.000000 0.000000 0.000000 1.000000 

tail.006
0.869535 0.488898 0.069919 0.049071 
0.183330 -0.450984 0.873503 -0.042005 
0.458585 -0.746721 -0.481775 1.372730 
0.000000 0.000000 0.000000 1.000000 

Frame 6
base
1.000000 0.000000 -0.000000 0.000000 
-0.000000 -0.283265 -0.959042 0.045301 
-0.000000 0.959042 -0.283265 2.423958 
0.000000 0.000000 0.000000 1.000000 

tail
0.988683 -0.140701 -0.052049 0.000000 
0.030125 -0.153677 0.987664 0.206110 
-0.146963 -0.978052 -0.147698 2.489302 
0.000000 0.000000 0.000000 1.000000 

tail.001
0.988287 -0.142371 -0.054950 -0.025931 
0.030867 -0.166145 0.985621 0.177788 
-0.149453 -0.975769 -0.159803 2.309051 
0.000000 0.000000 0.000000 1.000000 

tail.002
0.988504 -0.141176 -0.054116 -0.053283 
0.031630 -0.156908 0.987109 0.145869 
-0.147847 -0.977471 -0.150637 2.121589 
0.000000 0.000000 0.000000 1.000000 

tail.003
0.992839 -0.102714 -0.061000 -0.080146 
0.039804 -0.197024 0.979593 0.116012 
-0.112636 -0.975003 -0.191523 1.935590 
0.000000 0.000000 0.000000 1.000000 

tail.004
0.997382 -0.015774 -0.070563 -0.099691 
0.060928 -0.342131 0.937677 0.078521 
-0.038933 -0.939520 -0.340273 1.750062 
0.000000 0.000000 0.000000 1.000000 

tail.005
0.995126 0.069378 -0.070081 -0.102669 
0.092334 -0.405976 0.909210 0.013931 
0.034628 -0.911247 -0.410401 1.572693 
0.000000 0.000000 0.000000 1.000000 

tail.006
0.990122 0.130458 -0.051369 -0.087816 
0.118011 -0.577588 0.807755 -0.072985 
0.075708 -0.805837 -0.587277 1.377602 
0.000000 0.000000 0.000000 1.000000 

Frame 7
base
1.000000 0.000000 -0.000000 0.000000 
-0.000000 -0.283265 -0.959042 0.045301 
-0.000000 0.959042 -0.283265 2.423958 
0.000000 0.000000 0.000000 1.000000 

tail
0.989851 -0.136346 -0.040066 0.000000 
0.038098 -0.017012 0.999131 0.206110 
-0.136909 -0.990515 -0.011644 2.489302 
0.000000 0.000000 0.000000 1.000000 

tail.001
0.989420 -0.138612 -0.042846 -0.025128 
0.038997 -0.030367 0.998780 0.202975 
-0.139743 -0.989881 -0.024640 2.306754 
0.000000 0.000000 0.000000 1.000000 

tail.002
0.989676 -0.137048 -0.041951 -0.051758 
0.039481 -0.020692 0.999008 0.197141 
-0.137780 -0.990348 -0.015067 2.116581 
0.000000 0.000000 0.000000 1.000000 

tail.003
0.987890 -0.148585 -0.044679 -0.077836 
0.038253 -0.045836 0.998218 0.193203 
-0.150368 -0.987837 -0.039597 1.928133 
0.000000 0.000000 0.000000 1.000000 

tail.004
0.982211 -0.174851 -0.068467 -0.106110 
0.033912 -0.193453 0.980526 0.184481 
-0.184691 -0.965403 -0.184081 1.740162 
0.000000 0.000000 0.000000 1.000000 

tail.005
0.974946 -0.206824 -0.081873 -0.139119 
0.024368 -0.266547 0.963516 0.147960 
-0.221101 -0.941369 -0.254828 1.557907 
0.000000 0.000000 0.000000 1.000000 

tail.006
0.970074 -0.208510 -0.124420 -0.183398 
0.014844 -0.460534 0.887520 0.090895 
-0.242356 -0.862806 -0.443655 1.356367 
0.000000 0.000000 0.000000 1.000000 

Frame 8
base
1.000000 0.000000 -0.000000 0.000000 
-0.000000 -0.283265 -0.959042 0.045301 
-0.000000 0.959042 -0.283265 2.423958 
0.000000 0.000000 0.000000 1.000000 

tail
0.998309 -0.056490 -0.013736 0.000000 
0.018207 0.079411 0.996678 0.206110 
-0.055212 -0.995240 0.080306 2.489302 
0.000000 0.000000 0.000000 1.000000 

tail.001
0.998232 -0.057566 -0.014812 -0.010411 
0.018669 0.067036 0.997578 0.220746 
-0.056434 -0.996088 0.067993 2.305883 
0.000000 0.000000 0.000000 1.000000 

tail.002
0.998279 -0.056831 -0.014468 -0.021470 
0.018774 0.075986 0.996934 0.233624 
-0.055557 -0.995488 0.076922 2.114518 
0.000000 0.000000 0.000000 1.000000 

tail.003
0.999780 -0.019142 -0.008615 -0.032284 
0.011107 0.134150 0.990901 0.248083 
-0.017812 -0.990776 0.134333 1.925091 
0.000000 0.000000 0.000000 1.000000 

tail.004
0.989702 -0.142136 -0.016980 -0.035927 
0.020288 0.021854 0.999558 0.273610 
-0.141701 -0.989605 0.024512 1.736562 
0.000000 0.000000 0.000000 1.000000 

tail.005
0.947746 -0.317804 -0.027915 -0.062760 
0.013436 -0.047661 0.998776 0.277736 
-0.318745 -0.946957 -0.040900 1.549737 
0.000000 0.000000 0.000000 1.000000 

tail.006
0.901509 -0.417235 -0.114878 -0.130799 
-0.012913 -0.291271 0.956556 0.267532 
-0.432568 -0.860857 -0.267971 1.347002 
0.000000 0.000000 0.000000 1.000000 

Frame 9
base
1.000000 0.000000 -0.000000 0.000000 
-0.000000 -0.283265 -0.959042 0.045301 
-0.000000 0.959042 -0.283265 2.423958 
0.000000 0.000000 0.000000 1.000000 

tail
0.999961 0.008585 0.001860 0.000000 
-0.002948 0.128549 0.991701 0.206110 
0.008275 -0.991666 0.128570 2.489302 
0.000000 0.000000 0.000000 1.000000 

tail.001
0.999960 0.008746 0.002009 0.001582 
-0.003024 0.117657 0.993052 0.229801 
0.008448 -0.993015 0.117678 2.306542 
0.000000 0.000000 0.000000 1.000000 

tail.002
0.999961 0.008634 0.001963 0.003262 
-0.003032 0.125648 0.992073 0.252405 
0.008319 -0.992037 0.125669 2.115767 
0.000000 0.000000 0.000000 1.000000 

tail.003
0.993726 0.111785 0.003512 0.004905 
-0.025414 0.195111 0.980454 0.276314 
0.108915 -0.974389 0.196728 1.926997 
0.000000 0.000000 0.000000 1.000000 

tail.004
0.998182 -0.059906 0.006656 0.026176 
0.000612 0.120489 0.992717 0.313441 
-0.060271 -0.990905 0.120307 1.741585 
0.000000 0.000000 0.000000 1.000000 

tail.005
0.941570 -0.336721 0.008112 0.014867 
0.022024 0.085584 0.996090 0.336188 
-0.336098 -0.937707 0.087999 1.554516 
0.000000 0.000000 0.000000 1.000000 

tail.006
0.854991 -0.510818 -0.089757 -0.057222 
0.005569 -0.164009 0.986445 0.354510 
-0.518613 -0.843899 -0.137381 1.353760 
0.000000 0.000000 0.000000 1.000000 

Frame 10
base
1.000000 0.000000 -0.000000 0.000000 
-0.000000 -0.283265 -0.959042 0.045301 
-0.000000 0.959042 -0.283265 2.423958 
0.000000 0.000000 0.000000 1.000000 

tail
0.999771 0.021070 0.003614 0.000000 
-0.008087 0.216277 0.976301 0.206110 
0.019789 -0.976104 0.216397 2.489302 
0.000000 0.000000 0.000000 1.000000 

tail.001
0.999650 0.025787 0.005919 0.003883 
-0.009134 0.126391 0.991941 0.245969 
0.024831 -0.991645 0.126582 2.309410 
0.000000 0.000000 0.000000 1.000000 

tail.002
0.999638 0.026309 0.005561 0.008837 
-0.009270 0.143038 0.989676 0.270251 
0.025241 -0.989367 0.143231 2.118898 
0.000000 0.000000 0.000000 1.000000 

tail.003
0.988593 0.150525 0.004993 0.013843 
-0.038313 0.219288 0.974910 0.297469 
0.145653 -0.963978 0.222553 1.930636 
0.000000 0.000000 0.000000 1.000000 

tail.004
0.999406 -0.032640 0.011075 0.042486 
-0.006253 0.144268 0.989521 0.339196 
-0.033896 -0.988999 0.143979 1.747205 
0.000000 0.000000 0.000000 1.000000 

tail.005
0.940935 -0.338359 0.012401 0.036324 
0.023233 0.101060 0.994611 0.366432 
-0.337788 -0.935574 0.102953 1.560495 
0.000000 0.000000 0.000000 1.000000 

tail.006
0.841975 -0.531400 -0.093229 -0.036116 
0.006693 -0.162501 0.986688 0.388068 
-0.539474 -0.831389 -0.133264 1.360197 
0.000000 0.000000 0.000000 1.000000 

Frame 11
base
1.000000 0.000000 -0.000000 0.000000 
-0.000000 -0.283265 -0.959042 0.045301 
-0.000000 0.959042 -0.283265 2.423958 
0.000000 0.000000 0.000000 1.000000 

tail
0.999994 0.003409 0.000612 0.000000 
-0.001284 0.200866 0.979620 0.206110 
0.003217 -0.979612 0.200869 2.489302 
0.000000 0.000000 0.000000 1.000000 

tail.001
0.999994 0.003483 0.000669 0.000628 
-0.001320 0.190404 0.981707 0.243129 
0.003292 -0.981699 0.190408 2.308763 
0.000000 0.000000 0.000000 1.000000 

tail.002
0.999994 0.003433 0.000652 0.001297 
-0.001318 0.197997 0.980204 0.279709 
0.003236 -0.980196 0.198000 2.120162 
0.000000 0.000000 0.000000 1.000000 

tail.003
0.995040 0.099479 0.000634 0.001951 
-0.030729 0.301290 0.953040 0.317385 
0.094616 -0.948329 0.302852 1.933645 
0.000000 0.000000 0.000000 1.000000 

tail.004
0.998062 -0.062072 0.004325 0.020880 
0.006185 0.168134 0.985747 0.374716 
-0.061914 -0.983808 0.168193 1.753192 
0.000000 0.000000 0.000000 1.000000 

tail.005
0.946891 -0.321255 -0.013895 0.009162 
0.025398 0.031644 0.999179 0.406457 
-0.320551 -0.946463 0.038123 1.567463 
0.000000 0.000000 0.000000 1.000000 

tail.006
0.871109 -0.472147 -0.135080 -0.059616 
-0.007004 -0.286978 0.957914 0.413232 
-0.491040 -0.833499 -0.253295 1.364833 
0.000000 0.000000 0.000000 1.000000 

Frame 12
base
1.000000 0.000000 -0.000000 0.000000 
-0.000000 -0.283265 -0.959042 0.045301 
-0.000000 0.959042 -0.283265 2.423958 
0.000000 0.000000 0.000000 1.000000 

tail
0.999600 -0.027928 -0.004569 0.000000 
0.010878 0.230116 0.973105 0.206110 
-0.026125 -0.972762 0.230327 2.489302 
0.000000 0.000000 0.000000 1.000000 

tail.001
0.999576 -0.028661 -0.005067 -0.005147 
0.011215 0.218601 0.975752 0.248520 
-0.026859 -0.975393 0.218830 2.310025 
0.000000 0.000000 0.000000 1.000000 

tail.002
0.999591 -0.028186 -0.004904 -0.010653 
0.011173 0.226803 0.973879 0.290517 
-0.026338 -0.973532 0.227025 2.122636 
0.000000 0.000000 0.000000 1.000000 

tail.003
0.999116 0.042023 -0.001381 -0.016017 
-0.013201 0.344714 0.938617 0.333674 
0.039919 -0.937766 0.344964 1.937387 
0.000000 0.000000 0.000000 1.000000 

tail.004
0.996246 -0.086447 -0.004520 -0.008021 
0.019375 0.171781 0.984947 0.399268 
-0.084369 -0.981334 0.172810 1.758944 
0.000000 0.000000 0.000000 1.000000 

tail.005
0.957165 -0.287398 -0.035178 -0.024341 
0.028854 -0.026213 0.999242 0.431698 
-0.288101 -0.957452 -0.016798 1.573682 
0.000000 0.000000 0.000000 1.000000 

tail.006
0.906428 -0.393585 -0.153230 -0.085870 
-0.007598 -0.377932 0.925804 0.426086 
-0.422293 -0.838008 -0.345558 1.368699 
0.000000 0.000000 0.000000 1.000000 

Frame 13
base
1.000000 0.000000 -0.000000 0.000000 
-0.000000 -0.283265 -0.959042 0.045301 
-0.000000 0.959042 -0.283265 2.423958 
0.000000 0.000000 0.000000 1.000000 

tail
0.997735 -0.066505 -0.010079 0.000000 
0.026565 0.251929 0.967383 0.206110 
-0.061796 -0.965457 0.253125 2.489302 
0.000000 0.000000 0.000000 1.000000 

tail.001
0.997577 -0.068640 -0.011374 -0.012257 
0.027499 0.238808 0.970680 0.252540 
-0.063911 -0.968638 0.240116 2.311372 
0.000000 0.000000 0.000000 1.000000 

tail.002
0.997670 -0.067340 -0.010916 -0.025444 
0.027329 0.247910 0.968400 0.298419 
-0.062505 -0.966440 0.249172 2.125280 
0.000000 0.000000 0.000000 1.000000 

tail.003
0.999629 -0.027158 -0.002053 -0.038257 
0.011943 0.369337 0.929221 0.345592 
-0.024478 -0.928898 0.369524 1.941381 
0.000000 0.000000 0.000000 1.000000 

tail.004
0.993695 -0.110950 -0.016166 -0.043425 
0.034354 0.164043 0.985857 0.415872 
-0.106729 -0.980193 0.166820 1.764625 
0.000000 0.000000 0.000000 1.000000 

tail.005
0.970329 -0.235699 -0.053925 -0.064371 
0.036557 -0.077449 0.996328 0.446841 
-0.239009 -0.968735 -0.066534 1.579578 
0.000000 0.000000 0.000000 1.000000 

tail.006
0.945401 -0.288061 -0.152439 -0.114832 
0.007340 -0.448797 0.893606 0.430260 
-0.325827 -0.845933 -0.422178 1.372180 
0.000000 0.000000 0.000000 1.000000 

Frame 14
base
1.000000 0.000000 -0.000000 0.000000 
-0.000000 -0.283265 -0.959042 0.045301 
-0.000000 0.959042 -0.283265 2.423958 
0.000000 0.000000 0.000000 1.000000 

tail
0.994240 -0.106081 -0.015257 0.000000 
0.043056 0.264997 0.963290 0.206110 
-0.098143 -0.958396 0.268038 2.489302 
0.000000 0.000000 0.000000 1.000000 

tail.001
0.993801 -0.109803 -0.017389 -0.019550 
0.044675 0.251216 0.966902 0.254948 
-0.101800 -0.961682 0.254564 2.312673 
0.000000 0.000000 0.000000 1.000000 

tail.002
0.994054 -0.107608 -0.016619 -0.040645 
0.044341 0.260660 0.964414 0.303211 
-0.099446 -0.959414 0.263882 2.127918 
0.000000 0.000000 0.000000 1.000000 

tail.003
0.995563 -0.094027 -0.003652 -0.061122 
0.038447 0.371042 0.927822 0.352811 
-0.085885 -0.923843 0.373010 1.945356 
0.000000 0.000000 0.000000 1.000000 

tail.004
0.991211 -0.128943 -0.029567 -0.079013 
0.048280 0.144511 0.988327 0.423415 
-0.123165 -0.981065 0.149466 1.769562 
0.000000 0.000000 0.000000 1.000000 

tail.005
0.982318 -0.174632 -0.067495 -0.103356 
0.047557 -0.115942 0.992119 0.450696 
-0.181081 -0.977783 -0.105586 1.584350 
0.000000 0.000000 0.000000 1.000000 

tail.006
0.975212 -0.174833 -0.135626 -0.140744 
0.033346 -0.489817 0.871190 0.425874 
-0.218744 -0.854116 -0.471843 1.375015 
0.000000 0.000000 0.000000 1.000000 

Frame 15
base
1.000000 0.000000 -0.000000 0.000000 
-0.000000 -0.283265 -0.959042 0.045301 
-0.000000 0.959042 -0.283265 2.423958 
0.000000 0.000000 0.000000 1.000000 

tail
0.990068 -0.139229 -0.019493 0.000000 
0.056960 0.270498 0.961036 0.206110 
-0.128531 -0.952599 0.275742 2.489302 
0.000000 0.000000 0.000000 1.000000 

tail.001
0.989314 -0.144091 -0.022246 -0.025659 
0.059113 0.256939 0.964620 0.255962 
-0.133276 -0.955625 0.262710 2.313741 
0.000000 0.000000 0.000000 1.000000 

tail.002
0.989750 -0.141219 -0.021264 -0.053342 
0.058659 0.266252 0.962119 0.305324 
-0.130207 -0.953502 0.271807 2.130150 
0.000000 0.000000 0.000000 1.000000 

tail.003
0.989659 -0.143250 -0.007353 -0.080213 
0.058926 0.359288 0.931367 0.355988 
-0.130776 -0.922166 0.364014 1.948712 
0.000000 0.000000 0.000000 1.000000 

tail.004
0.989971 -0.134959 -0.041764 -0.107472 
0.058401 0.121766 0.990841 0.424355 
-0.128637 -0.983341 0.128426 1.773238 
0.000000 0.000000 0.000000 1.000000 

tail.005
0.990374 -0.116245 -0.075141 -0.132950 
0.058516 -0.140348 0.988374 0.447343 
-0.125439 -0.983254 -0.132194 1.587596 
0.000000 0.000000 0.000000 1.000000 

tail.006
0.990583 -0.076521 -0.113531 -0.157837 
0.059334 -0.507373 0.859684 0.417296 
-0.123386 -0.858323 -0.498053 1.377090 
0.000000 0.000000 0.000000 1.000000 

Frame 16
base
1.000000 0.000000 -0.000000 0.000000 
-0.000000 -0.283265 -0.959042 0.045301 
-0.000000 0.959042 -0.283265 2.423958 
0.000000 0.000000 0.000000 1.000000 

tail
0.986823 -0.160271 -0.022222 0.000000 
0.065752 0.271727 0.960128 0.206110 
-0.147842 -0.948935 0.278684 2.489302 
0.000000 0.000000 0.000000 1.000000 

tail.001
0.985781 -0.166094 -0.025473 -0.029537 
0.068313 0.257626 0.963829 0.256189 
-0.153524 -0.951862 0.265309 2.314417 
0.000000 0.000000 0.000000 1.000000 

tail.002
0.986375 -0.162705 -0.024300 -0.061447 
0.067763 0.267242 0.961246 0.305683 
-0.149905 -0.949793 0.274627 2.131548 
0.000000 0.000000 0.000000 1.000000 

tail.003
0.985053 -0.171928 -0.010503 -0.092407 
0.071174 0.350742 0.933766 0.356535 
-0.156856 -0.920554 0.357737 1.950817 
0.000000 0.000000 0.000000 1.000000 

tail.004
0.990070 -0.131631 -0.049342 -0.125123 
0.063796 0.107953 0.992109 0.423276 
-0.125266 -0.985402 0.115280 1.775649 
0.000000 0.000000 0.000000 1.000000 

tail.005
0.994694 -0.067738 -0.077433 -0.149973 
0.066137 -0.155511 0.985620 0.443656 
-0.078806 -0.985509 -0.150205 1.589618 
0.000000 0.000000 0.000000 1.000000 

tail.006
0.995710 -0.001637 -0.092507 -0.164475 
0.078331 -0.517194 0.852279 0.410362 
-0.049239 -0.855867 -0.514845 1.378629 
0.000000 0.000000 0.000000 1.000000 

Frame 17
base
1.000000 0.000000 -0.000000 0.000000 
-0.000000 -0.283265 -0.959042 0.045301 
-0.000000 0.959042 -0.283265 2.423958 
0.000000 0.000000 0.000000 1.000000 

tail
0.985561 -0.167709 -0.023323 0.000000 
0.068750 0.270477 0.960271 0.206110 
-0.154737 -0.948006 0.278101 2.489302 
0.000000 0.000000 0.000000 1.000000 

tail.001
0.984433 -0.173719 -0.026702 -0.030908 
0.071405 0.256478 0.963911 0.255958 
-0.160601 -0.950810 0.264890 2.314588 
0.000000 0.000000 0.000000 1.000000 

tail.002
0.985079 -0.170203 -0.025491 -0.064282 
0.070844 0.266042 0.961357 0.305232 
-0.156844 -0.948816 0.274130 2.131921 
0.000000 0.000000 0.000000 1.000000 

tail.003
0.982625 -0.185322 -0.010213 -0.096670 
0.076717 0.355439 0.931548 0.355856 
-0.169006 -0.916143 0.363480 1.951376 
0.000000 0.000000 0.000000 1.000000 

tail.004
0.990869 -0.124844 -0.050919 -0.131934 
0.064709 0.109021 0.991933 0.423491 
-0.118285 -0.986168 0.116104 1.777047 
0.000000 0.000000 0.000000 1.000000 

tail.005
0.996714 -0.030898 -0.074878 -0.155502 
0.068835 -0.164190 0.984026 0.444072 
-0.042699 -0.985944 -0.161523 1.590872 
0.000000 0.000000 0.000000 1.000000 

tail.006
0.995986 0.052159 -0.072740 -0.162118 
0.089354 -0.531644 0.842244 0.408921 
0.005259 -0.845361 -0.534169 1.379789 
0.000000 0.000000 0.000000 1.000000 

Frame 18
base
1.000000 0.000000 -0.000000 0.000000 
-0.000000 -0.283265 -0.959042 0.045301 
-0.000000 0.959042 -0.283265 2.423958 
0.000000 0.000000 0.000000 1.000000 

tail
0.985585 -0.167554 -0.023427 0.000000 
0.068583 0.269099 0.960670 0.206110 
-0.154659 -0.948425 0.276711 2.489302 
0.000000 0.000000 0.000000 1.000000 

tail.001
0.984457 -0.173568 -0.026818 -0.030880 
0.071231 0.255019 0.964311 0.255704 
-0.160534 -0.951230 0.263418 2.314511 
0.000000 0.000000 0.000000 1.000000 

tail.002
0.985102 -0.170053 -0.025600 -0.064225 
0.070675 0.264630 0.961759 0.304698 
-0.156775 -0.949238 0.272706 2.131763 
0.000000 0.000000 0.000000 1.000000 

tail.003
0.980304 -0.197401 -0.005978 -0.096583 
0.081329 0.375930 0.923075 0.355053 
-0.179968 -0.905378 0.384580 1.951138 
0.000000 0.000000 0.000000 1.000000 

tail.004
0.991957 -0.117223 -0.047756 -0.134146 
0.063063 0.130563 0.989435 0.426587 
-0.109749 -0.984485 0.136906 1.778858 
0.000000 0.000000 0.000000 1.000000 

tail.005
0.997712 0.010685 -0.066759 -0.156276 
0.067609 -0.158173 0.985096 0.451235 
-0.000033 -0.987354 -0.158532 1.593000 
0.000000 0.000000 0.000000 1.000000 

tail.006
0.992721 0.112249 -0.043653 -0.153988 
0.097972 -0.541817 0.834770 0.417372 
0.070050 -0.832968 -0.548868 1.381616 
0.000000 0.000000 0.000000 1.000000 

Frame 19
base
1.000000 0.000000 -0.000000 0.000000 
-0.000000 -0.283265 -0.959042 0.045301 
-0.000000 0.959042 -0.283265 2.423958 
0.000000 0.000000 0.000000 1.000000 

tail
0.985900 -0.165705 -0.023286 0.000000 
0.067729 0.267912 0.961062 0.206110 
-0.153014 -0.949086 0.275357 2.489302 
0.000000 0.000000 0.000000 1.000000 

tail.001
0.984792 -0.171680 -0.026661 -0.030539 
0.070349 0.253721 0.964718 0.255486 
-0.158858 -0.951919 0.261940 2.314389 
0.000000 0.000000 0.000000 1.000000 

tail.002
0.985425 -0.168195 -0.025445 -0.063522 
0.069802 0.263395 0.962162 0.304230 
-0.155128 -0.949912 0.271296 2.131509 
0.000000 0.000000 0.000000 1.000000 

tail.003
0.974899 -0.222647 0.001075 -0.095526 
0.091277 0.404068 0.910166 0.354350 
-0.203079 -0.887219 0.414247 1.950755 
0.000000 0.000000 0.000000 1.000000 

tail.004
0.992818 -0.111977 -0.042117 -0.137893 
0.061163 0.172515 0.983108 0.431238 
-0.102820 -0.978621 0.178125 1.781931 
0.000000 0.000000 0.000000 1.000000 

tail.005
0.995889 0.073463 -0.053000 -0.159033 
0.061824 -0.123571 0.990410 0.463806 
0.066209 -0.989613 -0.127604 1.597180 
0.000000 0.000000 0.000000 1.000000 

tail.006
0.978564 0.205886 0.004813 -0.143305 
0.106625 -0.526498 0.843466 0.437351 
0.176191 -0.824871 -0.537163 1.385312 
0.000000 0.000000 0.000000 1.000000 

Frame 20
base
1.000000 0.000000 -0.000000 0.000000 
-0.000000 -0.283265 -0.959042 0.045301 
-0.000000 0.959042 -0.283265 2.423958 
0.000000 0.000000 0.000000 1.000000 

tail
0.986511 -0.162079 -0.022947 0.000000 
0.066105 0.266210 0.961648 0.206110 
-0.149754 -0.950191 0.273333 2.489302 
0.000000 0.000000 0.000000 1.000000 

tail.001
0.985442 -0.167970 -0.026280 -0.029871 
0.068671 0.251846 0.965330 0.255172 
-0.155527 -0.953079 0.259714 2.314185 
0.000000 0.000000 0.000000 1.000000 

tail.002
0.986051 -0.164544 -0.025074 -0.062140 
0.068139 0.261617 0.962766 0.303556 
-0.151857 -0.951042 0.269179 2.131083 
0.000000 0.000000 0.000000 1.000000 

tail.003
0.964485 -0.264015 0.008049 -0.093451 
0.107713 0.420951 0.900668 0.353337 
-0.241178 -0.867811 0.434438 1.950114 
0.000000 0.000000 0.000000 1.000000 

tail.004
0.992868 -0.113566 -0.036265 -0.143689 
0.060709 0.219838 0.973648 0.433438 
-0.102600 -0.968903 0.225164 1.784981 
0.000000 0.000000 0.000000 1.000000 

tail.005
0.987530 0.152735 -0.038174 -0.165129 
0.047412 -0.057303 0.997233 0.474941 
0.150124 -0.986604 -0.063829 1.602066 
0.000000 0.000000 0.000000 1.000000 

tail.006
0.942235 0.328845 0.063676 -0.132429 
0.104689 -0.469705 0.876597 0.462673 
0.318172 -0.819292 -0.476997 1.390842 
0.000000 0.000000 0.000000 1.000000 

Frame 21
base
1.000000 0.000000 -0.000000 0.000000 
-0.000000 -0.283265 -0.959042 0.045301 
-0.000000 0.959042 -0.283265 2.423958 
0.000000 0.000000 0.000000 1.000000 

tail
0.987333 -0.157050 -0.022580 0.000000 
0.063775 0.262511 0.962821 0.206110 
-0.145283 -0.952062 0.269201 2.489302 
0.000000 0.000000 0.000000 1.000000 

tail.001
0.986386 -0.162423 -0.025703 -0.028944 
0.066151 0.248816 0.966291 0.254490 
-0.150553 -0.954834 0.256173 2.313840 
0.000000 0.000000 0.000000 1.000000 

tail.002
0.986935 -0.159229 -0.024596 -0.060148 
0.065682 0.258223 0.963852 0.302292 
-0.147121 -0.952873 0.265307 2.130401 
0.000000 0.000000 0.000000 1.000000 

tail.003
0.949977 -0.312166 0.009846 -0.090447 
0.125274 0.409731 0.903566 0.351428 
-0.286096 -0.857131 0.428340 1.949083 
0.000000 0.000000 0.000000 1.000000 

tail.004
0.992182 -0.120586 -0.032148 -0.149848 
0.062187 0.254381 0.965105 0.429393 
-0.108200 -0.959556 0.259891 1.785984 
0.000000 0.000000 0.000000 1.000000 

tail.005
0.971900 0.233536 -0.029526 -0.172613 
0.022361 0.033269 0.999198 0.477417 
0.234331 -0.971779 0.027112 1.604832 
0.000000 0.000000 0.000000 1.000000 

tail.006
0.881840 0.458991 0.108097 -0.122615 
0.076924 -0.366193 0.927356 0.484540 
0.465231 -0.809463 -0.358230 1.396783 
0.000000 0.000000 0.000000 1.000000 

Frame 22
base
1.000000 0.000000 -0.000000 0.000000 
-0.000000 -0.283265 -0.959042 0.045301 
-0.000000 0.959042 -0.283265 2.423958 
0.000000 0.000000 0.000000 1.000000 

tail
0.988347 -0.150599 -0.022149 0.000000 
0.060742 0.256771 0.964564 0.206110 
-0.139575 -0.954666 0.262926 2.489302 
0.000000 0.000000 0.000000 1.000000 

tail.001
0.987466 -0.155809 -0.025209 -0.027755 
0.063008 0.242702 0.968055 0.253432 
-0.144713 -0.957507 0.249477 2.313360 
0.000000 0.000000 0.000000 1.000000 

tail.002
0.987974 -0.152726 -0.024114 -0.057688 
0.062574 0.252325 0.965620 0.300059 
-0.141391 -0.955514 0.258847 2.129407 
0.000000 0.000000 0.000000 1.000000 

tail.003
0.936899 -0.349573 0.004393 -0.086750 
0.135292 0.374128 0.917458 0.348073 
-0.322362 -0.858968 0.397813 1.947587 
0.000000 0.000000 0.000000 1.000000 

tail.004
0.991471 -0.126788 -0.030191 -0.153269 
0.063750 0.269722 0.960828 0.419264 
-0.113678 -0.954555 0.275503 1.784138 
0.000000 0.000000 0.000000 1.000000 

tail.005
0.954442 0.296842 -0.030440 -0.177205 
-0.007677 0.126405 0.991952 0.470184 
0.298299 -0.946523 0.122924 1.603931 
0.000000 0.000000 0.000000 1.000000 

tail.006
0.816943 0.564393 0.118594 -0.113653 
0.024548 -0.239480 0.970593 0.497246 
0.576195 -0.790006 -0.209495 1.401288 
0.000000 0.000000 0.000000 1.000000 

Frame 23
base
1.000000 0.000000 -0.000000 0.000000 
-0.000000 -0.283265 -0.959042 0.045301 
-0.000000 0.959042 -0.283265 2.423958 
0.000000 0.000000 0.000000 1.000000 

tail
0.989381 -0.143693 -0.021871 0.000000 
0.057347 0.247649 0.967153 0.206110 
-0.133556 -0.958135 0.253259 2.489302 
0.000000 0.000000 0.000000 1.000000 

tail.001
0.988624 -0.148360 -0.024724 -0.026482 
0.059392 0.234055 0.970410 0.251751 
-0.138183 -0.960837 0.240204 2.312721 
0.000000 0.000000 0.000000 1.000000 

tail.002
0.989068 -0.145540 -0.023721 -0.054984 
0.059039 0.243426 0.968123 0.296717 
-0.135126 -0.958937 0.249358 2.128128 
0.000000 0.000000 0.000000 1.000000 

tail.003
0.927562 -0.373653 -0.003452 -0.082679 
0.137623 0.333019 0.932825 0.343037 
-0.347402 -0.865726 0.360318 1.945657 
0.000000 0.000000 0.000000 1.000000 

tail.004
0.990745 -0.132530 -0.029335 -0.153779 
0.064771 0.271661 0.960213 0.406406 
-0.119287 -0.953224 0.277731 1.780922 
0.000000 0.000000 0.000000 1.000000 

tail.005
0.941345 0.335436 -0.036772 -0.178799 
-0.033000 0.199960 0.979251 0.457692 
0.335828 -0.920597 0.199300 1.600966 
0.000000 0.000000 0.000000 1.000000 

tail.006
0.767833 0.631860 0.105764 -0.106985 
-0.029503 -0.130040 0.991072 0.500502 
0.639970 -0.764096 -0.081207 1.403874 
0.000000 0.000000 0.000000 1.000000 

Frame 24
base
1.000000 0.000000 -0.000000 0.000000 
-0.000000 -0.283265 -0.959042 0.045301 
-0.000000 0.959042 -0.283265 2.423958 
0.000000 0.000000 0.000000 1.000000 

tail
0.990401 -0.136518 -0.021641 0.000000 
0.053763 0.236234 0.970210 0.206110 
-0.127338 -0.962058 0.241306 2.489302 
0.000000 0.000000 0.000000 1.000000 

tail.001
0.989714 -0.140961 -0.024425 -0.025160 
0.055664 0.222161 0.973422 0.249647 
-0.131788 -0.964766 0.227722 2.311998 
0.000000 0.000000 0.000000 1.000000 

tail.002
0.990116 -0.138283 -0.023436 -0.052241 
0.055364 0.231819 0.971184 0.292328 
-0.128866 -0.962880 0.237183 2.126651 
0.000000 0.000000 0.000000 1.000000 

tail.003
0.918305 -0.395776 -0.008772 -0.078554 
0.138164 0.299654 0.943993 0.336440 
-0.370981 -0.868083 0.329856 1.943429 
0.000000 0.000000 0.000000 1.000000 

tail.004
0.988738 -0.146881 -0.028684 -0.153865 
0.067602 0.267354 0.961226 0.393459 
-0.133517 -0.952338 0.274273 1.778246 
0.000000 0.000000 0.000000 1.000000 

tail.005
0.934547 0.353218 -0.043121 -0.181594 
-0.047394 0.243656 0.968705 0.443932 
0.352669 -0.903254 0.244448 1.598457 
0.000000 0.000000 0.000000 1.000000 

tail.006
0.735026 0.671778 0.091935 -0.105973 
-0.064363 -0.065848 0.995754 0.496097 
0.674977 -0.737820 -0.005162 1.405078 
0.000000 0.000000 0.000000 1.000000 

Frame 25
base
1.000000 0.000000 -0.000000 0.000000 
-0.000000 -0.283265 -0.959042 0.045301 
-0.000000 0.959042 -0.283265 2.423958 
0.000000 0.000000 0.000000 1.000000 

tail
0.991862 -0.125559 -0.021109 0.000000 
0.048445 0.218853 0.974557 0.206110 
-0.117744 -0.967645 0.223155 2.489302 
0.000000 0.000000 0.000000 1.000000 

tail.001
0.991320 -0.129335 -0.023622 -0.023140 
0.050060 0.205173 0.977447 0.246444 
-0.121571 -0.970142 0.209867 2.310969 
0.000000 0.000000 0.000000 1.000000 

tail.002
0.991641 -0.127006 -0.022745 -0.047988 
0.049863 0.214638 0.975422 0.285861 
-0.119002 -0.968400 0.219176 2.124588 
0.000000 0.000000 0.000000 1.000000 

tail.003
0.903570 -0.428212 -0.013997 -0.072155 
0.137411 0.258696 0.956137 0.326704 
-0.405808 -0.865858 0.292591 1.940316 
0.000000 0.000000 0.000000 1.000000 

tail.004
0.983103 -0.180987 -0.027426 -0.153637 
0.073898 0.255321 0.964030 0.375930 
-0.167473 -0.949765 0.264381 1.775556 
0.000000 0.000000 0.000000 1.000000 

tail.005
0.934100 0.353568 -0.049453 -0.187805 
-0.056253 0.282556 0.957602 0.424131 
0.352550 -0.891712 0.283825 1.596253 
0.000000 0.000000 0.000000 1.000000 

tail.006
0.710003 0.700184 0.075079 -0.112109 
-0.094171 -0.011253 0.995495 0.484624 
0.697873 -0.713873 0.057948 1.405344 
0.000000 0.000000 0.000000 1.000000 

Frame 26
base
1.000000 0.000000 -0.000000 0.000000 
-0.000000 -0.283265 -0.959042 0.045301 
-0.000000 0.959042 -0.283265 2.423958 
0.000000 0.000000 0.000000 1.000000 

tail
0.994077 -0.106905 -0.019566 0.000000 
0.040129 0.193744 0.980233 0.206110 
-0.101000 -0.975210 0.196886 2.489302 
0.000000 0.000000 0.000000 1.000000 

tail.001
0.993711 -0.109870 -0.021629 -0.019702 
0.041338 0.180421 0.982723 0.241817 
-0.104070 -0.977433 0.183828 2.309574 
0.000000 0.000000 0.000000 1.000000 

tail.002
0.993931 -0.108002 -0.020914 -0.040810 
0.041246 0.189612 0.980995 0.276478 
-0.101983 -0.975900 0.192916 2.121793 
0.000000 0.000000 0.000000 1.000000 

tail.003
0.883567 -0.467366 -0.029642 -0.061361 
0.124846 0.174073 0.976789 0.312559 
-0.451357 -0.866756 0.212154 1.936094 
0.000000 0.000000 0.000000 1.000000 

tail.004
0.971251 -0.236458 -0.027536 -0.150294 
0.080609 0.217832 0.972654 0.345682 
-0.223993 -0.946908 0.230630 1.771163 
0.000000 0.000000 0.000000 1.000000 

tail.005
0.941856 0.331036 -0.057644 -0.194934 
-0.065164 0.348241 0.935140 0.386806 
0.329637 -0.877008 0.349564 1.592399 
0.000000 0.000000 0.000000 1.000000 

tail.006
0.697132 0.716162 0.033435 -0.124062 
-0.146312 0.096460 0.984527 0.461362 
0.701854 -0.691235 0.172028 1.404639 
0.000000 0.000000 0.000000 1.000000 

Frame 27
base
1.000000 0.000000 -0.000000 0.000000 
-0.000000 -0.283265 -0.959042 0.045301 
-0.000000 0.959042 -0.283265 2.423958 
0.000000 0.000000 0.000000 1.000000 

tail
0.996419 -0.082923 -0.016517 0.000000 
0.030001 0.164105 0.985989 0.206110 
-0.079050 -0.982951 0.166005 2.489302 
0.000000 0.000000 0.000000 1.000000 

tail.001
0.996211 -0.085057 -0.018118 -0.015282 
0.030842 0.150757 0.988092 0.236354 
-0.081313 -0.984904 0.152809 2.308148 
0.000000 0.000000 0.000000 1.000000 

tail.002
0.996337 -0.083689 -0.017561 -0.031623 
0.030831 0.160021 0.986634 0.265317 
-0.079760 -0.983559 0.162015 2.118931 
0.000000 0.000000 0.000000 1.000000 

tail.003
0.878342 -0.473096 -0.068528 -0.047548 
0.080068 0.004270 0.996782 0.295767 
-0.471280 -0.881000 0.041631 1.931774 
0.000000 0.000000 0.000000 1.000000 

tail.004
0.958489 -0.282726 -0.036930 -0.137571 
0.072955 0.117972 0.990336 0.296579 
-0.275636 -0.951918 0.133702 1.764133 
0.000000 0.000000 0.000000 1.000000 

tail.005
0.960226 0.272115 -0.062600 -0.190946 
-0.068905 0.448185 0.891284 0.318851 
0.270588 -0.851518 0.449109 1.584423 
0.000000 0.000000 0.000000 1.000000 

tail.006
0.733444 0.677933 -0.049664 -0.132689 
-0.225496 0.311583 0.923077 0.414804 
0.641257 -0.665825 0.381400 1.402121 
0.000000 0.000000 0.000000 1.000000 

Frame 28
base
1.000000 0.000000 -0.000000 0.000000 
-0.000000 -0.283265 -0.959042 0.045301 
-0.000000 0.959042 -0.283265 2.423958 
0.000000 0.000000 0.000000 1.000000 

tail
0.998237 -0.058029 -0.012498 0.000000 
0.020215 0.134361 0.990729 0.206110 
-0.055811 -0.989232 0.135297 2.489302 
0.000000 0.000000 0.000000 1.000000 

tail.001
0.998150 -0.059281 -0.013534 -0.010694 
0.020719 0.122316 0.992277 0.230873 
-0.057167 -0.990719 0.123318 2.306990 
0.000000 0.000000 0.000000 1.000000 

tail.002
0.998203 -0.058445 -0.013189 -0.022083 
0.020758 0.130853 0.991187 0.254371 
-0.056204 -0.989677 0.131831 2.116657 
0.000000 0.000000 0.000000 1.000000 

tail.003
0.938034 -0.332860 -0.096412 -0.033205 
0.014236 -0.240964 0.970432 0.279271 
-0.346248 -0.911669 -0.221293 1.928336 
0.000000 0.000000 0.000000 1.000000 

tail.004
0.973769 -0.222536 -0.047450 -0.096543 
0.037774 -0.047543 0.998157 0.233419 
-0.224381 -0.973764 -0.037889 1.754859 
0.000000 0.000000 0.000000 1.000000 

tail.005
0.987713 0.149743 -0.044723 -0.138555 
-0.047744 0.561625 0.826016 0.224443 
0.148808 -0.813729 0.561873 1.571025 
0.000000 0.000000 0.000000 1.000000 

tail.006
0.889057 0.444984 -0.107549 -0.106496 
-0.228306 0.634599 0.738352 0.344683 
0.396805 -0.631881 0.665786 1.396812 
0.000000 0.000000 0.000000 1.000000 

Frame 29
base
1.000000 0.000000 -0.000000 0.000000 
-0.000000 -0.283265 -0.959042 0.045301 
-0.000000 0.959042 -0.283265 2.423958 
0.000000 0.000000 0.000000 1.000000 

tail
0.999295 -0.036584 -0.008399 0.000000 
0.012418 0.111053 0.993739 0.206110 
-0.035422 -0.993141 0.111429 2.489302 
0.000000 0.000000 0.000000 1.000000 

tail.001
0.999262 -0.037344 -0.008989 -0.006742 
0.012656 0.099171 0.994992 0.226577 
-0.036265 -0.994369 0.099571 2.306270 
0.000000 0.000000 0.000000 1.000000 

tail.002
0.999283 -0.036832 -0.008762 -0.013917 
0.012679 0.107520 0.994124 0.245629 
-0.035673 -0.993520 0.107911 2.115235 
0.000000 0.000000 0.000000 1.000000 

tail.003
0.996871 -0.070365 -0.036016 -0.020925 
0.008720 -0.354966 0.934841 0.266089 
-0.078565 -0.932227 -0.353240 1.926183 
0.000000 0.000000 0.000000 1.000000 

tail.004
0.998083 -0.058155 -0.021167 -0.034315 
0.013996 -0.121064 0.992548 0.198544 
-0.060284 -0.990939 -0.120016 1.748794 
0.000000 0.000000 0.000000 1.000000 

tail.005
0.999982 -0.005697 0.001791 -0.045294 
0.002071 0.612051 0.790819 0.175689 
-0.005602 -0.790798 0.612051 1.561717 
0.000000 0.000000 0.000000 1.000000 

tail.006
0.999134 0.041218 -0.005682 -0.046513 
-0.029378 0.795570 0.605152 0.306724 
0.029464 -0.604459 0.796090 1.392414 
0.000000 0.000000 0.000000 1.000000 

Frame 30
base
1.000000 0.000000 -0.000000 0.000000 
-0.000000 -0.283265 -0.959042 0.045301 
-0.000000 0.959042 -0.283265 2.423958 
0.000000 0.000000 0.000000 1.000000 

tail
0.999758 -0.021417 -0.005084 0.000000 
0.007130 0.096544 0.995306 0.206110 
-0.020826 -0.995098 0.096674 2.489302 
0.000000 0.000000 0.000000 1.000000 

tail.001
0.999747 -0.021828 -0.005416 -0.003947 
0.007258 0.085198 0.996340 0.223903 
-0.021287 -0.996125 0.085335 2.305909 
0.000000 0.000000 0.000000 1.000000 

tail.002
0.999754 -0.021547 -0.005290 -0.008141 
0.007278 0.093249 0.995619 0.240271 
-0.020959 -0.995409 0.093383 2.114537 
0.000000 0.000000 0.000000 1.000000 

tail.003
0.994542 0.102917 0.017138 -0.012241 
0.018081 -0.331788 0.943183 0.258015 
0.102755 -0.937723 -0.331837 1.925125 
0.000000 0.000000 0.000000 1.000000 

tail.004
