simple game object export addon
Bones 64
[
Frames 251
Frame 0
base
1.000000 0.000000 0.000000 0.000000 
0.000000 0.000000 -1.000000 0.000000 
0.000000 1.000000 0.000000 0.000000 
0.000000 0.000000 0.000000 1.000000 

holder
1.000000 -0.000000 -0.000000 -0.000000 
-0.000000 0.999960 -0.008906 -0.581564 
0.000000 0.008906 0.999960 2.013318 
0.000000 0.000000 0.000000 1.000000 

torso
1.000000 -0.000000 0.000001 -0.000000 
0.000001 -0.014083 -0.999901 0.430855 
0.000000 0.999901 -0.014083 2.022335 
0.000000 0.000000 0.000000 1.000000 

chest_bottom
-1.000000 -0.000000 0.000000 -0.000000 
0.000000 -0.418144 0.908381 0.426382 
0.000000 0.908381 0.418144 2.339891 
0.000000 0.000000 0.000000 1.000000 

chest_up
-0.998475 0.023426 0.049999 -0.000000 
0.048362 -0.065869 0.996656 0.296676 
0.026641 0.997553 0.064636 2.621667 
0.000000 0.000000 0.000000 1.000000 

shoulder.r
0.002329 0.957508 0.288397 0.006362 
-0.999968 -0.000000 0.008075 0.278785 
0.007732 -0.288406 0.957477 2.892607 
0.000000 0.000000 0.000000 1.000000 

shoulder_up.r
-0.728435 0.534422 0.428690 0.534446 
-0.658667 -0.374101 -0.652845 0.278785 
-0.188521 -0.757919 0.624514 2.733546 
0.000000 0.000000 0.000000 1.000000 

shoulder_btm.r
-0.699282 0.585550 0.410044 0.682946 
-0.669823 -0.336372 -0.661960 0.174834 
-0.249683 -0.737553 0.627434 2.522942 
0.000000 0.000000 0.000000 1.000000 

arm_up.r
-0.157779 0.837006 0.523954 0.871126 
-0.676196 0.295099 -0.675038 0.066733 
-0.719629 -0.460802 0.519419 2.285912 
0.000000 0.000000 0.000000 1.000000 

arm_btm.r
-0.372184 0.611273 0.698444 1.135221 
-0.703549 0.305022 -0.641857 0.159843 
-0.605390 -0.730279 0.316536 2.140519 
0.000000 0.000000 0.000000 1.000000 

palm.r
0.652090 0.647151 0.394935 1.253564 
-0.690795 0.292542 0.661228 0.218896 
0.312380 -0.703999 0.637812 1.999136 
0.000000 0.000000 0.000000 1.000000 

palm.r.001
-0.197903 0.431443 0.880165 1.384922 
-0.825997 0.410079 -0.386737 0.278276 
-0.527792 -0.803550 0.275215 1.856239 
0.000000 0.000000 0.000000 1.000000 

palm.r.002
-0.180163 0.309106 0.933807 1.413304 
-0.841853 0.442556 -0.308915 0.305252 
-0.508749 -0.841783 0.180489 1.803378 
0.000000 0.000000 0.000000 1.000000 

palm.r.003
-0.527824 0.303074 0.793440 1.431756 
-0.685599 0.399387 -0.608640 0.331671 
-0.501353 -0.865238 -0.003019 1.753127 
0.000000 0.000000 0.000000 1.000000 

palm.r.004
-0.120769 0.405002 0.906304 1.401339 
-0.738149 0.573815 -0.354784 0.322370 
-0.663740 -0.711835 0.229653 1.895501 
0.000000 0.000000 0.000000 1.000000 

palm.r.005
-0.120968 0.298400 0.946744 1.424248 
-0.739360 0.609308 -0.286515 0.354827 
-0.662354 -0.734644 0.146918 1.855237 
0.000000 0.000000 0.000000 1.000000 

palm.r.006
-0.460988 0.291477 0.838171 1.442061 
-0.570681 0.625930 -0.531540 0.391201 
-0.679568 -0.723362 -0.122205 1.811381 
0.000000 0.000000 0.000000 1.000000 

palm.r.007
-0.338515 0.212717 0.916602 1.386152 
-0.897876 0.218367 -0.382275 0.221362 
-0.281472 -0.952401 0.117073 1.845693 
0.000000 0.000000 0.000000 1.000000 

palm.r.008
-0.301547 0.187661 0.934801 1.399256 
-0.915909 0.215401 -0.338694 0.234814 
-0.264917 -0.958324 0.106927 1.787021 
0.000000 0.000000 0.000000 1.000000 

palm.r.009
-0.618569 0.176055 0.765753 1.409618 
-0.737232 0.207051 -0.643133 0.246707 
-0.271777 -0.962358 0.001718 1.734109 
0.000000 0.000000 0.000000 1.000000 

palm.r.010
-0.382717 0.150796 0.911476 1.352548 
-0.922077 -0.123709 -0.366702 0.173392 
0.057460 -0.980794 0.186391 1.848318 
0.000000 0.000000 0.000000 1.000000 

palm.r.011
-0.339277 0.177942 0.923703 1.360014 
-0.940476 -0.084937 -0.329075 0.167267 
0.019900 -0.980369 0.196167 1.799760 
0.000000 0.000000 0.000000 1.000000 

palm.r.012
-0.644292 0.013743 0.764656 1.367011 
-0.761495 0.081050 -0.643084 0.163928 
-0.070814 -0.996615 -0.041755 1.761211 
0.000000 0.000000 0.000000 1.000000 

palm.r.013
0.149758 -0.045556 0.987673 1.251546 
-0.351491 0.931231 0.096248 0.315221 
-0.924136 -0.361572 0.123447 1.984106 
0.000000 0.000000 0.000000 1.000000 

palm.r.014
-0.178979 0.267943 0.946664 1.247593 
-0.355828 0.879438 -0.316189 0.396037 
-0.917253 -0.393441 -0.062059 1.952727 
0.000000 0.000000 0.000000 1.000000 

palm.r.015
-0.392633 0.220838 0.892787 1.266197 
-0.023787 0.967980 -0.249898 0.457098 
-0.919387 -0.119355 -0.374808 1.925410 
0.000000 0.000000 0.000000 1.000000 

shoulder.l
0.002329 -0.957508 -0.288397 0.006362 
0.999968 -0.000000 0.008075 0.278785 
-0.007732 -0.288407 0.957477 2.892607 
0.000000 0.000000 0.000000 1.000000 

shoulder_up.l
-0.756519 -0.503969 -0.416766 -0.521721 
0.627484 -0.379847 -0.679692 0.278785 
0.184236 -0.775714 0.603594 2.733546 
0.000000 0.000000 0.000000 1.000000 

shoulder_btm.l
-0.728526 -0.556897 -0.398893 -0.661759 
0.639579 -0.344429 -0.687246 0.173237 
0.245335 -0.755800 0.607105 2.517997 
0.000000 0.000000 0.000000 1.000000 

arm_up.l
-0.159867 -0.845753 -0.509062 -0.840731 
0.638194 0.304875 -0.706937 0.062547 
0.753094 -0.437896 0.491015 2.275103 
0.000000 0.000000 0.000000 1.000000 

arm_btm.l
-0.375824 -0.622960 -0.686060 -1.107586 
0.667903 0.331112 -0.666536 0.158742 
0.642387 -0.708722 0.291637 2.136937 
0.000000 0.000000 0.000000 1.000000 

palm.l
0.639067 -0.658388 -0.397643 -1.228191 
0.714535 0.316853 0.623734 0.222846 
-0.284665 -0.682737 0.672931 1.999727 
0.000000 0.000000 0.000000 1.000000 

palm.l.001
-0.204087 -0.445387 -0.871768 -1.361830 
0.796489 0.442202 -0.412385 0.287160 
0.569168 -0.778517 0.264498 1.861146 
0.000000 0.000000 0.000000 1.000000 

palm.l.002
-0.186769 -0.323917 -0.927467 -1.391129 
0.813506 0.478271 -0.330855 0.316250 
0.550750 -0.816294 0.174182 1.809932 
0.000000 0.000000 0.000000 1.000000 

palm.l.003
-0.532254 -0.317519 -0.784785 -1.410466 
0.652751 0.436381 -0.619264 0.344801 
0.539093 -0.841875 -0.025005 1.761202 
0.000000 0.000000 0.000000 1.000000 

palm.l.004
-0.124336 -0.420314 -0.898820 -1.378463 
0.703291 0.601671 -0.378647 0.329057 
0.699944 -0.679212 0.220794 1.902659 
0.000000 0.000000 0.000000 1.000000 

palm.l.005
-0.124566 -0.314461 -0.941062 -1.402238 
0.704565 0.639774 -0.307045 0.363090 
0.698621 -0.701287 0.141864 1.864240 
0.000000 0.000000 0.000000 1.000000 

palm.l.006
-0.461984 -0.307658 -0.831816 -1.421010 
0.530319 0.655929 -0.537139 0.401282 
0.710867 -0.689278 -0.139872 1.822375 
0.000000 0.000000 0.000000 1.000000 

palm.l.007
-0.348215 -0.225521 -0.909883 -1.362367 
0.878163 0.261131 -0.400799 0.230812 
0.327987 -0.938590 0.107115 1.847859 
0.000000 0.000000 0.000000 1.000000 

palm.l.008
-0.311676 -0.200489 -0.928796 -1.376260 
0.897513 0.258820 -0.357047 0.246899 
0.311974 -0.944890 0.099273 1.790038 
0.000000 0.000000 0.000000 1.000000 

palm.l.009
-0.626065 -0.188808 -0.756568 -1.387330 
0.714118 0.250845 -0.653538 0.261189 
0.313174 -0.949436 -0.022214 1.737868 
0.000000 0.000000 0.000000 1.000000 

palm.l.010
-0.396226 -0.159086 -0.904266 -1.328066 
0.918109 -0.078230 -0.388529 0.183266 
-0.008932 -0.984161 0.177055 1.847829 
0.000000 0.000000 0.000000 1.000000 

palm.l.011
-0.352666 -0.186769 -0.916921 -1.335942 
0.935298 -0.039924 -0.351602 0.179393 
0.029061 -0.981592 0.188764 1.799105 
0.000000 0.000000 0.000000 1.000000 

palm.l.012
-0.654186 -0.025098 -0.755917 -1.343286 
0.747711 0.129028 -0.651368 0.177823 
0.113882 -0.991323 -0.065642 1.760508 
0.000000 0.000000 0.000000 1.000000 

palm.l.013
0.135719 -0.117966 -0.983699 -1.227684 
0.587064 0.809381 -0.016066 0.319805 
0.798083 -0.575314 0.179102 1.989376 
0.000000 0.000000 0.000000 1.000000 

palm.l.014
-0.348473 -0.374047 -0.859451 -1.237921 
0.861558 0.233313 -0.450869 0.390047 
0.369166 -0.897583 0.240960 1.939448 
0.000000 0.000000 0.000000 1.000000 

palm.l.015
-0.497132 -0.376759 -0.781609 -1.263892 
0.600961 0.500254 -0.623371 0.406246 
0.625863 -0.779615 -0.022274 1.877127 
0.000000 0.000000 0.000000 1.000000 

neck
0.999608 0.028004 -0.000047 -0.006362 
-0.003356 0.118114 -0.992994 0.278785 
-0.027802 0.992605 0.118162 2.892607 
0.000000 0.000000 0.000000 1.000000 

head
1.000000 -0.000000 0.000001 -0.000000 
0.000001 0.196116 -0.980581 0.305621 
-0.000000 0.980581 0.196116 3.118128 
0.000000 0.000000 0.000000 1.000000 

ass
-1.000000 0.000000 0.000000 -0.000000 
-0.000000 -0.169391 -0.985549 0.430855 
0.000000 -0.985549 0.169391 2.022335 
0.000000 0.000000 0.000000 1.000000 

leg_start.r
0.000000 0.957212 0.289390 -0.000000 
-1.000000 0.000000 0.000000 0.381656 
-0.000000 -0.289390 0.957212 1.736087 
0.000000 0.000000 0.000000 1.000000 

hip_up.r
-0.965165 0.204652 0.163012 0.227988 
-0.151208 0.072157 -0.985865 0.381656 
-0.213522 -0.976172 -0.038698 1.667160 
0.000000 0.000000 0.000000 1.000000 

hip_dwn.r
0.145270 0.154093 0.977319 0.287621 
-0.989222 0.040918 0.140588 0.402682 
-0.018327 -0.987209 0.158376 1.382714 
0.000000 0.000000 0.000000 1.000000 

leg.r
-0.959825 0.239148 0.146778 0.337399 
-0.190755 -0.172489 -0.966364 0.415900 
-0.205786 -0.955540 0.211178 1.063805 
0.000000 0.000000 0.000000 1.000000 

leg.r.001
0.970049 0.201507 -0.135647 0.527921 
0.119454 0.090507 0.988706 0.278483 
0.211508 -0.975296 0.063726 0.302557 
0.000000 0.000000 0.000000 1.000000 

leg.r.002
0.982288 0.174482 -0.068308 0.567057 
-0.103452 0.808957 0.578693 0.296061 
0.156230 -0.561377 0.812680 0.113140 
0.000000 0.000000 0.000000 1.000000 

leg.r.003
0.990470 0.133772 -0.032767 0.593345 
-0.118817 0.950259 0.287906 0.417943 
0.069651 -0.281269 0.957098 0.028560 
0.000000 0.000000 0.000000 1.000000 

leg_start.l
-0.000000 -0.957211 0.289390 -0.000000 
-1.000000 0.000000 -0.000000 0.381656 
0.000000 -0.289390 -0.957211 1.736087 
0.000000 0.000000 0.000000 1.000000 

hip_up.l
-0.973916 -0.226346 -0.015944 -0.227988 
-0.000391 0.071938 -0.997409 0.381656 
0.226907 -0.971387 -0.070150 1.667160 
0.000000 0.000000 0.000000 1.000000 

hip_dwn.l
-0.002376 -0.171878 -0.985115 -0.293943 
0.998743 0.048906 -0.010941 0.402618 
0.050058 -0.983904 0.171546 1.384108 
0.000000 0.000000 0.000000 1.000000 

leg.l
-0.974588 -0.224001 0.000630 -0.349466 
0.039736 -0.175648 -0.983651 0.418416 
0.220449 -0.958630 0.180086 1.066267 
0.000000 0.000000 0.000000 1.000000 

leg.l.001
0.974077 -0.225938 -0.011198 -0.527921 
0.032437 0.090515 0.995367 0.278483 
-0.223878 -0.969927 0.095498 0.302556 
0.000000 0.000000 0.000000 1.000000 

leg.l.002
0.953970 -0.299819 -0.006958 -0.571802 
0.252829 0.791543 0.556361 0.296062 
-0.161300 -0.532512 0.830911 0.114182 
0.000000 0.000000 0.000000 1.000000 

leg.l.003
0.960968 -0.276642 0.002862 -0.616974 
0.266484 0.928364 0.259087 0.415320 
-0.074331 -0.248211 0.965850 0.033951 
0.000000 0.000000 0.000000 1.000000 

Frame 1
base
1.000000 0.000000 0.000000 0.000000 
0.000000 0.000000 -1.000000 0.000000 
0.000000 1.000000 0.000000 0.000000 
0.000000 0.000000 0.000000 1.000000 

holder
1.000000 -0.000000 -0.000000 -0.000000 
-0.000000 0.999960 -0.008906 -0.581564 
0.000000 0.008906 0.999960 2.013318 
0.000000 0.000000 0.000000 1.000000 

torso
1.000000 -0.000000 0.000001 -0.000000 
0.000001 -0.014083 -0.999901 0.430855 
0.000000 0.999901 -0.014083 2.022335 
0.000000 0.000000 0.000000 1.000000 

chest_bottom
-1.000000 -0.000000 0.000000 -0.000000 
0.000000 -0.418144 0.908381 0.426382 
0.000000 0.908381 0.418144 2.339891 
0.000000 0.000000 0.000000 1.000000 

chest_up
-0.998475 0.023426 0.049999 -0.000000 
0.048362 -0.065869 0.996656 0.296676 
0.026641 0.997553 0.064636 2.621667 
0.000000 0.000000 0.000000 1.000000 

shoulder.r
0.002329 0.957508 0.288397 0.006362 
-0.999968 -0.000000 0.008075 0.278785 
0.007732 -0.288406 0.957477 2.892607 
0.000000 0.000000 0.000000 1.000000 

shoulder_up.r
-0.728435 0.534422 0.428690 0.534446 
-0.658667 -0.374101 -0.652845 0.278785 
-0.188521 -0.757919 0.624514 2.733546 
0.000000 0.000000 0.000000 1.000000 

shoulder_btm.r
-0.699282 0.585550 0.410044 0.682946 
-0.669823 -0.336372 -0.661960 0.174834 
-0.249683 -0.737553 0.627434 2.522942 
0.000000 0.000000 0.000000 1.000000 

arm_up.r
-0.157779 0.837006 0.523954 0.871126 
-0.676196 0.295099 -0.675038 0.066733 
-0.719629 -0.460802 0.519419 2.285912 
0.000000 0.000000 0.000000 1.000000 

arm_btm.r
-0.372184 0.611273 0.698444 1.135221 
-0.703549 0.305022 -0.641857 0.159843 
-0.605390 -0.730279 0.316536 2.140519 
0.000000 0.000000 0.000000 1.000000 

palm.r
0.652090 0.647151 0.394935 1.253564 
-0.690795 0.292542 0.661228 0.218896 
0.312380 -0.703999 0.637812 1.999136 
0.000000 0.000000 0.000000 1.000000 

palm.r.001
-0.197903 0.431443 0.880165 1.384922 
-0.825997 0.410079 -0.386737 0.278276 
-0.527792 -0.803550 0.275215 1.856239 
0.000000 0.000000 0.000000 1.000000 

palm.r.002
-0.180163 0.309106 0.933807 1.413304 
-0.841853 0.442556 -0.308915 0.305252 
-0.508749 -0.841783 0.180489 1.803378 
0.000000 0.000000 0.000000 1.000000 

palm.r.003
-0.527824 0.303074 0.793440 1.431756 
-0.685599 0.399387 -0.608640 0.331671 
-0.501353 -0.865238 -0.003019 1.753127 
0.000000 0.000000 0.000000 1.000000 

palm.r.004
-0.120769 0.405002 0.906304 1.401339 
-0.738149 0.573815 -0.354784 0.322370 
-0.663740 -0.711835 0.229653 1.895501 
0.000000 0.000000 0.000000 1.000000 

palm.r.005
-0.120968 0.298400 0.946744 1.424248 
-0.739360 0.609308 -0.286515 0.354827 
-0.662354 -0.734644 0.146918 1.855237 
0.000000 0.000000 0.000000 1.000000 

palm.r.006
-0.460988 0.291477 0.838171 1.442061 
-0.570681 0.625930 -0.531540 0.391201 
-0.679568 -0.723362 -0.122205 1.811381 
0.000000 0.000000 0.000000 1.000000 

palm.r.007
-0.338515 0.212717 0.916602 1.386152 
-0.897876 0.218367 -0.382275 0.221362 
-0.281472 -0.952401 0.117073 1.845693 
0.000000 0.000000 0.000000 1.000000 

palm.r.008
-0.301547 0.187661 0.934801 1.399256 
-0.915909 0.215401 -0.338694 0.234814 
-0.264917 -0.958324 0.106927 1.787021 
0.000000 0.000000 0.000000 1.000000 

palm.r.009
-0.618569 0.176055 0.765753 1.409618 
-0.737232 0.207051 -0.643133 0.246707 
-0.271777 -0.962358 0.001718 1.734109 
0.000000 0.000000 0.000000 1.000000 

palm.r.010
-0.382717 0.150796 0.911476 1.352548 
-0.922077 -0.123709 -0.366702 0.173392 
0.057460 -0.980794 0.186391 1.848318 
0.000000 0.000000 0.000000 1.000000 

palm.r.011
-0.339277 0.177942 0.923703 1.360014 
-0.940476 -0.084937 -0.329075 0.167267 
0.019900 -0.980369 0.196167 1.799760 
0.000000 0.000000 0.000000 1.000000 

palm.r.012
-0.644292 0.013743 0.764656 1.367011 
-0.761495 0.081050 -0.643084 0.163928 
-0.070814 -0.996615 -0.041755 1.761211 
0.000000 0.000000 0.000000 1.000000 

palm.r.013
0.149758 -0.045556 0.987673 1.251546 
-0.351491 0.931231 0.096248 0.315221 
-0.924136 -0.361572 0.123447 1.984106 
0.000000 0.000000 0.000000 1.000000 

palm.r.014
-0.178979 0.267943 0.946664 1.247593 
-0.355828 0.879438 -0.316189 0.396037 
-0.917253 -0.393441 -0.062059 1.952727 
0.000000 0.000000 0.000000 1.000000 

palm.r.015
-0.392633 0.220838 0.892787 1.266197 
-0.023787 0.967980 -0.249898 0.457098 
-0.919387 -0.119355 -0.374808 1.925410 
0.000000 0.000000 0.000000 1.000000 

shoulder.l
0.002329 -0.957508 -0.288397 0.006362 
0.999968 -0.000000 0.008075 0.278785 
-0.007732 -0.288407 0.957477 2.892607 
0.000000 0.000000 0.000000 1.000000 

shoulder_up.l
-0.756519 -0.503969 -0.416766 -0.521721 
0.627484 -0.379847 -0.679692 0.278785 
0.184236 -0.775714 0.603594 2.733546 
0.000000 0.000000 0.000000 1.000000 

shoulder_btm.l
-0.728526 -0.556897 -0.398893 -0.661759 
0.639579 -0.344429 -0.687246 0.173237 
0.245335 -0.755800 0.607105 2.517997 
0.000000 0.000000 0.000000 1.000000 

arm_up.l
-0.159867 -0.845753 -0.509062 -0.840731 
0.638194 0.304875 -0.706937 0.062547 
0.753094 -0.437896 0.491015 2.275103 
0.000000 0.000000 0.000000 1.000000 

arm_btm.l
-0.375824 -0.622960 -0.686060 -1.107586 
0.667903 0.331112 -0.666536 0.158742 
0.642387 -0.708722 0.291637 2.136937 
0.000000 0.000000 0.000000 1.000000 

palm.l
0.639067 -0.658388 -0.397643 -1.228191 
0.714535 0.316853 0.623734 0.222846 
-0.284665 -0.682737 0.672931 1.999727 
0.000000 0.000000 0.000000 1.000000 

palm.l.001
-0.204087 -0.445387 -0.871768 -1.361830 
0.796489 0.442202 -0.412385 0.287160 
0.569168 -0.778517 0.264498 1.861146 
0.000000 0.000000 0.000000 1.000000 

palm.l.002
-0.186769 -0.323917 -0.927467 -1.391129 
0.813506 0.478271 -0.330855 0.316250 
0.550750 -0.816294 0.174182 1.809932 
0.000000 0.000000 0.000000 1.000000 

palm.l.003
-0.532254 -0.317519 -0.784785 -1.410466 
0.652751 0.436381 -0.619264 0.344801 
0.539093 -0.841875 -0.025005 1.761202 
0.000000 0.000000 0.000000 1.000000 

palm.l.004
-0.124336 -0.420314 -0.898820 -1.378463 
0.703291 0.601671 -0.378647 0.329057 
0.699944 -0.679212 0.220794 1.902659 
0.000000 0.000000 0.000000 1.000000 

palm.l.005
-0.124566 -0.314461 -0.941062 -1.402238 
0.704565 0.639774 -0.307045 0.363090 
0.698621 -0.701287 0.141864 1.864240 
0.000000 0.000000 0.000000 1.000000 

palm.l.006
-0.461984 -0.307658 -0.831816 -1.421010 
0.530319 0.655929 -0.537139 0.401282 
0.710867 -0.689278 -0.139872 1.822375 
0.000000 0.000000 0.000000 1.000000 

palm.l.007
-0.348215 -0.225521 -0.909883 -1.362367 
0.878163 0.261131 -0.400799 0.230812 
0.327987 -0.938590 0.107115 1.847859 
0.000000 0.000000 0.000000 1.000000 

palm.l.008
-0.311676 -0.200489 -0.928796 -1.376260 
0.897513 0.258820 -0.357047 0.246899 
0.311974 -0.944890 0.099273 1.790038 
0.000000 0.000000 0.000000 1.000000 

palm.l.009
-0.626065 -0.188808 -0.756568 -1.387330 
0.714118 0.250845 -0.653538 0.261189 
0.313174 -0.949436 -0.022214 1.737868 
0.000000 0.000000 0.000000 1.000000 

palm.l.010
-0.396226 -0.159086 -0.904266 -1.328066 
0.918109 -0.078230 -0.388529 0.183266 
-0.008932 -0.984161 0.177055 1.847829 
0.000000 0.000000 0.000000 1.000000 

palm.l.011
-0.352666 -0.186769 -0.916921 -1.335942 
0.935298 -0.039924 -0.351602 0.179393 
0.029061 -0.981592 0.188764 1.799105 
0.000000 0.000000 0.000000 1.000000 

palm.l.012
-0.654186 -0.025098 -0.755917 -1.343286 
0.747711 0.129028 -0.651368 0.177823 
0.113882 -0.991323 -0.065642 1.760508 
0.000000 0.000000 0.000000 1.000000 

palm.l.013
0.135719 -0.117966 -0.983699 -1.227684 
0.587064 0.809381 -0.016066 0.319805 
0.798083 -0.575314 0.179102 1.989376 
0.000000 0.000000 0.000000 1.000000 

palm.l.014
-0.348473 -0.374047 -0.859451 -1.237921 
0.861558 0.233313 -0.450869 0.390047 
0.369166 -0.897583 0.240960 1.939448 
0.000000 0.000000 0.000000 1.000000 

palm.l.015
-0.497132 -0.376759 -0.781609 -1.263892 
0.600961 0.500254 -0.623371 0.406246 
0.625863 -0.779615 -0.022274 1.877127 
0.000000 0.000000 0.000000 1.000000 

neck
0.999608 0.028004 -0.000047 -0.006362 
-0.003356 0.118114 -0.992994 0.278785 
-0.027802 0.992605 0.118162 2.892607 
0.000000 0.000000 0.000000 1.000000 

head
1.000000 0.000001 0.000001 -0.000000 
0.000000 0.196116 -0.980581 0.305621 
-0.000001 0.980581 0.196116 3.118128 
0.000000 0.000000 0.000000 1.000000 

ass
-1.000000 0.000000 0.000000 -0.000000 
-0.000000 -0.169391 -0.985549 0.430855 
0.000000 -0.985549 0.169391 2.022335 
0.000000 0.000000 0.000000 1.000000 

leg_start.r
0.000000 0.957212 0.289390 -0.000000 
-1.000000 0.000000 0.000000 0.381656 
-0.000000 -0.289390 0.957212 1.736087 
0.000000 0.000000 0.000000 1.000000 

hip_up.r
-0.965165 0.204652 0.163012 0.227988 
-0.151208 0.072157 -0.985865 0.381656 
-0.213522 -0.976172 -0.038698 1.667160 
0.000000 0.000000 0.000000 1.000000 

hip_dwn.r
0.145270 0.154093 0.977319 0.287621 
-0.989222 0.040918 0.140588 0.402682 
-0.018327 -0.987209 0.158376 1.382714 
0.000000 0.000000 0.000000 1.000000 

leg.r
-0.959825 0.239148 0.146778 0.337399 
-0.190755 -0.172489 -0.966364 0.415900 
-0.205786 -0.955540 0.211178 1.063805 
0.000000 0.000000 0.000000 1.000000 

leg.r.001
0.970049 0.201507 -0.135647 0.527921 
0.119454 0.090507 0.988706 0.278483 
0.211508 -0.975296 0.063726 0.302557 
0.000000 0.000000 0.000000 1.000000 

leg.r.002
0.982288 0.174482 -0.068308 0.567057 
-0.103452 0.808957 0.578693 0.296061 
0.156230 -0.561377 0.812680 0.113140 
0.000000 0.000000 0.000000 1.000000 

leg.r.003
0.990470 0.133772 -0.032767 0.593345 
-0.118817 0.950259 0.287906 0.417943 
0.069651 -0.281269 0.957098 0.028560 
0.000000 0.000000 0.000000 1.000000 

leg_start.l
-0.000000 -0.957211 0.289390 -0.000000 
-1.000000 0.000000 -0.000000 0.381656 
0.000000 -0.289390 -0.957211 1.736087 
0.000000 0.000000 0.000000 1.000000 

hip_up.l
-0.973916 -0.226346 -0.015944 -0.227988 
-0.000391 0.071938 -0.997409 0.381656 
0.226907 -0.971387 -0.070150 1.667160 
0.000000 0.000000 0.000000 1.000000 

hip_dwn.l
-0.002376 -0.171878 -0.985115 -0.293943 
0.998743 0.048906 -0.010941 0.402618 
0.050058 -0.983904 0.171546 1.384108 
0.000000 0.000000 0.000000 1.000000 

leg.l
-0.974588 -0.224001 0.000630 -0.349466 
0.039736 -0.175648 -0.983651 0.418416 
0.220449 -0.958630 0.180086 1.066267 
0.000000 0.000000 0.000000 1.000000 

leg.l.001
0.974077 -0.225938 -0.011198 -0.527921 
0.032437 0.090515 0.995367 0.278483 
-0.223878 -0.969927 0.095498 0.302556 
0.000000 0.000000 0.000000 1.000000 

leg.l.002
0.953970 -0.299819 -0.006958 -0.571802 
0.252829 0.791543 0.556361 0.296062 
-0.161300 -0.532512 0.830911 0.114182 
0.000000 0.000000 0.000000 1.000000 

leg.l.003
0.960968 -0.276642 0.002862 -0.616974 
0.266484 0.928364 0.259087 0.415320 
-0.074331 -0.248211 0.965850 0.033951 
0.000000 0.000000 0.000000 1.000000 

Frame 2
base
1.000000 0.000000 0.000000 0.000000 
0.000000 0.000000 -1.000000 0.000000 
0.000000 1.000000 0.000000 0.000000 
0.000000 0.000000 0.000000 1.000000 

holder
1.000000 -0.000000 -0.000000 -0.000000 
-0.000000 0.999960 -0.008906 -0.581564 
0.000000 0.008906 0.999960 2.013318 
0.000000 0.000000 0.000000 1.000000 

torso
1.000000 -0.000000 0.000001 -0.000000 
0.000001 -0.014083 -0.999901 0.430855 
0.000000 0.999901 -0.014083 2.022335 
0.000000 0.000000 0.000000 1.000000 

chest_bottom
-1.000000 -0.000000 0.000000 -0.000000 
0.000000 -0.418144 0.908381 0.426382 
0.000000 0.908381 0.418144 2.339891 
0.000000 0.000000 0.000000 1.000000 

chest_up
-0.998475 0.023426 0.049999 -0.000000 
0.048362 -0.065869 0.996656 0.296676 
0.026641 0.997553 0.064636 2.621667 
0.000000 0.000000 0.000000 1.000000 

shoulder.r
0.002329 0.957508 0.288397 0.006362 
-0.999968 -0.000000 0.008075 0.278785 
0.007732 -0.288406 0.957477 2.892607 
0.000000 0.000000 0.000000 1.000000 

shoulder_up.r
-0.728435 0.534422 0.428690 0.534446 
-0.658667 -0.374101 -0.652845 0.278785 
-0.188521 -0.757919 0.624514 2.733546 
0.000000 0.000000 0.000000 1.000000 

shoulder_btm.r
-0.699282 0.585550 0.410044 0.682946 
-0.669823 -0.336372 -0.661960 0.174834 
-0.249683 -0.737553 0.627434 2.522942 
0.000000 0.000000 0.000000 1.000000 

arm_up.r
-0.157779 0.837006 0.523954 0.871126 
-0.676196 0.295099 -0.675038 0.066733 
-0.719629 -0.460802 0.519419 2.285912 
0.000000 0.000000 0.000000 1.000000 

arm_btm.r
-0.372184 0.611273 0.698444 1.135221 
-0.703549 0.305022 -0.641857 0.159843 
-0.605390 -0.730279 0.316536 2.140519 
0.000000 0.000000 0.000000 1.000000 

palm.r
0.652090 0.647151 0.394935 1.253564 
-0.690795 0.292542 0.661228 0.218896 
0.312380 -0.703999 0.637812 1.999136 
0.000000 0.000000 0.000000 1.000000 

palm.r.001
-0.197903 0.431443 0.880165 1.384922 
-0.825997 0.410079 -0.386737 0.278276 
-0.527792 -0.803550 0.275215 1.856239 
0.000000 0.000000 0.000000 1.000000 

palm.r.002
-0.180163 0.309106 0.933807 1.413304 
-0.841853 0.442556 -0.308915 0.305252 
-0.508749 -0.841783 0.180489 1.803378 
0.000000 0.000000 0.000000 1.000000 

palm.r.003
-0.527824 0.303074 0.793440 1.431756 
-0.685599 0.399387 -0.608640 0.331671 
-0.501353 -0.865238 -0.003019 1.753127 
0.000000 0.000000 0.000000 1.000000 

palm.r.004
-0.120769 0.405002 0.906304 1.401339 
-0.738149 0.573815 -0.354784 0.322370 
-0.663740 -0.711835 0.229653 1.895501 
0.000000 0.000000 0.000000 1.000000 

palm.r.005
-0.120968 0.298400 0.946744 1.424248 
-0.739360 0.609308 -0.286515 0.354827 
-0.662354 -0.734644 0.146918 1.855237 
0.000000 0.000000 0.000000 1.000000 

palm.r.006
-0.460988 0.291477 0.838171 1.442061 
-0.570681 0.625930 -0.531540 0.391201 
-0.679568 -0.723362 -0.122205 1.811381 
0.000000 0.000000 0.000000 1.000000 

palm.r.007
-0.338515 0.212717 0.916602 1.386152 
-0.897876 0.218367 -0.382275 0.221362 
-0.281472 -0.952401 0.117073 1.845693 
0.000000 0.000000 0.000000 1.000000 

palm.r.008
-0.301547 0.187661 0.934801 1.399256 
-0.915909 0.215401 -0.338694 0.234814 
-0.264917 -0.958324 0.106927 1.787021 
0.000000 0.000000 0.000000 1.000000 

palm.r.009
-0.618569 0.176055 0.765753 1.409618 
-0.737232 0.207051 -0.643133 0.246707 
-0.271777 -0.962358 0.001718 1.734109 
0.000000 0.000000 0.000000 1.000000 

palm.r.010
-0.382717 0.150796 0.911476 1.352548 
-0.922077 -0.123709 -0.366702 0.173392 
0.057460 -0.980794 0.186391 1.848318 
0.000000 0.000000 0.000000 1.000000 

palm.r.011
-0.339277 0.177942 0.923703 1.360014 
-0.940476 -0.084937 -0.329075 0.167267 
0.019900 -0.980369 0.196167 1.799760 
0.000000 0.000000 0.000000 1.000000 

palm.r.012
-0.644292 0.013743 0.764656 1.367011 
-0.761495 0.081050 -0.643084 0.163928 
-0.070814 -0.996615 -0.041755 1.761211 
0.000000 0.000000 0.000000 1.000000 

palm.r.013
0.149758 -0.045556 0.987673 1.251546 
-0.351491 0.931231 0.096248 0.315221 
-0.924136 -0.361572 0.123447 1.984106 
0.000000 0.000000 0.000000 1.000000 

palm.r.014
-0.178979 0.267943 0.946664 1.247593 
-0.355828 0.879438 -0.316189 0.396037 
-0.917253 -0.393441 -0.062059 1.952727 
0.000000 0.000000 0.000000 1.000000 

palm.r.015
-0.392633 0.220838 0.892787 1.266197 
-0.023787 0.967980 -0.249898 0.457098 
-0.919387 -0.119355 -0.374808 1.925410 
0.000000 0.000000 0.000000 1.000000 

shoulder.l
0.002329 -0.957508 -0.288397 0.006362 
0.999968 -0.000000 0.008075 0.278785 
-0.007732 -0.288407 0.957477 2.892607 
0.000000 0.000000 0.000000 1.000000 

shoulder_up.l
-0.756519 -0.503969 -0.416766 -0.521721 
0.627484 -0.379847 -0.679692 0.278785 
0.184236 -0.775714 0.603594 2.733546 
0.000000 0.000000 0.000000 1.000000 

shoulder_btm.l
-0.728526 -0.556897 -0.398893 -0.661759 
0.639579 -0.344429 -0.687246 0.173237 
0.245335 -0.755800 0.607105 2.517997 
0.000000 0.000000 0.000000 1.000000 

arm_up.l
-0.159867 -0.845753 -0.509062 -0.840731 
0.638194 0.304875 -0.706937 0.062547 
0.753094 -0.437896 0.491015 2.275103 
0.000000 0.000000 0.000000 1.000000 

arm_btm.l
-0.375824 -0.622960 -0.686060 -1.107586 
0.667903 0.331112 -0.666536 0.158742 
0.642387 -0.708722 0.291637 2.136937 
0.000000 0.000000 0.000000 1.000000 

palm.l
0.639067 -0.658388 -0.397643 -1.228191 
0.714535 0.316853 0.623734 0.222846 
-0.284665 -0.682737 0.672931 1.999727 
0.000000 0.000000 0.000000 1.000000 

palm.l.001
-0.204087 -0.445387 -0.871768 -1.361830 
0.796489 0.442202 -0.412385 0.287160 
0.569168 -0.778517 0.264498 1.861146 
0.000000 0.000000 0.000000 1.000000 

palm.l.002
-0.186769 -0.323917 -0.927467 -1.391129 
0.813506 0.478271 -0.330855 0.316250 
0.550750 -0.816294 0.174182 1.809932 
0.000000 0.000000 0.000000 1.000000 

palm.l.003
-0.532254 -0.317519 -0.784785 -1.410466 
0.652751 0.436381 -0.619264 0.344801 
0.539093 -0.841875 -0.025005 1.761202 
0.000000 0.000000 0.000000 1.000000 

palm.l.004
-0.124336 -0.420314 -0.898820 -1.378463 
0.703291 0.601671 -0.378647 0.329057 
0.699944 -0.679212 0.220794 1.902659 
0.000000 0.000000 0.000000 1.000000 

palm.l.005
-0.124566 -0.314461 -0.941062 -1.402238 
0.704565 0.639774 -0.307045 0.363090 
0.698621 -0.701287 0.141864 1.864240 
0.000000 0.000000 0.000000 1.000000 

palm.l.006
-0.461984 -0.307658 -0.831816 -1.421010 
0.530319 0.655929 -0.537139 0.401282 
0.710867 -0.689278 -0.139872 1.822375 
0.000000 0.000000 0.000000 1.000000 

palm.l.007
-0.348215 -0.225521 -0.909883 -1.362367 
0.878163 0.261131 -0.400799 0.230812 
0.327987 -0.938590 0.107115 1.847859 
0.000000 0.000000 0.000000 1.000000 

palm.l.008
-0.311676 -0.200489 -0.928796 -1.376260 
0.897513 0.258820 -0.357047 0.246899 
0.311974 -0.944890 0.099273 1.790038 
0.000000 0.000000 0.000000 1.000000 

palm.l.009
-0.626065 -0.188808 -0.756568 -1.387330 
0.714118 0.250845 -0.653538 0.261189 
0.313174 -0.949436 -0.022214 1.737868 
0.000000 0.000000 0.000000 1.000000 

palm.l.010
-0.396226 -0.159086 -0.904266 -1.328066 
0.918109 -0.078230 -0.388529 0.183266 
-0.008932 -0.984161 0.177055 1.847829 
0.000000 0.000000 0.000000 1.000000 

palm.l.011
-0.352666 -0.186769 -0.916921 -1.335942 
0.935298 -0.039924 -0.351602 0.179393 
0.029061 -0.981592 0.188764 1.799105 
0.000000 0.000000 0.000000 1.000000 

palm.l.012
-0.654186 -0.025098 -0.755917 -1.343286 
0.747711 0.129028 -0.651368 0.177823 
0.113882 -0.991323 -0.065642 1.760508 
0.000000 0.000000 0.000000 1.000000 

palm.l.013
0.135719 -0.117966 -0.983699 -1.227684 
0.587064 0.809381 -0.016066 0.319805 
0.798083 -0.575314 0.179102 1.989376 
0.000000 0.000000 0.000000 1.000000 

palm.l.014
-0.348473 -0.374047 -0.859451 -1.237921 
0.861558 0.233313 -0.450869 0.390047 
0.369166 -0.897583 0.240960 1.939448 
0.000000 0.000000 0.000000 1.000000 

palm.l.015
-0.497132 -0.376759 -0.781609 -1.263892 
0.600961 0.500254 -0.623371 0.406246 
0.625863 -0.779615 -0.022274 1.877127 
0.000000 0.000000 0.000000 1.000000 

neck
0.999608 0.028004 -0.000047 -0.006362 
-0.003356 0.118114 -0.992994 0.278785 
-0.027802 0.992605 0.118162 2.892607 
0.000000 0.000000 0.000000 1.000000 

head
1.000000 0.000011 0.000001 -0.000000 
-0.000002 0.196116 -0.980581 0.305621 
-0.000011 0.980581 0.196116 3.118128 
0.000000 0.000000 0.000000 1.000000 

ass
-1.000000 0.000000 0.000000 -0.000000 
-0.000000 -0.169391 -0.985549 0.430855 
0.000000 -0.985549 0.169391 2.022335 
0.000000 0.000000 0.000000 1.000000 

leg_start.r
0.000000 0.957212 0.289390 -0.000000 
-1.000000 0.000000 0.000000 0.381656 
-0.000000 -0.289390 0.957212 1.736087 
0.000000 0.000000 0.000000 1.000000 

hip_up.r
-0.965165 0.204652 0.163012 0.227988 
-0.151208 0.072157 -0.985865 0.381656 
-0.213522 -0.976172 -0.038698 1.667160 
0.000000 0.000000 0.000000 1.000000 

hip_dwn.r
0.145270 0.154093 0.977319 0.287621 
-0.989222 0.040918 0.140588 0.402682 
-0.018327 -0.987209 0.158376 1.382714 
0.000000 0.000000 0.000000 1.000000 

leg.r
-0.959825 0.239148 0.146778 0.337399 
-0.190755 -0.172489 -0.966364 0.415900 
-0.205786 -0.955540 0.211178 1.063805 
0.000000 0.000000 0.000000 1.000000 

leg.r.001
0.970049 0.201507 -0.135647 0.527921 
0.119454 0.090507 0.988706 0.278483 
0.211508 -0.975296 0.063726 0.302557 
0.000000 0.000000 0.000000 1.000000 

leg.r.002
0.982288 0.174482 -0.068308 0.567057 
-0.103452 0.808957 0.578693 0.296061 
0.156230 -0.561377 0.812680 0.113140 
0.000000 0.000000 0.000000 1.000000 

leg.r.003
0.990470 0.133772 -0.032767 0.593345 
-0.118817 0.950259 0.287906 0.417943 
0.069651 -0.281269 0.957098 0.028560 
0.000000 0.000000 0.000000 1.000000 

leg_start.l
-0.000000 -0.957211 0.289390 -0.000000 
-1.000000 0.000000 -0.000000 0.381656 
0.000000 -0.289390 -0.957211 1.736087 
0.000000 0.000000 0.000000 1.000000 

hip_up.l
-0.973916 -0.226346 -0.015944 -0.227988 
-0.000391 0.071938 -0.997409 0.381656 
0.226907 -0.971387 -0.070150 1.667160 
0.000000 0.000000 0.000000 1.000000 

hip_dwn.l
-0.002376 -0.171878 -0.985115 -0.293943 
0.998743 0.048906 -0.010941 0.402618 
0.050058 -0.983904 0.171546 1.384108 
0.000000 0.000000 0.000000 1.000000 

leg.l
-0.974588 -0.224001 0.000630 -0.349466 
0.039736 -0.175648 -0.983651 0.418416 
0.220449 -0.958630 0.180086 1.066267 
0.000000 0.000000 0.000000 1.000000 

leg.l.001
0.974077 -0.225938 -0.011198 -0.527921 
0.032437 0.090515 0.995367 0.278483 
-0.223878 -0.969927 0.095498 0.302556 
0.000000 0.000000 0.000000 1.000000 

leg.l.002
0.953970 -0.299819 -0.006958 -0.571802 
0.252829 0.791543 0.556361 0.296062 
-0.161300 -0.532512 0.830911 0.114182 
0.000000 0.000000 0.000000 1.000000 

leg.l.003
0.960968 -0.276642 0.002862 -0.616974 
0.266484 0.928364 0.259087 0.415320 
-0.074331 -0.248211 0.965850 0.033951 
0.000000 0.000000 0.000000 1.000000 

Frame 3
base
1.000000 0.000000 0.000000 0.000000 
0.000000 0.000000 -1.000000 0.000000 
0.000000 1.000000 0.000000 0.000000 
0.000000 0.000000 0.000000 1.000000 

holder
1.000000 -0.000000 -0.000000 -0.000000 
-0.000000 0.999960 -0.008906 -0.581564 
0.000000 0.008906 0.999960 2.013318 
0.000000 0.000000 0.000000 1.000000 

torso
1.000000 -0.000000 0.000001 -0.000000 
0.000001 -0.014083 -0.999901 0.430855 
0.000000 0.999901 -0.014083 2.022335 
0.000000 0.000000 0.000000 1.000000 

chest_bottom
-1.000000 -0.000000 0.000000 -0.000000 
0.000000 -0.418144 0.908381 0.426382 
0.000000 0.908381 0.418144 2.339891 
0.000000 0.000000 0.000000 1.000000 

chest_up
-0.998475 0.023426 0.049999 -0.000000 
0.048362 -0.065869 0.996656 0.296676 
0.026641 0.997553 0.064636 2.621667 
0.000000 0.000000 0.000000 1.000000 

shoulder.r
0.002329 0.957508 0.288397 0.006362 
-0.999968 -0.000000 0.008075 0.278785 
0.007732 -0.288406 0.957477 2.892607 
0.000000 0.000000 0.000000 1.000000 

shoulder_up.r
-0.728435 0.534422 0.428690 0.534446 
-0.658667 -0.374101 -0.652845 0.278785 
-0.188521 -0.757919 0.624514 2.733546 
0.000000 0.000000 0.000000 1.000000 

shoulder_btm.r
-0.699282 0.585550 0.410044 0.682946 
-0.669823 -0.336372 -0.661960 0.174834 
-0.249683 -0.737553 0.627434 2.522942 
0.000000 0.000000 0.000000 1.000000 

arm_up.r
-0.157779 0.837006 0.523954 0.871126 
-0.676196 0.295099 -0.675038 0.066733 
-0.719629 -0.460802 0.519419 2.285912 
0.000000 0.000000 0.000000 1.000000 

arm_btm.r
-0.372184 0.611273 0.698444 1.135221 
-0.703549 0.305022 -0.641857 0.159843 
-0.605390 -0.730279 0.316536 2.140519 
0.000000 0.000000 0.000000 1.000000 

palm.r
0.652090 0.647151 0.394935 1.253564 
-0.690795 0.292542 0.661228 0.218896 
0.312380 -0.703999 0.637812 1.999136 
0.000000 0.000000 0.000000 1.000000 

palm.r.001
-0.197903 0.431443 0.880165 1.384922 
-0.825997 0.410079 -0.386737 0.278276 
-0.527792 -0.803550 0.275215 1.856239 
0.000000 0.000000 0.000000 1.000000 

palm.r.002
-0.180163 0.309106 0.933807 1.413304 
-0.841853 0.442556 -0.308915 0.305252 
-0.508749 -0.841783 0.180489 1.803378 
0.000000 0.000000 0.000000 1.000000 

palm.r.003
-0.527824 0.303074 0.793440 1.431756 
-0.685599 0.399387 -0.608640 0.331671 
-0.501353 -0.865238 -0.003019 1.753127 
0.000000 0.000000 0.000000 1.000000 

palm.r.004
-0.120769 0.405002 0.906304 1.401339 
-0.738149 0.573815 -0.354784 0.322370 
-0.663740 -0.711835 0.229653 1.895501 
0.000000 0.000000 0.000000 1.000000 

palm.r.005
-0.120968 0.298400 0.946744 1.424248 
-0.739360 0.609308 -0.286515 0.354827 
-0.662354 -0.734644 0.146918 1.855237 
0.000000 0.000000 0.000000 1.000000 

palm.r.006
-0.460988 0.291477 0.838171 1.442061 
-0.570681 0.625930 -0.531540 0.391201 
-0.679568 -0.723362 -0.122205 1.811381 
0.000000 0.000000 0.000000 1.000000 

palm.r.007
-0.338515 0.212717 0.916602 1.386152 
-0.897876 0.218367 -0.382275 0.221362 
-0.281472 -0.952401 0.117073 1.845693 
0.000000 0.000000 0.000000 1.000000 

palm.r.008
-0.301547 0.187661 0.934801 1.399256 
-0.915909 0.215401 -0.338694 0.234814 
-0.264917 -0.958324 0.106927 1.787021 
0.000000 0.000000 0.000000 1.000000 

palm.r.009
-0.618569 0.176055 0.765753 1.409618 
-0.737232 0.207051 -0.643133 0.246707 
-0.271777 -0.962358 0.001718 1.734109 
0.000000 0.000000 0.000000 1.000000 

palm.r.010
-0.382717 0.150796 0.911476 1.352548 
-0.922077 -0.123709 -0.366702 0.173392 
0.057460 -0.980794 0.186391 1.848318 
0.000000 0.000000 0.000000 1.000000 

palm.r.011
-0.339277 0.177942 0.923703 1.360014 
-0.940476 -0.084937 -0.329075 0.167267 
0.019900 -0.980369 0.196167 1.799760 
0.000000 0.000000 0.000000 1.000000 

palm.r.012
-0.644292 0.013743 0.764656 1.367011 
-0.761495 0.081050 -0.643084 0.163928 
-0.070814 -0.996615 -0.041755 1.761211 
0.000000 0.000000 0.000000 1.000000 

palm.r.013
0.149758 -0.045556 0.987673 1.251546 
-0.351491 0.931231 0.096248 0.315221 
-0.924136 -0.361572 0.123447 1.984106 
0.000000 0.000000 0.000000 1.000000 

palm.r.014
-0.178979 0.267943 0.946664 1.247593 
-0.355828 0.879438 -0.316189 0.396037 
-0.917253 -0.393441 -0.062059 1.952727 
0.000000 0.000000 0.000000 1.000000 

palm.r.015
-0.392633 0.220838 0.892787 1.266197 
-0.023787 0.967980 -0.249898 0.457098 
-0.919387 -0.119355 -0.374808 1.925410 
0.000000 0.000000 0.000000 1.000000 

shoulder.l
0.002329 -0.957508 -0.288397 0.006362 
0.999968 -0.000000 0.008075 0.278785 
-0.007732 -0.288407 0.957477 2.892607 
0.000000 0.000000 0.000000 1.000000 

shoulder_up.l
-0.756519 -0.503969 -0.416766 -0.521721 
0.627484 -0.379847 -0.679692 0.278785 
0.184236 -0.775714 0.603594 2.733546 
0.000000 0.000000 0.000000 1.000000 

shoulder_btm.l
-0.728526 -0.556897 -0.398893 -0.661759 
0.639579 -0.344429 -0.687246 0.173237 
0.245335 -0.755800 0.607105 2.517997 
0.000000 0.000000 0.000000 1.000000 

arm_up.l
-0.159867 -0.845753 -0.509062 -0.840731 
0.638194 0.304875 -0.706937 0.062547 
0.753094 -0.437896 0.491015 2.275103 
0.000000 0.000000 0.000000 1.000000 

arm_btm.l
-0.375824 -0.622960 -0.686060 -1.107586 
0.667903 0.331112 -0.666536 0.158742 
0.642387 -0.708722 0.291637 2.136937 
0.000000 0.000000 0.000000 1.000000 

palm.l
0.639067 -0.658388 -0.397643 -1.228191 
0.714535 0.316853 0.623734 0.222846 
-0.284665 -0.682737 0.672931 1.999727 
0.000000 0.000000 0.000000 1.000000 

palm.l.001
-0.204087 -0.445387 -0.871768 -1.361830 
0.796489 0.442202 -0.412385 0.287160 
0.569168 -0.778517 0.264498 1.861146 
0.000000 0.000000 0.000000 1.000000 

palm.l.002
-0.186769 -0.323917 -0.927467 -1.391129 
0.813506 0.478271 -0.330855 0.316250 
0.550750 -0.816294 0.174182 1.809932 
0.000000 0.000000 0.000000 1.000000 

palm.l.003
-0.532254 -0.317519 -0.784785 -1.410466 
0.652751 0.436381 -0.619264 0.344801 
0.539093 -0.841875 -0.025005 1.761202 
0.000000 0.000000 0.000000 1.000000 

palm.l.004
-0.124336 -0.420314 -0.898820 -1.378463 
0.703291 0.601671 -0.378647 0.329057 
0.699944 -0.679212 0.220794 1.902659 
0.000000 0.000000 0.000000 1.000000 

palm.l.005
-0.124566 -0.314461 -0.941062 -1.402238 
0.704565 0.639774 -0.307045 0.363090 
0.698621 -0.701287 0.141864 1.864240 
0.000000 0.000000 0.000000 1.000000 

palm.l.006
-0.461984 -0.307658 -0.831816 -1.421010 
0.530319 0.655929 -0.537139 0.401282 
0.710867 -0.689278 -0.139872 1.822375 
0.000000 0.000000 0.000000 1.000000 

palm.l.007
-0.348215 -0.225521 -0.909883 -1.362367 
0.878163 0.261131 -0.400799 0.230812 
0.327987 -0.938590 0.107115 1.847859 
0.000000 0.000000 0.000000 1.000000 

palm.l.008
-0.311676 -0.200489 -0.928796 -1.376260 
0.897513 0.258820 -0.357047 0.246899 
0.311974 -0.944890 0.099273 1.790038 
0.000000 0.000000 0.000000 1.000000 

palm.l.009
-0.626065 -0.188808 -0.756568 -1.387330 
0.714118 0.250845 -0.653538 0.261189 
0.313174 -0.949436 -0.022214 1.737868 
0.000000 0.000000 0.000000 1.000000 

palm.l.010
-0.396226 -0.159086 -0.904266 -1.328066 
0.918109 -0.078230 -0.388529 0.183266 
-0.008932 -0.984161 0.177055 1.847829 
0.000000 0.000000 0.000000 1.000000 

palm.l.011
-0.352666 -0.186769 -0.916921 -1.335942 
0.935298 -0.039924 -0.351602 0.179393 
0.029061 -0.981592 0.188764 1.799105 
0.000000 0.000000 0.000000 1.000000 

palm.l.012
-0.654186 -0.025098 -0.755917 -1.343286 
0.747711 0.129028 -0.651368 0.177823 
0.113882 -0.991323 -0.065642 1.760508 
0.000000 0.000000 0.000000 1.000000 

palm.l.013
0.135719 -0.117966 -0.983699 -1.227684 
0.587064 0.809381 -0.016066 0.319805 
0.798083 -0.575314 0.179102 1.989376 
0.000000 0.000000 0.000000 1.000000 

palm.l.014
-0.348473 -0.374047 -0.859451 -1.237921 
0.861558 0.233313 -0.450869 0.390047 
0.369166 -0.897583 0.240960 1.939448 
0.000000 0.000000 0.000000 1.000000 

palm.l.015
-0.497132 -0.376759 -0.781609 -1.263892 
0.600961 0.500254 -0.623371 0.406246 
0.625863 -0.779615 -0.022274 1.877127 
0.000000 0.000000 0.000000 1.000000 

neck
0.999608 0.028004 -0.000047 -0.006362 
-0.003356 0.118114 -0.992994 0.278785 
-0.027802 0.992605 0.118162 2.892607 
0.000000 0.000000 0.000000 1.000000 

head
1.000000 0.000041 0.000001 -0.000000 
-0.000008 0.196116 -0.980581 0.305621 
-0.000041 0.980581 0.196116 3.118128 
0.000000 0.000000 0.000000 1.000000 

ass
-1.000000 0.000000 0.000000 -0.000000 
-0.000000 -0.169391 -0.985549 0.430855 
0.000000 -0.985549 0.169391 2.022335 
0.000000 0.000000 0.000000 1.000000 

leg_start.r
0.000000 0.957212 0.289390 -0.000000 
-1.000000 0.000000 0.000000 0.381656 
