simple game object export addon
Bones 64
[
Frames 251
Frame 0
base
1.000000 0.000000 0.000000 0.000000 
0.000000 0.000000 -1.000000 0.000000 
0.000000 1.000000 0.000000 0.000000 
0.000000 0.000000 0.000000 1.000000 

holder
1.000000 0.000000 0.000000 -0.000000 
0.000000 0.999960 -0.008906 -0.581564 
0.000000 0.008906 0.999960 2.013318 
0.000000 0.000000 0.000000 1.000000 

torso
1.000000 -0.000000 0.000001 -0.000000 
0.000001 -0.014083 -0.999901 0.430855 
0.000000 0.999901 -0.014083 2.022335 
0.000000 0.000000 0.000000 1.000000 

chest_bottom
-1.000000 -0.000000 0.000000 -0.000000 
0.000000 -0.418144 0.908381 0.426382 
0.000000 0.908381 0.418144 2.339891 
0.000000 0.000000 0.000000 1.000000 

chest_up
-0.998475 0.023426 0.049999 -0.000000 
0.048362 -0.065869 0.996655 0.296676 
0.026641 0.997553 0.064636 2.621667 
0.000000 0.000000 0.000000 1.000000 

shoulder.r
0.002329 0.957508 0.288397 0.006362 
-0.999967 -0.000000 0.008075 0.278785 
0.007732 -0.288407 0.957477 2.892607 
0.000000 0.000000 0.000000 1.000000 

shoulder_up.r
-0.275674 0.710043 0.647953 0.534446 
-0.924705 -0.379990 0.022984 0.278785 
0.262535 -0.592829 0.761334 2.733546 
0.000000 0.000000 0.000000 1.000000 

shoulder_btm.r
-0.240834 0.733122 0.636028 0.731746 
-0.948080 -0.317945 0.007488 0.173197 
0.207711 -0.601202 0.771630 2.568816 
0.000000 0.000000 0.000000 1.000000 

arm_up.r
0.243112 0.618093 0.747568 0.967351 
-0.933373 0.358843 0.006843 0.071018 
-0.264030 -0.699423 0.664151 2.375606 
0.000000 0.000000 0.000000 1.000000 

arm_btm.r
0.061544 0.435983 0.897848 1.162374 
-0.991900 0.126857 0.006391 0.184242 
-0.111112 -0.890969 0.440259 2.154921 
0.000000 0.000000 0.000000 1.000000 

palm.r
0.881598 0.471417 -0.023458 1.246781 
-0.052486 0.147304 0.987698 0.208801 
0.469073 -0.869521 0.154605 1.982429 
0.000000 0.000000 0.000000 1.000000 

palm.r.001
0.267330 0.233519 0.934882 1.342469 
-0.963389 0.085312 0.254172 0.238701 
-0.020402 -0.968602 0.247776 1.805935 
0.000000 0.000000 0.000000 1.000000 

palm.r.002
0.289131 0.113928 0.950486 1.357831 
-0.957289 0.034410 0.287076 0.244313 
0.000000 -0.992893 0.119011 1.742216 
0.000000 0.000000 0.000000 1.000000 

palm.r.003
-0.090138 0.131359 0.987228 1.364632 
-0.995929 -0.011889 -0.089351 0.246367 
0.000000 -0.991264 0.131896 1.682943 
0.000000 0.000000 0.000000 1.000000 

palm.r.004
0.301456 0.124269 0.945347 1.332502 
-0.933561 0.240072 0.266139 0.298423 
-0.193879 -0.962768 0.188384 1.815382 
0.000000 0.000000 0.000000 1.000000 

palm.r.005
0.301773 0.015810 0.953249 1.339531 
-0.933831 0.206342 0.292203 0.312002 
-0.192076 -0.978352 0.077032 1.760924 
0.000000 0.000000 0.000000 1.000000 

palm.r.006
-0.075131 0.000888 0.997173 1.340475 
-0.972470 0.221146 -0.073467 0.324320 
-0.220586 -0.975240 -0.015751 1.702519 
0.000000 0.000000 0.000000 1.000000 

palm.r.007
0.162278 0.146998 0.975734 1.371988 
-0.953887 -0.229685 0.193248 0.192192 
0.252518 -0.962100 0.102947 1.823753 
0.000000 0.000000 0.000000 1.000000 

palm.r.008
0.202058 0.127049 0.971098 1.381044 
-0.941975 -0.246182 0.228206 0.178043 
0.268060 -0.960860 0.069934 1.764484 
0.000000 0.000000 0.000000 1.000000 

palm.r.009
-0.160427 0.121294 0.979567 1.388058 
-0.957635 -0.259591 -0.124691 0.164450 
0.239163 -0.958071 0.157801 1.711432 
0.000000 0.000000 0.000000 1.000000 

palm.r.010
0.111352 0.261568 0.958740 1.365884 
-0.818745 -0.522650 0.237684 0.143234 
0.563256 -0.811430 0.155959 1.855425 
0.000000 0.000000 0.000000 1.000000 

palm.r.011
0.160813 0.266307 0.950379 1.378834 
-0.831773 -0.481787 0.275745 0.117359 
0.531313 -0.834842 0.144029 1.815252 
0.000000 0.000000 0.000000 1.000000 

palm.r.012
-0.185375 0.043730 0.981694 1.389305 
-0.884547 -0.442578 -0.147316 0.098414 
0.428034 -0.895663 0.120724 1.782425 
0.000000 0.000000 0.000000 1.000000 

palm.r.013
0.477211 -0.248957 0.842787 1.199226 
-0.787431 0.304645 0.535858 0.270780 
-0.390157 -0.919354 -0.050656 1.924071 
0.000000 0.000000 0.000000 1.000000 

palm.r.014
0.157402 0.285611 0.945331 1.177620 
-0.964990 -0.158889 0.208681 0.297219 
0.209804 -0.945082 0.250602 1.844285 
0.000000 0.000000 0.000000 1.000000 

palm.r.015
-0.077901 0.145542 0.986280 1.197451 
-0.991291 0.094052 -0.092176 0.286187 
-0.106177 -0.984871 0.136948 1.778666 
0.000000 0.000000 0.000000 1.000000 

shoulder.l
0.002329 -0.957508 -0.288397 0.006362 
0.999967 -0.000000 0.008075 0.278785 
-0.007732 -0.288407 0.957477 2.892607 
0.000000 0.000000 0.000000 1.000000 

shoulder_up.l
-0.275674 -0.710043 -0.647953 -0.521721 
0.924705 -0.379990 0.022984 0.278785 
-0.262535 -0.592829 0.761334 2.733546 
0.000000 0.000000 0.000000 1.000000 

shoulder_btm.l
-0.240835 -0.733122 -0.636028 -0.719021 
0.948080 -0.317945 0.007487 0.173197 
-0.207711 -0.601202 0.771630 2.568816 
0.000000 0.000000 0.000000 1.000000 

arm_up.l
0.243112 -0.618093 -0.747567 -0.954627 
0.933373 0.358843 0.006843 0.071018 
0.264030 -0.699423 0.664151 2.375606 
0.000000 0.000000 0.000000 1.000000 

arm_btm.l
0.061544 -0.435983 -0.897848 -1.149650 
0.991901 0.126857 0.006391 0.184242 
0.111112 -0.890969 0.440259 2.154921 
0.000000 0.000000 0.000000 1.000000 

palm.l
0.881598 -0.471417 0.023459 -1.234056 
0.052486 0.147304 0.987698 0.208801 
-0.469073 -0.869521 0.154605 1.982429 
0.000000 0.000000 0.000000 1.000000 

palm.l.001
0.267330 -0.233519 -0.934882 -1.329744 
0.963389 0.085312 0.254172 0.238701 
0.020402 -0.968602 0.247776 1.805935 
0.000000 0.000000 0.000000 1.000000 

palm.l.002
0.289131 -0.113928 -0.950486 -1.345106 
0.957290 0.034410 0.287076 0.244313 
0.000000 -0.992893 0.119011 1.742216 
0.000000 0.000000 0.000000 1.000000 

palm.l.003
-0.090138 -0.131359 -0.987228 -1.351907 
0.995929 -0.011889 -0.089351 0.246367 
-0.000000 -0.991264 0.131896 1.682943 
0.000000 0.000000 0.000000 1.000000 

palm.l.004
0.301456 -0.124269 -0.945348 -1.319777 
0.933561 0.240072 0.266139 0.298423 
0.193879 -0.962768 0.188384 1.815382 
0.000000 0.000000 0.000000 1.000000 

palm.l.005
0.301773 -0.015810 -0.953249 -1.326806 
0.933831 0.206342 0.292203 0.312002 
0.192076 -0.978352 0.077032 1.760924 
0.000000 0.000000 0.000000 1.000000 

palm.l.006
-0.075131 -0.000888 -0.997173 -1.327750 
0.972470 0.221146 -0.073467 0.324320 
0.220586 -0.975240 -0.015751 1.702519 
0.000000 0.000000 0.000000 1.000000 

palm.l.007
0.162278 -0.146998 -0.975734 -1.359263 
0.953887 -0.229685 0.193248 0.192192 
-0.252518 -0.962100 0.102946 1.823753 
0.000000 0.000000 0.000000 1.000000 

palm.l.008
0.202058 -0.127049 -0.971098 -1.368319 
0.941975 -0.246182 0.228206 0.178043 
-0.268060 -0.960861 0.069934 1.764484 
0.000000 0.000000 0.000000 1.000000 

palm.l.009
-0.160427 -0.121295 -0.979567 -1.375333 
0.957635 -0.259591 -0.124691 0.164451 
-0.239163 -0.958071 0.157801 1.711432 
0.000000 0.000000 0.000000 1.000000 

palm.l.010
0.111352 -0.261568 -0.958740 -1.353159 
0.818745 -0.522650 0.237684 0.143234 
-0.563256 -0.811431 0.155959 1.855425 
0.000000 0.000000 0.000000 1.000000 

palm.l.011
0.160812 -0.266307 -0.950379 -1.366109 
0.831773 -0.481787 0.275745 0.117359 
-0.531313 -0.834843 0.144029 1.815252 
0.000000 0.000000 0.000000 1.000000 

palm.l.012
-0.185375 -0.043730 -0.981694 -1.376580 
0.884547 -0.442578 -0.147316 0.098414 
-0.428034 -0.895663 0.120724 1.782425 
0.000000 0.000000 0.000000 1.000000 

palm.l.013
0.477211 0.248957 -0.842787 -1.186501 
0.787431 0.304645 0.535858 0.270780 
0.390157 -0.919354 -0.050657 1.924071 
0.000000 0.000000 0.000000 1.000000 

palm.l.014
0.157402 -0.285611 -0.945331 -1.164895 
0.964991 -0.158889 0.208680 0.297219 
-0.209804 -0.945082 0.250602 1.844285 
0.000000 0.000000 0.000000 1.000000 

palm.l.015
-0.077901 -0.145542 -0.986280 -1.184726 
0.991291 0.094052 -0.092176 0.286187 
0.106177 -0.984872 0.136948 1.778666 
0.000000 0.000000 0.000000 1.000000 

neck
0.999608 0.028004 -0.000047 -0.006362 
-0.003356 0.118114 -0.992994 0.278785 
-0.027802 0.992605 0.118162 2.892607 
0.000000 0.000000 0.000000 1.000000 

head
1.000000 -0.000000 0.000001 -0.000000 
0.000000 0.196116 -0.980581 0.305621 
-0.000000 0.980581 0.196116 3.118128 
0.000000 0.000000 0.000000 1.000000 

ass
-1.000000 0.000000 0.000000 -0.000000 
-0.000000 -0.169391 -0.985549 0.430855 
0.000000 -0.985549 0.169391 2.022335 
0.000000 0.000000 0.000000 1.000000 

leg_start.r
0.000000 0.957212 0.289390 -0.000000 
-1.000000 0.000000 0.000000 0.381656 
-0.000000 -0.289390 0.957212 1.736087 
0.000000 0.000000 0.000000 1.000000 

hip_up.r
-0.975416 0.218348 0.029803 0.227988 
-0.013975 0.073677 -0.997185 0.381656 
-0.219929 -0.973086 -0.068814 1.667160 
0.000000 0.000000 0.000000 1.000000 

hip_dwn.r
0.008726 0.164129 0.986400 0.291612 
-0.998757 0.049843 0.000542 0.403124 
-0.049077 -0.985180 0.164360 1.383613 
0.000000 0.000000 0.000000 1.000000 

leg.r
-0.975511 0.219624 0.011976 0.344633 
-0.051255 -0.174039 -0.983404 0.419226 
-0.213895 -0.959936 0.181034 1.065360 
0.000000 0.000000 0.000000 1.000000 

leg.r.001
0.975860 0.218399 0.000293 0.519600 
-0.020915 0.092117 0.995529 0.280574 
0.217396 -0.971502 0.094462 0.300609 
0.000000 0.000000 0.000000 1.000000 

leg.r.002
0.957893 0.287064 0.006049 0.562016 
-0.241590 0.794409 0.557270 0.298465 
0.155166 -0.535266 0.830310 0.111929 
0.000000 0.000000 0.000000 1.000000 

leg.r.003
0.964468 0.264198 0.000576 0.605267 
-0.255254 0.931249 0.260042 0.418155 
0.068166 -0.250949 0.965598 0.031283 
0.000000 0.000000 0.000000 1.000000 

leg_start.l
-0.000000 -0.957211 0.289390 -0.000000 
-1.000000 0.000000 -0.000000 0.381656 
0.000000 -0.289390 -0.957212 1.736087 
0.000000 0.000000 0.000000 1.000000 

hip_up.l
-0.975416 -0.218348 -0.029803 -0.227988 
0.013975 0.073677 -0.997184 0.381656 
0.219929 -0.973086 -0.068814 1.667160 
0.000000 0.000000 0.000000 1.000000 

hip_dwn.l
0.008726 -0.164129 -0.986400 -0.291612 
0.998757 0.049843 0.000542 0.403124 
0.049077 -0.985179 0.164360 1.383613 
0.000000 0.000000 0.000000 1.000000 

leg.l
-0.975511 -0.219624 -0.011976 -0.344633 
0.051255 -0.174039 -0.983404 0.419226 
0.213894 -0.959936 0.181034 1.065360 
0.000000 0.000000 0.000000 1.000000 

leg.l.001
0.975859 -0.218399 -0.000293 -0.519600 
0.020915 0.092117 0.995529 0.280574 
-0.217396 -0.971502 0.094462 0.300609 
0.000000 0.000000 0.000000 1.000000 

leg.l.002
0.957892 -0.287064 -0.006049 -0.562016 
0.241590 0.794409 0.557269 0.298465 
-0.155166 -0.535266 0.830310 0.111929 
0.000000 0.000000 0.000000 1.000000 

leg.l.003
0.964468 -0.264198 -0.000576 -0.605267 
0.255254 0.931249 0.260042 0.418155 
-0.068166 -0.250949 0.965598 0.031283 
0.000000 0.000000 0.000000 1.000000 

Frame 1
base
1.000000 0.000000 0.000000 0.000000 
0.000000 0.000000 -1.000000 0.000000 
0.000000 1.000000 0.000000 0.000000 
0.000000 0.000000 0.000000 1.000000 

holder
1.000000 0.000000 0.000000 -0.000000 
0.000000 0.999960 -0.008906 -0.581564 
0.000000 0.008906 0.999960 2.013318 
0.000000 0.000000 0.000000 1.000000 

torso
1.000000 -0.000000 0.000001 -0.000000 
0.000001 -0.014083 -0.999901 0.430855 
0.000000 0.999901 -0.014083 2.022335 
0.000000 0.000000 0.000000 1.000000 

chest_bottom
-1.000000 -0.000000 0.000000 -0.000000 
0.000000 -0.418144 0.908381 0.426382 
0.000000 0.908381 0.418144 2.339891 
0.000000 0.000000 0.000000 1.000000 

chest_up
-0.998475 0.023426 0.049999 -0.000000 
0.048362 -0.065869 0.996655 0.296676 
0.026641 0.997553 0.064636 2.621667 
0.000000 0.000000 0.000000 1.000000 

shoulder.r
0.002329 0.957508 0.288397 0.006362 
-0.999967 -0.000000 0.008075 0.278785 
0.007732 -0.288407 0.957477 2.892607 
0.000000 0.000000 0.000000 1.000000 

shoulder_up.r
-0.728435 0.534422 0.428690 0.534446 
-0.658666 -0.374101 -0.652845 0.278785 
-0.188521 -0.757919 0.624514 2.733546 
0.000000 0.000000 0.000000 1.000000 

shoulder_btm.r
-0.699282 0.585550 0.410044 0.682946 
-0.669823 -0.336372 -0.661960 0.174834 
-0.249683 -0.737553 0.627434 2.522942 
0.000000 0.000000 0.000000 1.000000 

arm_up.r
-0.157779 0.837006 0.523954 0.871126 
-0.676196 0.295099 -0.675038 0.066733 
-0.719629 -0.460802 0.519419 2.285912 
0.000000 0.000000 0.000000 1.000000 

arm_btm.r
-0.372184 0.611273 0.698444 1.135221 
-0.703549 0.305022 -0.641857 0.159843 
-0.605390 -0.730279 0.316536 2.140518 
0.000000 0.000000 0.000000 1.000000 

palm.r
0.652090 0.647151 0.394935 1.253564 
-0.690794 0.292542 0.661228 0.218896 
0.312380 -0.703999 0.637812 1.999135 
0.000000 0.000000 0.000000 1.000000 

palm.r.001
-0.197903 0.431443 0.880166 1.384922 
-0.825997 0.410079 -0.386737 0.278276 
-0.527792 -0.803550 0.275215 1.856239 
0.000000 0.000000 0.000000 1.000000 

palm.r.002
-0.180163 0.309105 0.933807 1.413304 
-0.841853 0.442556 -0.308915 0.305252 
-0.508749 -0.841783 0.180489 1.803378 
0.000000 0.000000 0.000000 1.000000 

palm.r.003
-0.527824 0.303074 0.793440 1.431756 
-0.685600 0.399387 -0.608640 0.331671 
-0.501353 -0.865238 -0.003018 1.753126 
0.000000 0.000000 0.000000 1.000000 

palm.r.004
-0.120769 0.405002 0.906305 1.401339 
-0.738149 0.573815 -0.354784 0.322370 
-0.663740 -0.711835 0.229653 1.895500 
0.000000 0.000000 0.000000 1.000000 

palm.r.005
-0.120968 0.298399 0.946744 1.424248 
-0.739360 0.609308 -0.286514 0.354827 
-0.662354 -0.734644 0.146918 1.855236 
0.000000 0.000000 0.000000 1.000000 

palm.r.006
-0.460988 0.291477 0.838171 1.442061 
-0.570682 0.625930 -0.531540 0.391201 
-0.679568 -0.723362 -0.122205 1.811380 
0.000000 0.000000 0.000000 1.000000 

palm.r.007
-0.338515 0.212717 0.916602 1.386152 
-0.897876 0.218367 -0.382275 0.221362 
-0.281472 -0.952401 0.117073 1.845692 
0.000000 0.000000 0.000000 1.000000 

palm.r.008
-0.301547 0.187661 0.934801 1.399256 
-0.915909 0.215401 -0.338694 0.234814 
-0.264917 -0.958324 0.106927 1.787021 
0.000000 0.000000 0.000000 1.000000 

palm.r.009
-0.618569 0.176055 0.765753 1.409618 
-0.737232 0.207051 -0.643132 0.246707 
-0.271777 -0.962359 0.001718 1.734109 
0.000000 0.000000 0.000000 1.000000 

palm.r.010
-0.382717 0.150795 0.911476 1.352548 
-0.922077 -0.123709 -0.366702 0.173392 
0.057460 -0.980794 0.186391 1.848317 
0.000000 0.000000 0.000000 1.000000 

palm.r.011
-0.339277 0.177941 0.923703 1.360013 
-0.940476 -0.084937 -0.329075 0.167267 
0.019900 -0.980368 0.196167 1.799760 
0.000000 0.000000 0.000000 1.000000 

palm.r.012
-0.644292 0.013743 0.764656 1.367010 
-0.761495 0.081050 -0.643084 0.163928 
-0.070814 -0.996615 -0.041755 1.761211 
0.000000 0.000000 0.000000 1.000000 

palm.r.013
0.143072 0.065969 0.987511 1.251546 
-0.562247 0.826553 0.026243 0.315221 
-0.814499 -0.558980 0.155347 1.984105 
0.000000 0.000000 0.000000 1.000000 

palm.r.014
-0.279366 0.354934 0.892175 1.257271 
-0.817451 0.399528 -0.414911 0.386953 
-0.503715 -0.845222 0.178527 1.935595 
0.000000 0.000000 0.000000 1.000000 

palm.r.015
-0.447965 0.336560 0.828284 1.281915 
-0.532175 0.644061 -0.549522 0.414693 
-0.718413 -0.686959 -0.109408 1.876909 
0.000000 0.000000 0.000000 1.000000 

shoulder.l
0.002329 -0.957508 -0.288397 0.006362 
0.999967 -0.000000 0.008075 0.278785 
-0.007732 -0.288407 0.957477 2.892607 
0.000000 0.000000 0.000000 1.000000 

shoulder_up.l
-0.756519 -0.503969 -0.416766 -0.521721 
0.627484 -0.379847 -0.679692 0.278785 
0.184236 -0.775714 0.603594 2.733546 
0.000000 0.000000 0.000000 1.000000 

shoulder_btm.l
-0.728526 -0.556897 -0.398893 -0.661759 
0.639579 -0.344429 -0.687246 0.173237 
0.245335 -0.755800 0.607105 2.517997 
0.000000 0.000000 0.000000 1.000000 

arm_up.l
-0.159945 -0.845737 -0.509064 -0.840731 
0.638235 0.304810 -0.706928 0.062547 
0.753043 -0.437972 0.491026 2.275103 
0.000000 0.000000 0.000000 1.000000 

arm_btm.l
-0.375896 -0.622927 -0.686050 -1.107581 
0.667927 0.331040 -0.666548 0.158721 
0.642320 -0.708784 0.291633 2.136913 
0.000000 0.000000 0.000000 1.000000 

palm.l
0.639054 -0.658356 -0.397715 -1.228180 
0.714545 0.316781 0.623760 0.222811 
-0.284667 -0.682801 0.672865 1.999691 
0.000000 0.000000 0.000000 1.000000 

palm.l.001
-0.204161 -0.445354 -0.871768 -1.361812 
0.796517 0.442133 -0.412407 0.287111 
0.569104 -0.778575 0.264466 1.861098 
0.000000 0.000000 0.000000 1.000000 

palm.l.002
-0.186841 -0.323883 -0.927465 -1.391110 
0.813533 0.478205 -0.330885 0.316196 
0.550685 -0.816346 0.174141 1.809880 
0.000000 0.000000 0.000000 1.000000 

palm.l.003
-0.532319 -0.317482 -0.784756 -1.410444 
0.652762 0.436314 -0.619300 0.344743 
0.539016 -0.841924 -0.025018 1.761146 
0.000000 0.000000 0.000000 1.000000 

palm.l.004
-0.124414 -0.420295 -0.898818 -1.378450 
0.703331 0.601609 -0.378672 0.329010 
0.699891 -0.679278 0.220758 1.902607 
0.000000 0.000000 0.000000 1.000000 

palm.l.005
-0.124643 -0.314442 -0.941058 -1.402224 
0.704604 0.639716 -0.307078 0.363039 
0.698568 -0.701349 0.141821 1.864184 
0.000000 0.000000 0.000000 1.000000 

palm.l.006
-0.462054 -0.307641 -0.831783 -1.420995 
0.530344 0.655872 -0.537184 0.401228 
0.710803 -0.689340 -0.139893 1.822316 
0.000000 0.000000 0.000000 1.000000 

palm.l.007
-0.348276 -0.225470 -0.909873 -1.362346 
0.878169 0.261061 -0.400832 0.230762 
0.327908 -0.938622 0.107080 1.847814 
0.000000 0.000000 0.000000 1.000000 

palm.l.008
-0.311737 -0.200437 -0.928787 -1.376236 
0.897520 0.258751 -0.357082 0.246845 
0.311897 -0.944920 0.099234 1.789991 
0.000000 0.000000 0.000000 1.000000 

palm.l.009
-0.626117 -0.188756 -0.756538 -1.387303 
0.714111 0.250776 -0.653573 0.261131 
0.313087 -0.949465 -0.022223 1.737819 
0.000000 0.000000 0.000000 1.000000 

palm.l.010
-0.396266 -0.159017 -0.904261 -1.328043 
0.918092 -0.078300 -0.388558 0.183217 
-0.009016 -0.984166 0.177019 1.847789 
0.000000 0.000000 0.000000 1.000000 

palm.l.011
-0.352709 -0.186702 -0.916918 -1.335916 
0.935284 -0.039995 -0.351630 0.179341 
0.028978 -0.981602 0.188726 1.799065 
0.000000 0.000000 0.000000 1.000000 

palm.l.012
-0.654226 -0.025037 -0.755885 -1.343257 
0.747690 0.128963 -0.651405 0.177768 
0.113791 -0.991333 -0.065651 1.760467 
0.000000 0.000000 0.000000 1.000000 

palm.l.013
0.135640 -0.117963 -0.983711 -1.227676 
0.587121 0.809339 -0.016097 0.319770 
0.798055 -0.575374 0.179038 1.989334 
0.000000 0.000000 0.000000 1.000000 

palm.l.014
-0.348535 -0.373997 -0.859447 -1.237913 
0.861567 0.233239 -0.450891 0.390008 
0.369088 -0.897623 0.240931 1.939401 
0.000000 0.000000 0.000000 1.000000 

palm.l.015
-0.497200 -0.376729 -0.781580 -1.263881 
0.600980 0.500188 -0.623407 0.406202 
0.625792 -0.779671 -0.022287 1.877077 
0.000000 0.000000 0.000000 1.000000 

neck
0.999608 0.028004 -0.000047 -0.006362 
-0.003356 0.118114 -0.992994 0.278785 
-0.027802 0.992605 0.118162 2.892607 
0.000000 0.000000 0.000000 1.000000 

head
1.000000 0.000001 0.000001 -0.000000 
0.000000 0.196116 -0.980581 0.305621 
-0.000001 0.980581 0.196116 3.118128 
0.000000 0.000000 0.000000 1.000000 

ass
-1.000000 0.000000 0.000000 -0.000000 
-0.000000 -0.169391 -0.985549 0.430855 
0.000000 -0.985549 0.169391 2.022335 
0.000000 0.000000 0.000000 1.000000 

leg_start.r
0.000000 0.957212 0.289390 -0.000000 
-1.000000 0.000000 0.000000 0.381656 
-0.000000 -0.289390 0.957212 1.736087 
0.000000 0.000000 0.000000 1.000000 

hip_up.r
-0.965166 0.204652 0.163012 0.227988 
-0.151208 0.072157 -0.985865 0.381656 
-0.213522 -0.976172 -0.038698 1.667160 
0.000000 0.000000 0.000000 1.000000 

hip_dwn.r
0.145270 0.154093 0.977319 0.287621 
-0.989223 0.040918 0.140588 0.402682 
-0.018327 -0.987209 0.158376 1.382714 
0.000000 0.000000 0.000000 1.000000 

leg.r
-0.959826 0.239148 0.146778 0.337400 
-0.190755 -0.172489 -0.966365 0.415900 
-0.205786 -0.955540 0.211178 1.063805 
0.000000 0.000000 0.000000 1.000000 

leg.r.001
0.970049 0.201507 -0.135647 0.527921 
0.119455 0.090507 0.988706 0.278483 
0.211508 -0.975297 0.063726 0.302556 
0.000000 0.000000 0.000000 1.000000 

leg.r.002
0.982288 0.174482 -0.068308 0.567057 
-0.103452 0.808958 0.578693 0.296061 
0.156230 -0.561377 0.812680 0.113139 
0.000000 0.000000 0.000000 1.000000 

leg.r.003
0.990470 0.133772 -0.032767 0.593345 
-0.118817 0.950260 0.287906 0.417943 
0.069651 -0.281269 0.957098 0.028559 
0.000000 0.000000 0.000000 1.000000 

leg_start.l
-0.000000 -0.957211 0.289390 -0.000000 
-1.000000 0.000000 -0.000000 0.381656 
0.000000 -0.289390 -0.957212 1.736087 
0.000000 0.000000 0.000000 1.000000 

hip_up.l
-0.973919 -0.226315 -0.016247 -0.227988 
-0.000395 0.073299 -0.997310 0.381656 
0.226897 -0.971293 -0.071477 1.667160 
0.000000 0.000000 0.000000 1.000000 

hip_dwn.l
-0.002071 -0.171854 -0.985120 -0.293934 
0.998677 0.050266 -0.010869 0.403014 
0.051386 -0.983839 0.171522 1.384135 
0.000000 0.000000 0.000000 1.000000 

leg.l
-0.974579 -0.224045 0.000328 -0.349449 
0.039740 -0.174305 -0.983889 0.419252 
0.220493 -0.958865 0.178778 1.066316 
0.000000 0.000000 0.000000 1.000000 

leg.l.001
0.974089 -0.225901 -0.010895 -0.527939 
0.032438 0.091874 0.995242 0.280389 
-0.223826 -0.969808 0.096821 0.302417 
0.000000 0.000000 0.000000 1.000000 

leg.l.002
0.954049 -0.299573 -0.006796 -0.571813 
0.252752 0.792342 0.555258 0.298232 
-0.160955 -0.531461 0.831651 0.114066 
0.000000 0.000000 0.000000 1.000000 

leg.l.003
0.961051 -0.276356 0.002932 -0.616948 
0.266289 0.928778 0.257801 0.417611 
-0.073968 -0.246979 0.966194 0.033993 
0.000000 0.000000 0.000000 1.000000 

Frame 2
base
1.000000 0.000000 0.000000 0.000000 
0.000000 0.000000 -1.000000 0.000000 
0.000000 1.000000 0.000000 0.000000 
0.000000 0.000000 0.000000 1.000000 

holder
1.000000 0.000000 0.000000 -0.000000 
0.000000 0.999960 -0.008906 -0.581564 
0.000000 0.008906 0.999960 2.013318 
0.000000 0.000000 0.000000 1.000000 

torso
1.000000 -0.000000 0.000001 -0.000000 
0.000001 -0.014083 -0.999901 0.430855 
0.000000 0.999901 -0.014083 2.022335 
0.000000 0.000000 0.000000 1.000000 

chest_bottom
-1.000000 -0.000000 0.000000 -0.000000 
0.000000 -0.418144 0.908381 0.426382 
0.000000 0.908381 0.418144 2.339891 
0.000000 0.000000 0.000000 1.000000 

chest_up
-0.998475 0.023426 0.049999 -0.000000 
0.048362 -0.065869 0.996655 0.296676 
0.026641 0.997553 0.064636 2.621667 
0.000000 0.000000 0.000000 1.000000 

shoulder.r
0.002329 0.957508 0.288397 0.006362 
-0.999967 -0.000000 0.008075 0.278785 
0.007732 -0.288407 0.957477 2.892607 
0.000000 0.000000 0.000000 1.000000 

shoulder_up.r
-0.728435 0.534422 0.428690 0.534446 
-0.658666 -0.374101 -0.652845 0.278785 
-0.188521 -0.757919 0.624514 2.733546 
0.000000 0.000000 0.000000 1.000000 

shoulder_btm.r
-0.699282 0.585550 0.410044 0.682946 
-0.669823 -0.336372 -0.661960 0.174834 
-0.249683 -0.737553 0.627434 2.522942 
0.000000 0.000000 0.000000 1.000000 

arm_up.r
-0.157779 0.837006 0.523954 0.871126 
-0.676196 0.295099 -0.675038 0.066733 
-0.719629 -0.460802 0.519419 2.285912 
0.000000 0.000000 0.000000 1.000000 

arm_btm.r
-0.372184 0.611273 0.698444 1.135221 
-0.703549 0.305022 -0.641857 0.159843 
-0.605390 -0.730279 0.316536 2.140518 
0.000000 0.000000 0.000000 1.000000 

palm.r
0.652090 0.647151 0.394935 1.253564 
-0.690794 0.292542 0.661228 0.218896 
0.312380 -0.703999 0.637812 1.999135 
0.000000 0.000000 0.000000 1.000000 

palm.r.001
-0.197903 0.431443 0.880166 1.384922 
-0.825997 0.410079 -0.386737 0.278276 
-0.527792 -0.803550 0.275215 1.856239 
0.000000 0.000000 0.000000 1.000000 

palm.r.002
-0.180163 0.309105 0.933807 1.413304 
-0.841853 0.442556 -0.308915 0.305252 
-0.508749 -0.841783 0.180489 1.803378 
0.000000 0.000000 0.000000 1.000000 

palm.r.003
-0.527824 0.303074 0.793440 1.431756 
-0.685600 0.399387 -0.608640 0.331671 
-0.501353 -0.865238 -0.003018 1.753126 
0.000000 0.000000 0.000000 1.000000 

palm.r.004
-0.120769 0.405002 0.906305 1.401339 
-0.738149 0.573815 -0.354784 0.322370 
-0.663740 -0.711835 0.229653 1.895500 
0.000000 0.000000 0.000000 1.000000 

palm.r.005
-0.120968 0.298399 0.946744 1.424248 
-0.739360 0.609308 -0.286514 0.354827 
-0.662354 -0.734644 0.146918 1.855236 
0.000000 0.000000 0.000000 1.000000 

palm.r.006
-0.460988 0.291477 0.838171 1.442061 
-0.570682 0.625930 -0.531540 0.391201 
-0.679568 -0.723362 -0.122205 1.811380 
0.000000 0.000000 0.000000 1.000000 

palm.r.007
-0.338515 0.212717 0.916602 1.386152 
-0.897876 0.218367 -0.382275 0.221362 
-0.281472 -0.952401 0.117073 1.845692 
0.000000 0.000000 0.000000 1.000000 

palm.r.008
-0.301547 0.187661 0.934801 1.399256 
-0.915909 0.215401 -0.338694 0.234814 
-0.264917 -0.958324 0.106927 1.787021 
0.000000 0.000000 0.000000 1.000000 

palm.r.009
-0.618569 0.176055 0.765753 1.409618 
-0.737232 0.207051 -0.643132 0.246707 
-0.271777 -0.962359 0.001718 1.734109 
0.000000 0.000000 0.000000 1.000000 

palm.r.010
-0.382717 0.150795 0.911476 1.352548 
-0.922077 -0.123709 -0.366702 0.173392 
0.057460 -0.980794 0.186391 1.848317 
0.000000 0.000000 0.000000 1.000000 

palm.r.011
-0.339277 0.177941 0.923703 1.360013 
-0.940476 -0.084937 -0.329075 0.167267 
0.019900 -0.980368 0.196167 1.799760 
0.000000 0.000000 0.000000 1.000000 

palm.r.012
-0.644292 0.013743 0.764656 1.367010 
-0.761495 0.081050 -0.643084 0.163928 
-0.070814 -0.996615 -0.041755 1.761211 
0.000000 0.000000 0.000000 1.000000 

palm.r.013
0.148883 -0.009806 0.988806 1.251546 
-0.421170 0.904089 0.072381 0.315221 
-0.894679 -0.427232 0.130474 1.984105 
0.000000 0.000000 0.000000 1.000000 

palm.r.014
-0.185996 0.299890 0.935666 1.250695 
-0.539618 0.764636 -0.352341 0.393682 
-0.821108 -0.570437 0.019607 1.947028 
0.000000 0.000000 0.000000 1.000000 

palm.r.015
-0.388199 0.254336 0.885785 1.271517 
-0.209196 0.911753 -0.353473 0.446772 
-0.897518 -0.322520 -0.300736 1.907421 
0.000000 0.000000 0.000000 1.000000 

shoulder.l
0.002329 -0.957508 -0.288397 0.006362 
0.999967 -0.000000 0.008075 0.278785 
-0.007732 -0.288407 0.957477 2.892607 
0.000000 0.000000 0.000000 1.000000 

shoulder_up.l
-0.756519 -0.503969 -0.416766 -0.521721 
0.627484 -0.379847 -0.679692 0.278785 
0.184236 -0.775714 0.603594 2.733546 
0.000000 0.000000 0.000000 1.000000 

shoulder_btm.l
-0.728526 -0.556897 -0.398893 -0.661759 
0.639579 -0.344429 -0.687246 0.173237 
0.245335 -0.755800 0.607105 2.517997 
0.000000 0.000000 0.000000 1.000000 

arm_up.l
-0.159923 -0.845742 -0.509063 -0.840731 
0.638223 0.304829 -0.706931 0.062547 
0.753058 -0.437950 0.491023 2.275103 
0.000000 0.000000 0.000000 1.000000 

arm_btm.l
-0.375875 -0.622936 -0.686053 -1.107582 
0.667920 0.331061 -0.666544 0.158727 
0.642340 -0.708766 0.291634 2.136920 
0.000000 0.000000 0.000000 1.000000 

palm.l
0.639058 -0.658365 -0.397694 -1.228183 
0.714542 0.316802 0.623752 0.222821 
-0.284667 -0.682783 0.672884 1.999702 
0.000000 0.000000 0.000000 1.000000 

palm.l.001
-0.204139 -0.445364 -0.871768 -1.361817 
0.796509 0.442153 -0.412401 0.287125 
0.569123 -0.778558 0.264475 1.861112 
0.000000 0.000000 0.000000 1.000000 

palm.l.002
-0.186820 -0.323893 -0.927465 -1.391115 
0.813525 0.478224 -0.330876 0.316212 
0.550704 -0.816331 0.174153 1.809895 
0.000000 0.000000 0.000000 1.000000 

palm.l.003
-0.532300 -0.317493 -0.784764 -1.410451 
0.652759 0.436333 -0.619289 0.344760 
0.539039 -0.841910 -0.025014 1.761162 
0.000000 0.000000 0.000000 1.000000 

palm.l.004
-0.124391 -0.420301 -0.898818 -1.378453 
0.703319 0.601627 -0.378665 0.329023 
0.699906 -0.679259 0.220768 1.902622 
0.000000 0.000000 0.000000 1.000000 

palm.l.005
-0.124621 -0.314448 -0.941059 -1.402227 
0.704593 0.639733 -0.307068 0.363054 
0.698583 -0.701331 0.141833 1.864200 
0.000000 0.000000 0.000000 1.000000 

palm.l.006
-0.462034 -0.307646 -0.831793 -1.420999 
0.530337 0.655889 -0.537171 0.401244 
0.710822 -0.689322 -0.139887 1.822333 
0.000000 0.000000 0.000000 1.000000 

palm.l.007
-0.348258 -0.225485 -0.909876 -1.362352 
0.878168 0.261081 -0.400823 0.230777 
0.327931 -0.938612 0.107090 1.847827 
0.000000 0.000000 0.000000 1.000000 

palm.l.008
-0.311719 -0.200452 -0.928790 -1.376243 
0.897518 0.258771 -0.357072 0.246860 
0.311919 -0.944911 0.099245 1.790005 
0.000000 0.000000 0.000000 1.000000 

palm.l.009
-0.626102 -0.188771 -0.756546 -1.387310 
0.714113 0.250796 -0.653563 0.261148 
0.313113 -0.949456 -0.022221 1.737833 
0.000000 0.000000 0.000000 1.000000 

palm.l.010
-0.396254 -0.159037 -0.904262 -1.328049 
0.918097 -0.078280 -0.388549 0.183231 
-0.008992 -0.984164 0.177030 1.847801 
0.000000 0.000000 0.000000 1.000000 

palm.l.011
-0.352697 -0.186721 -0.916919 -1.335923 
0.935288 -0.039974 -0.351622 0.179356 
0.029003 -0.981599 0.188737 1.799076 
0.000000 0.000000 0.000000 1.000000 

palm.l.012
-0.654214 -0.025055 -0.755894 -1.343265 
0.747696 0.128982 -0.651394 0.177784 
0.113817 -0.991330 -0.065649 1.760479 
0.000000 0.000000 0.000000 1.000000 

palm.l.013
0.135663 -0.117964 -0.983707 -1.227678 
0.587104 0.809352 -0.016088 0.319780 
0.798063 -0.575356 0.179057 1.989346 
0.000000 0.000000 0.000000 1.000000 

palm.l.014
-0.348517 -0.374011 -0.859448 -1.237916 
0.861564 0.233260 -0.450884 0.390019 
0.369111 -0.897611 0.240940 1.939415 
0.000000 0.000000 0.000000 1.000000 

palm.l.015
-0.497180 -0.376738 -0.781589 -1.263884 
0.600974 0.500207 -0.623396 0.406215 
0.625813 -0.779655 -0.022283 1.877092 
0.000000 0.000000 0.000000 1.000000 

neck
0.999608 0.028004 -0.000047 -0.006362 
-0.003356 0.118114 -0.992994 0.278785 
-0.027802 0.992605 0.118162 2.892607 
0.000000 0.000000 0.000000 1.000000 

head
1.000000 0.000011 0.000001 -0.000000 
-0.000002 0.196116 -0.980581 0.305621 
-0.000011 0.980581 0.196116 3.118128 
0.000000 0.000000 0.000000 1.000000 

ass
-1.000000 0.000000 0.000000 -0.000000 
-0.000000 -0.169391 -0.985549 0.430855 
0.000000 -0.985549 0.169391 2.022335 
0.000000 0.000000 0.000000 1.000000 

leg_start.r
0.000000 0.957212 0.289390 -0.000000 
-1.000000 0.000000 0.000000 0.381656 
-0.000000 -0.289390 0.957212 1.736087 
0.000000 0.000000 0.000000 1.000000 

hip_up.r
-0.965166 0.204652 0.163012 0.227988 
-0.151208 0.072157 -0.985865 0.381656 
-0.213522 -0.976172 -0.038698 1.667160 
0.000000 0.000000 0.000000 1.000000 

hip_dwn.r
0.145270 0.154093 0.977319 0.287621 
-0.989223 0.040918 0.140588 0.402682 
-0.018327 -0.987209 0.158376 1.382714 
0.000000 0.000000 0.000000 1.000000 

leg.r
-0.959826 0.239148 0.146778 0.337400 
-0.190755 -0.172489 -0.966365 0.415900 
-0.205786 -0.955540 0.211178 1.063805 
0.000000 0.000000 0.000000 1.000000 

leg.r.001
0.970049 0.201507 -0.135647 0.527921 
0.119455 0.090507 0.988706 0.278483 
0.211508 -0.975297 0.063726 0.302556 
0.000000 0.000000 0.000000 1.000000 

leg.r.002
0.982288 0.174482 -0.068308 0.567057 
-0.103452 0.808958 0.578693 0.296061 
0.156230 -0.561377 0.812680 0.113139 
0.000000 0.000000 0.000000 1.000000 

leg.r.003
0.990470 0.133772 -0.032767 0.593345 
-0.118817 0.950260 0.287906 0.417943 
0.069651 -0.281269 0.957098 0.028559 
0.000000 0.000000 0.000000 1.000000 

leg_start.l
-0.000000 -0.957211 0.289390 -0.000000 
-1.000000 0.000000 -0.000000 0.381656 
0.000000 -0.289390 -0.957212 1.736087 
0.000000 0.000000 0.000000 1.000000 

hip_up.l
-0.973917 -0.226336 -0.016041 -0.227988 
-0.000392 0.072371 -0.997378 0.381656 
0.226904 -0.971357 -0.070573 1.667160 
0.000000 0.000000 0.000000 1.000000 

hip_dwn.l
-0.002279 -0.171870 -0.985117 -0.293940 
0.998722 0.049339 -0.010918 0.402744 
0.050481 -0.983884 0.171538 1.384117 
0.000000 0.000000 0.000000 1.000000 

leg.l
-0.974586 -0.224015 0.000533 -0.349461 
0.039737 -0.175221 -0.983727 0.418683 
0.220463 -0.958705 0.179669 1.066283 
0.000000 0.000000 0.000000 1.000000 

leg.l.001
0.974081 -0.225926 -0.011101 -0.527927 
0.032437 0.090948 0.995327 0.279090 
-0.223861 -0.969890 0.095919 0.302512 
0.000000 0.000000 0.000000 1.000000 

leg.l.002
0.953996 -0.299741 -0.006907 -0.571805 
0.252804 0.791797 0.556010 0.296753 
-0.161190 -0.532177 0.831147 0.114145 
0.000000 0.000000 0.000000 1.000000 

leg.l.003
0.960995 -0.276551 0.002884 -0.616966 
0.266422 0.928496 0.258677 0.416050 
-0.074216 -0.247819 0.965960 0.033964 
0.000000 0.000000 0.000000 1.000000 

Frame 3
base
1.000000 0.000000 0.000000 0.000000 
0.000000 0.000000 -1.000000 0.000000 
0.000000 1.000000 0.000000 0.000000 
0.000000 0.000000 0.000000 1.000000 

holder
1.000000 -0.000000 -0.000000 -0.000000 
-0.000000 0.999960 -0.008906 -0.581564 
0.000000 0.008906 0.999960 2.013318 
0.000000 0.000000 0.000000 1.000000 

torso
1.000000 -0.000000 0.000001 -0.000000 
0.000001 -0.014083 -0.999901 0.430855 
0.000000 0.999901 -0.014083 2.022335 
0.000000 0.000000 0.000000 1.000000 

chest_bottom
-1.000000 -0.000000 0.000000 -0.000000 
0.000000 -0.418144 0.908381 0.426382 
0.000000 0.908381 0.418144 2.339891 
0.000000 0.000000 0.000000 1.000000 

chest_up
-0.998475 0.023426 0.049999 -0.000000 
0.048362 -0.065869 0.996655 0.296676 
0.026641 0.997553 0.064636 2.621667 
0.000000 0.000000 0.000000 1.000000 

shoulder.r
0.002329 0.957508 0.288397 0.006362 
-0.999967 -0.000000 0.008075 0.278785 
0.007732 -0.288406 0.957477 2.892607 
0.000000 0.000000 0.000000 1.000000 

shoulder_up.r
-0.728435 0.534422 0.428690 0.534446 
-0.658666 -0.374101 -0.652845 0.278785 
-0.188521 -0.757919 0.624514 2.733546 
0.000000 0.000000 0.000000 1.000000 

shoulder_btm.r
-0.699282 0.585550 0.410044 0.682946 
-0.669823 -0.336372 -0.661960 0.174834 
-0.249683 -0.737553 0.627434 2.522942 
0.000000 0.000000 0.000000 1.000000 

arm_up.r
-0.157779 0.837006 0.523954 0.871126 
-0.676196 0.295099 -0.675038 0.066733 
-0.719629 -0.460802 0.519419 2.285912 
0.000000 0.000000 0.000000 1.000000 

arm_btm.r
-0.372184 0.611273 0.698444 1.135221 
-0.703549 0.305022 -0.641857 0.159843 
-0.605390 -0.730279 0.316536 2.140518 
0.000000 0.000000 0.000000 1.000000 

palm.r
0.652090 0.647151 0.394935 1.253564 
-0.690794 0.292542 0.661228 0.218896 
0.312380 -0.703999 0.637812 1.999136 
0.000000 0.000000 0.000000 1.000000 

palm.r.001
-0.197903 0.431443 0.880166 1.384922 
-0.825997 0.410079 -0.386737 0.278276 
-0.527792 -0.803550 0.275215 1.856239 
0.000000 0.000000 0.000000 1.000000 

palm.r.002
-0.180163 0.309105 0.933807 1.413304 
-0.841853 0.442556 -0.308915 0.305252 
-0.508749 -0.841783 0.180489 1.803378 
0.000000 0.000000 0.000000 1.000000 

palm.r.003
-0.527824 0.303074 0.793440 1.431756 
-0.685600 0.399387 -0.608640 0.331671 
-0.501353 -0.865238 -0.003018 1.753126 
0.000000 0.000000 0.000000 1.000000 

palm.r.004
-0.120769 0.405002 0.906305 1.401339 
-0.738149 0.573815 -0.354784 0.322370 
-0.663740 -0.711835 0.229653 1.895501 
0.000000 0.000000 0.000000 1.000000 

palm.r.005
-0.120968 0.298399 0.946744 1.424248 
-0.739360 0.609308 -0.286515 0.354827 
-0.662354 -0.734644 0.146918 1.855236 
0.000000 0.000000 0.000000 1.000000 

palm.r.006
-0.460988 0.291477 0.838171 1.442061 
-0.570682 0.625930 -0.531540 0.391201 
-0.679568 -0.723362 -0.122205 1.811381 
0.000000 0.000000 0.000000 1.000000 

palm.r.007
-0.338515 0.212717 0.916602 1.386152 
-0.897876 0.218367 -0.382275 0.221362 
-0.281472 -0.952401 0.117073 1.845692 
0.000000 0.000000 0.000000 1.000000 

palm.r.008
-0.301547 0.187661 0.934801 1.399256 
-0.915909 0.215401 -0.338694 0.234814 
-0.264917 -0.958324 0.106928 1.787021 
0.000000 0.000000 0.000000 1.000000 

palm.r.009
-0.618569 0.176055 0.765753 1.409618 
-0.737232 0.207051 -0.643132 0.246707 
-0.271777 -0.962359 0.001718 1.734109 
0.000000 0.000000 0.000000 1.000000 

palm.r.010
-0.382717 0.150796 0.911476 1.352548 
-0.922077 -0.123709 -0.366702 0.173392 
0.057460 -0.980794 0.186391 1.848318 
0.000000 0.000000 0.000000 1.000000 

palm.r.011
-0.339277 0.177941 0.923703 1.360014 
-0.940476 -0.084937 -0.329075 0.167267 
0.019900 -0.980368 0.196167 1.799760 
0.000000 0.000000 0.000000 1.000000 

palm.r.012
-0.644292 0.013743 0.764656 1.367010 
-0.761495 0.081050 -0.643084 0.163928 
-0.070814 -0.996615 -0.041755 1.761211 
0.000000 0.000000 0.000000 1.000000 

palm.r.013
0.149758 -0.045556 0.987673 1.251546 
-0.351491 0.931231 0.096249 0.315221 
-0.924136 -0.361572 0.123447 1.984105 
0.000000 0.000000 0.000000 1.000000 

palm.r.014
-0.178979 0.267943 0.946664 1.247593 
-0.355828 0.879438 -0.316189 0.396037 
-0.917253 -0.393440 -0.062059 1.952727 
0.000000 0.000000 0.000000 1.000000 

palm.r.015
-0.392633 0.220838 0.892787 1.266197 
-0.023787 0.967980 -0.249898 0.457099 
-0.919387 -0.119355 -0.374808 1.925409 
0.000000 0.000000 0.000000 1.000000 

shoulder.l
0.002329 -0.957508 -0.288397 0.006362 
0.999967 -0.000000 0.008075 0.278785 
-0.007732 -0.288407 0.957477 2.892607 
0.000000 0.000000 0.000000 1.000000 

shoulder_up.l
-0.756519 -0.503969 -0.416766 -0.521721 
0.627484 -0.379847 -0.679692 0.278785 
0.184236 -0.775714 0.603594 2.733546 
0.000000 0.000000 0.000000 1.000000 

shoulder_btm.l
-0.728526 -0.556897 -0.398893 -0.661759 
0.639579 -0.344429 -0.687246 0.173237 
0.245335 -0.755800 0.607105 2.517997 
0.000000 0.000000 0.000000 1.000000 

arm_up.l
-0.159867 -0.845753 -0.509062 -0.840731 
0.638194 0.304875 -0.706937 0.062547 
0.753094 -0.437896 0.491015 2.275103 
0.000000 0.000000 0.000000 1.000000 

arm_btm.l
-0.375824 -0.622960 -0.686060 -1.107586 
0.667903 0.331112 -0.666536 0.158742 
0.642388 -0.708721 0.291637 2.136937 
0.000000 0.000000 0.000000 1.000000 

palm.l
0.639067 -0.658388 -0.397643 -1.228191 
0.714535 0.316853 0.623734 0.222846 
-0.284664 -0.682737 0.672931 1.999727 
0.000000 0.000000 0.000000 1.000000 

palm.l.001
-0.204088 -0.445387 -0.871768 -1.361830 
0.796490 0.442202 -0.412386 0.287160 
0.569168 -0.778517 0.264498 1.861146 
0.000000 0.000000 0.000000 1.000000 

palm.l.002
-0.186769 -0.323917 -0.927468 -1.391129 
0.813506 0.478271 -0.330855 0.316250 
0.550750 -0.816294 0.174182 1.809932 
0.000000 0.000000 0.000000 1.000000 

palm.l.003
-0.532254 -0.317519 -0.784785 -1.410466 
0.652751 0.436381 -0.619264 0.344801 
0.539093 -0.841875 -0.025005 1.761202 
0.000000 0.000000 0.000000 1.000000 

palm.l.004
-0.124336 -0.420314 -0.898820 -1.378463 
0.703292 0.601671 -0.378647 0.329057 
0.699944 -0.679212 0.220794 1.902659 
0.000000 0.000000 0.000000 1.000000 

palm.l.005
-0.124566 -0.314461 -0.941062 -1.402238 
0.704565 0.639774 -0.307046 0.363090 
0.698621 -0.701287 0.141864 1.864240 
0.000000 0.000000 0.000000 1.000000 

palm.l.006
-0.461984 -0.307658 -0.831816 -1.421010 
0.530319 0.655929 -0.537139 0.401282 
0.710867 -0.689278 -0.139872 1.822375 
0.000000 0.000000 0.000000 1.000000 

palm.l.007
-0.348215 -0.225521 -0.909883 -1.362367 
0.878164 0.261131 -0.400799 0.230812 
0.327987 -0.938590 0.107115 1.847859 
0.000000 0.000000 0.000000 1.000000 

palm.l.008
-0.311676 -0.200488 -0.928797 -1.376260 
0.897513 0.258820 -0.357047 0.246899 
0.311975 -0.944890 0.099273 1.790038 
0.000000 0.000000 0.000000 1.000000 

palm.l.009
-0.626065 -0.188808 -0.756568 -1.387330 
0.714118 0.250845 -0.653538 0.261189 
0.313174 -0.949436 -0.022214 1.737868 
0.000000 0.000000 0.000000 1.000000 

palm.l.010
-0.396226 -0.159086 -0.904266 -1.328066 
0.918110 -0.078230 -0.388529 0.183266 
-0.008931 -0.984160 0.177055 1.847829 
0.000000 0.000000 0.000000 1.000000 

palm.l.011
-0.352666 -0.186769 -0.916921 -1.335942 
0.935298 -0.039924 -0.351602 0.179393 
0.029062 -0.981592 0.188764 1.799105 
0.000000 0.000000 0.000000 1.000000 

palm.l.012
-0.654186 -0.025098 -0.755918 -1.343286 
0.747711 0.129028 -0.651368 0.177823 
0.113882 -0.991323 -0.065642 1.760508 
0.000000 0.000000 0.000000 1.000000 

palm.l.013
0.135719 -0.117966 -0.983700 -1.227684 
0.587064 0.809381 -0.016066 0.319805 
0.798083 -0.575314 0.179102 1.989376 
0.000000 0.000000 0.000000 1.000000 

palm.l.014
-0.348473 -0.374047 -0.859451 -1.237921 
0.861559 0.233313 -0.450869 0.390047 
0.369167 -0.897583 0.240960 1.939448 
0.000000 0.000000 0.000000 1.000000 

palm.l.015
-0.497132 -0.376759 -0.781609 -1.263892 
0.600962 0.500254 -0.623371 0.406246 
0.625864 -0.779614 -0.022275 1.877127 
0.000000 0.000000 0.000000 1.000000 

neck
0.999608 0.028004 -0.000047 -0.006362 
-0.003356 0.118114 -0.992994 0.278785 
-0.027802 0.992605 0.118162 2.892607 
0.000000 0.000000 0.000000 1.000000 

head
1.000000 0.000041 0.000001 -0.000000 
-0.000008 0.196116 -0.980581 0.305621 
-0.000041 0.980581 0.196116 3.118128 
0.000000 0.000000 0.000000 1.000000 

ass
-1.000000 0.000000 0.000000 -0.000000 
-0.000000 -0.169391 -0.985549 0.430855 
0.000000 -0.985549 0.169391 2.022335 
0.000000 0.000000 0.000000 1.000000 

leg_start.r
0.000000 0.957212 0.289390 -0.000000 
-1.000000 0.000000 0.000000 0.381656 
-0.000000 -0.289390 0.957212 1.736087 
