simple game object export addon
Bones 64
[
Frames 251
Frame 0
base
1.000000 0.000000 0.000000 0.000000 
0.000000 0.000000 -1.000000 0.000000 
0.000000 1.000000 0.000000 0.000000 
0.000000 0.000000 0.000000 1.000000 

holder
1.000000 -0.000000 -0.000000 -0.000000 
-0.000000 0.999960 -0.008906 -0.581564 
0.000000 0.008906 0.999960 2.013318 
0.000000 0.000000 0.000000 1.000000 

torso
1.000000 -0.000000 0.000001 -0.000000 
0.000001 -0.014083 -0.999901 0.430855 
0.000000 0.999901 -0.014083 2.022335 
0.000000 0.000000 0.000000 1.000000 

chest_bottom
-1.000000 -0.000000 0.000000 -0.000000 
0.000000 -0.418144 0.908381 0.426382 
0.000000 0.908381 0.418144 2.339891 
0.000000 0.000000 0.000000 1.000000 

chest_up
-0.998475 0.023426 0.049999 -0.000000 
0.048362 -0.065869 0.996656 0.296676 
0.026641 0.997553 0.064636 2.621667 
0.000000 0.000000 0.000000 1.000000 

shoulder.r
0.002329 0.957508 0.288397 0.006362 
-0.999968 -0.000000 0.008075 0.278785 
0.007732 -0.288406 0.957477 2.892607 
0.000000 0.000000 0.000000 1.000000 

shoulder_up.r
-0.793781 0.491995 0.357566 0.534446 
-0.553150 -0.339569 -0.760736 0.278785 
-0.252860 -0.801644 0.541690 2.733546 
0.000000 0.000000 0.000000 1.000000 

shoulder_btm.r
-0.784823 0.546814 0.291628 0.671156 
-0.513322 -0.309953 -0.800268 0.184429 
-0.347207 -0.777768 0.523951 2.510792 
0.000000 0.000000 0.000000 1.000000 

arm_up.r
-0.267363 0.880807 0.390763 0.846888 
-0.488878 0.225466 -0.842712 0.084818 
-0.830371 -0.416345 0.370326 2.260838 
0.000000 0.000000 0.000000 1.000000 

arm_btm.r
-0.556123 0.663235 0.500844 1.124803 
-0.387869 0.325859 -0.862191 0.155958 
-0.735041 -0.673746 0.076030 2.129472 
0.000000 0.000000 0.000000 1.000000 

palm.r
0.442882 0.694648 0.566851 1.253206 
-0.894355 0.297771 0.333858 0.219045 
0.063122 -0.654825 0.753140 1.999034 
0.000000 0.000000 0.000000 1.000000 

palm.r.001
-0.420902 0.517990 0.744666 1.394205 
-0.567716 0.489848 -0.661625 0.279486 
-0.707489 -0.701237 0.087894 1.866118 
0.000000 0.000000 0.000000 1.000000 

palm.r.002
-0.407940 0.408698 0.816426 1.428281 
-0.592239 0.562109 -0.577310 0.311711 
-0.694866 -0.719026 0.012740 1.819988 
0.000000 0.000000 0.000000 1.000000 

palm.r.003
-0.699868 0.390894 0.597818 1.452678 
-0.359719 0.530184 -0.767794 0.345267 
-0.617080 -0.752401 -0.230446 1.777064 
0.000000 0.000000 0.000000 1.000000 

palm.r.004
-0.324258 0.538096 0.778016 1.422426 
-0.468816 0.622936 -0.626229 0.305218 
-0.821626 -0.567806 0.050277 1.914043 
0.000000 0.000000 0.000000 1.000000 

palm.r.005
-0.324763 0.444931 0.834604 1.452863 
-0.470268 0.689659 -0.550652 0.340454 
-0.820595 -0.571319 -0.014739 1.881925 
0.000000 0.000000 0.000000 1.000000 

palm.r.006
-0.606225 0.442916 0.660543 1.479424 
-0.221428 0.703722 -0.675089 0.381624 
-0.763846 -0.555518 -0.328539 1.847819 
0.000000 0.000000 0.000000 1.000000 

palm.r.007
-0.573083 0.253751 0.779222 1.379788 
-0.665886 0.410050 -0.623261 0.229396 
-0.477673 -0.876053 -0.066023 1.840919 
0.000000 0.000000 0.000000 1.000000 

palm.r.008
-0.542239 0.228770 0.808481 1.395420 
-0.696711 0.415420 -0.584824 0.254656 
-0.469650 -0.880392 -0.065870 1.786951 
0.000000 0.000000 0.000000 1.000000 

palm.r.009
-0.798738 0.215287 0.561843 1.408051 
-0.447423 0.411807 -0.793869 0.277593 
-0.402281 -0.885475 -0.232602 1.738342 
0.000000 0.000000 0.000000 1.000000 

palm.r.010
-0.618519 0.100785 0.779279 1.334430 
-0.770425 0.117251 -0.626655 0.192958 
-0.154530 -0.987975 0.005126 1.833696 
0.000000 0.000000 0.000000 1.000000 

palm.r.011
-0.582134 0.137460 0.801389 1.339420 
-0.788324 0.146003 -0.597686 0.198763 
-0.199164 -0.979687 0.023369 1.784783 
0.000000 0.000000 0.000000 1.000000 

palm.r.012
-0.827909 0.024453 0.560329 1.344825 
-0.518709 0.346609 -0.781539 0.204504 
-0.213327 -0.937691 -0.274276 1.746261 
0.000000 0.000000 0.000000 1.000000 

palm.r.013
0.038425 0.205618 0.977877 1.277311 
-0.108976 0.973626 -0.200441 0.312883 
-0.993301 -0.098863 0.059819 2.010077 
0.000000 0.000000 0.000000 1.000000 

palm.r.014
-0.278995 0.492832 0.824183 1.295155 
-0.029864 0.853395 -0.520408 0.397378 
-0.959828 -0.169804 -0.223374 2.001498 
0.000000 0.000000 0.000000 1.000000 

palm.r.015
-0.394253 0.474574 0.786984 1.329374 
0.333350 0.871873 -0.358768 0.456631 
-0.856413 0.120896 -0.501938 1.989708 
0.000000 0.000000 0.000000 1.000000 

shoulder.l
0.002329 -0.957508 -0.288397 0.006362 
0.999968 -0.000000 0.008075 0.278785 
-0.007732 -0.288407 0.957477 2.892607 
0.000000 0.000000 0.000000 1.000000 

shoulder_up.l
-0.912704 -0.386050 -0.133927 -0.521721 
0.222374 -0.194294 -0.955406 0.278785 
0.342813 -0.901784 0.263180 2.733546 
0.000000 0.000000 0.000000 1.000000 

shoulder_btm.l
-0.892566 -0.446709 0.061456 -0.628993 
0.026879 -0.188759 -0.981656 0.224797 
0.450114 -0.874541 0.180487 2.482966 
0.000000 0.000000 0.000000 1.000000 

arm_up.l
-0.312816 -0.948466 -0.050585 -0.772553 
0.091316 0.022979 -0.995557 0.164135 
0.945414 -0.316045 0.079422 2.201912 
0.000000 0.000000 0.000000 1.000000 

arm_btm.l
-0.533020 -0.806710 -0.255165 -1.071816 
0.059685 0.264977 -0.962406 0.171385 
0.843995 -0.528211 -0.093089 2.102192 
0.000000 0.000000 0.000000 1.000000 

palm.l
0.193244 -0.827328 -0.527433 -1.227996 
0.974105 0.226084 0.002263 0.222685 
0.117372 -0.514213 0.849594 1.999930 
0.000000 0.000000 0.000000 1.000000 

palm.l.001
-0.451845 -0.711954 -0.537548 -1.395926 
0.271263 0.464385 -0.843068 0.268575 
0.849854 -0.526753 -0.016703 1.895556 
0.000000 0.000000 0.000000 1.000000 

palm.l.002
-0.447203 -0.627505 -0.637376 -1.442761 
0.300460 0.565801 -0.767850 0.299125 
0.842457 -0.534891 -0.064487 1.860904 
0.000000 0.000000 0.000000 1.000000 

palm.l.003
-0.679491 -0.606874 -0.412307 -1.480221 
0.018507 0.547612 -0.836528 0.332901 
0.733450 -0.576044 -0.360866 1.828973 
0.000000 0.000000 0.000000 1.000000 

palm.l.004
-0.319348 -0.746804 -0.583353 -1.423079 
0.181040 0.556169 -0.811111 0.275078 
0.930184 -0.364637 -0.042409 1.950107 
0.000000 0.000000 0.000000 1.000000 

palm.l.005
-0.320331 -0.674555 -0.665104 -1.465321 
0.182480 0.645013 -0.742065 0.306537 
0.929564 -0.359075 -0.083525 1.929481 
0.000000 0.000000 0.000000 1.000000 

palm.l.006
-0.535722 -0.674041 -0.508597 -1.505590 
-0.116316 0.655488 -0.746195 0.345043 
0.836345 -0.340595 -0.429561 1.908046 
0.000000 0.000000 0.000000 1.000000 

palm.l.007
-0.652742 -0.461693 -0.600640 -1.372928 
0.369677 0.497924 -0.784482 0.230701 
0.661262 -0.734107 -0.154338 1.858294 
0.000000 0.000000 0.000000 1.000000 

palm.l.008
-0.631910 -0.439645 -0.638281 -1.401370 
0.408720 0.510691 -0.756402 0.261375 
0.658512 -0.738856 -0.143019 1.813070 
0.000000 0.000000 0.000000 1.000000 

palm.l.009
-0.824650 -0.426482 -0.371574 -1.425645 
0.118526 0.512035 -0.850748 0.289572 
0.553087 -0.745610 -0.371700 1.772275 
0.000000 0.000000 0.000000 1.000000 

palm.l.010
-0.765182 -0.256683 -0.590433 -1.321278 
0.522618 0.287938 -0.802473 0.210363 
0.375989 -0.922608 -0.086178 1.839427 
0.000000 0.000000 0.000000 1.000000 

palm.l.011
-0.728841 -0.297943 -0.616459 -1.333986 
0.540089 0.303206 -0.785093 0.224618 
0.420827 -0.905150 -0.060073 1.793751 
0.000000 0.000000 0.000000 1.000000 

palm.l.012
-0.895429 -0.234057 -0.378714 -1.345702 
0.216788 0.513762 -0.830092 0.236541 
0.388857 -0.825389 -0.409296 1.758159 
0.000000 0.000000 0.000000 1.000000 

palm.l.013
-0.023179 -0.559371 -0.828593 -1.273081 
0.172386 0.814166 -0.554453 0.301947 
0.984757 -0.155689 0.077556 2.034478 
0.000000 0.000000 0.000000 1.000000 

palm.l.014
-0.639066 -0.573132 -0.512947 -1.321625 
0.339072 0.388673 -0.856717 0.372604 
0.690381 -0.721424 -0.054055 2.020967 
0.000000 0.000000 0.000000 1.000000 

palm.l.015
-0.611752 -0.678174 -0.407235 -1.361419 
-0.042041 0.541949 -0.839360 0.399590 
0.789932 -0.496359 -0.360049 1.970876 
0.000000 0.000000 0.000000 1.000000 

neck
0.999608 0.028004 -0.000047 -0.006362 
-0.003356 0.118114 -0.992994 0.278785 
-0.027802 0.992605 0.118162 2.892607 
0.000000 0.000000 0.000000 1.000000 

head
1.000000 -0.000000 0.000001 -0.000000 
0.000001 0.196116 -0.980581 0.305621 
-0.000000 0.980581 0.196116 3.118128 
0.000000 0.000000 0.000000 1.000000 

ass
-1.000000 0.000000 0.000000 -0.000000 
-0.000000 -0.169391 -0.985549 0.430855 
0.000000 -0.985549 0.169391 2.022335 
0.000000 0.000000 0.000000 1.000000 

leg_start.r
0.000000 0.957212 0.289390 -0.000000 
-1.000000 0.000000 0.000000 0.381656 
-0.000000 -0.289390 0.957212 1.736087 
0.000000 0.000000 0.000000 1.000000 

hip_up.r
-0.943222 0.241823 -0.227714 0.227988 
0.250457 0.067471 -0.965774 0.381656 
-0.218182 -0.967972 -0.124207 1.667160 
0.000000 0.000000 0.000000 1.000000 

hip_dwn.r
-0.215585 0.183442 0.959099 0.298453 
-0.971468 0.059147 -0.229678 0.401316 
-0.098861 -0.981250 0.165456 1.385103 
0.000000 0.000000 0.000000 1.000000 

leg.r
-0.961197 0.211464 -0.177153 0.357712 
0.140589 -0.177018 -0.974115 0.420423 
-0.237349 -0.961222 0.140420 1.068120 
0.000000 0.000000 0.000000 1.000000 

leg.r.001
0.947963 0.260288 0.183346 0.526178 
-0.211621 0.084879 0.973659 0.279398 
0.237869 -0.961793 0.135545 0.302344 
0.000000 0.000000 0.000000 1.000000 

leg.r.002
0.890959 0.445961 0.085502 0.576730 
-0.422581 0.745406 0.515552 0.295883 
0.166182 -0.495467 0.852582 0.115550 
0.000000 0.000000 0.000000 1.000000 

leg.r.003
0.897429 0.440674 0.020656 0.643921 
-0.434053 0.873638 0.219898 0.408190 
0.078858 -0.206309 0.975304 0.040900 
0.000000 0.000000 0.000000 1.000000 

leg_start.l
-0.000000 -0.957211 0.289390 -0.000000 
-1.000000 0.000000 -0.000000 0.381656 
0.000000 -0.289390 -0.957211 1.736087 
0.000000 0.000000 0.000000 1.000000 

hip_up.l
-0.963297 -0.240869 0.118489 -0.227988 
-0.138531 0.067989 -0.988022 0.381656 
0.229928 -0.968173 -0.098862 1.667160 
0.000000 0.000000 0.000000 1.000000 

hip_dwn.l
-0.108855 -0.183878 -0.976903 -0.298175 
0.991313 0.052899 -0.120418 0.401467 
0.073819 -0.981525 0.176523 1.385044 
0.000000 0.000000 0.000000 1.000000 

leg.l
-0.974248 -0.213604 0.072200 -0.357575 
-0.034174 -0.176625 -0.983685 0.418556 
0.222871 -0.960821 0.164777 1.067972 
0.000000 0.000000 0.000000 1.000000 

leg.l.001
0.968516 -0.234790 -0.082760 -0.527746 
0.106166 0.088845 0.990371 0.277844 
-0.225177 -0.967977 0.110975 0.302516 
0.000000 0.000000 0.000000 1.000000 

leg.l.002
0.932734 -0.357790 -0.044626 -0.573346 
0.323541 0.775899 0.541573 0.295099 
-0.159144 -0.519582 0.839468 0.114520 
0.000000 0.000000 0.000000 1.000000 

leg.l.003
0.938989 -0.343702 -0.012960 -0.627253 
0.336328 0.909654 0.243747 0.412000 
-0.071987 -0.233234 0.969752 0.036237 
0.000000 0.000000 0.000000 1.000000 

Frame 1
base
1.000000 0.000000 0.000000 0.000000 
0.000000 0.000000 -1.000000 0.000000 
0.000000 1.000000 0.000000 0.000000 
0.000000 0.000000 0.000000 1.000000 

holder
1.000000 -0.000000 -0.000000 -0.000000 
-0.000000 0.999960 -0.008906 -0.581564 
0.000000 0.008906 0.999960 2.013318 
0.000000 0.000000 0.000000 1.000000 

torso
1.000000 -0.000000 0.000001 -0.000000 
0.000001 -0.014083 -0.999901 0.430855 
0.000000 0.999901 -0.014083 2.022335 
0.000000 0.000000 0.000000 1.000000 

chest_bottom
-1.000000 -0.000000 0.000000 -0.000000 
0.000000 -0.418144 0.908381 0.426382 
0.000000 0.908381 0.418144 2.339891 
0.000000 0.000000 0.000000 1.000000 

chest_up
-0.998475 0.023426 0.049999 -0.000000 
0.048362 -0.065869 0.996656 0.296676 
0.026641 0.997553 0.064636 2.621667 
0.000000 0.000000 0.000000 1.000000 

shoulder.r
0.002329 0.957508 0.288397 0.006362 
-0.999968 -0.000000 0.008075 0.278785 
0.007732 -0.288406 0.957477 2.892607 
0.000000 0.000000 0.000000 1.000000 

shoulder_up.r
-0.728435 0.534422 0.428690 0.534446 
-0.658667 -0.374101 -0.652845 0.278785 
-0.188522 -0.757919 0.624514 2.733546 
0.000000 0.000000 0.000000 1.000000 

shoulder_btm.r
-0.699282 0.585550 0.410044 0.682946 
-0.669823 -0.336372 -0.661960 0.174834 
-0.249683 -0.737553 0.627434 2.522942 
0.000000 0.000000 0.000000 1.000000 

arm_up.r
-0.157779 0.837006 0.523953 0.871126 
-0.676196 0.295099 -0.675038 0.066733 
-0.719629 -0.460802 0.519419 2.285912 
0.000000 0.000000 0.000000 1.000000 

arm_btm.r
-0.372185 0.611273 0.698444 1.135221 
-0.703549 0.305022 -0.641857 0.159843 
-0.605390 -0.730279 0.316536 2.140518 
0.000000 0.000000 0.000000 1.000000 

palm.r
0.652090 0.647151 0.394935 1.253564 
-0.690795 0.292542 0.661228 0.218896 
0.312380 -0.703999 0.637812 1.999136 
0.000000 0.000000 0.000000 1.000000 

palm.r.001
-0.197903 0.431443 0.880166 1.384922 
-0.825996 0.410079 -0.386737 0.278276 
-0.527792 -0.803550 0.275215 1.856239 
0.000000 0.000000 0.000000 1.000000 

palm.r.002
-0.180163 0.309106 0.933807 1.413304 
-0.841853 0.442556 -0.308915 0.305252 
-0.508749 -0.841783 0.180489 1.803378 
0.000000 0.000000 0.000000 1.000000 

palm.r.003
-0.527824 0.303074 0.793440 1.431756 
-0.685600 0.399387 -0.608640 0.331671 
-0.501354 -0.865237 -0.003018 1.753127 
0.000000 0.000000 0.000000 1.000000 

palm.r.004
-0.120770 0.405002 0.906304 1.401339 
-0.738149 0.573815 -0.354784 0.322370 
-0.663740 -0.711835 0.229653 1.895501 
0.000000 0.000000 0.000000 1.000000 

palm.r.005
-0.120968 0.298399 0.946744 1.424248 
-0.739360 0.609308 -0.286515 0.354827 
-0.662354 -0.734644 0.146918 1.855236 
0.000000 0.000000 0.000000 1.000000 

palm.r.006
-0.460988 0.291477 0.838171 1.442061 
-0.570681 0.625930 -0.531540 0.391201 
-0.679568 -0.723362 -0.122205 1.811380 
0.000000 0.000000 0.000000 1.000000 

palm.r.007
-0.338515 0.212717 0.916602 1.386152 
-0.897876 0.218367 -0.382275 0.221362 
-0.281473 -0.952401 0.117073 1.845692 
0.000000 0.000000 0.000000 1.000000 

palm.r.008
-0.301547 0.187661 0.934801 1.399256 
-0.915909 0.215401 -0.338694 0.234814 
-0.264917 -0.958324 0.106927 1.787021 
0.000000 0.000000 0.000000 1.000000 

palm.r.009
-0.618569 0.176055 0.765752 1.409618 
-0.737231 0.207051 -0.643133 0.246707 
-0.271777 -0.962358 0.001718 1.734109 
0.000000 0.000000 0.000000 1.000000 

palm.r.010
-0.382718 0.150795 0.911476 1.352548 
-0.922077 -0.123708 -0.366702 0.173392 
0.057460 -0.980794 0.186391 1.848318 
0.000000 0.000000 0.000000 1.000000 

palm.r.011
-0.339277 0.177941 0.923703 1.360013 
-0.940476 -0.084937 -0.329075 0.167267 
0.019900 -0.980368 0.196167 1.799760 
0.000000 0.000000 0.000000 1.000000 

palm.r.012
-0.644292 0.013743 0.764656 1.367010 
-0.761494 0.081050 -0.643084 0.163928 
-0.070814 -0.996615 -0.041755 1.761211 
0.000000 0.000000 0.000000 1.000000 

palm.r.013
0.149758 -0.045556 0.987673 1.251546 
-0.351490 0.931231 0.096248 0.315221 
-0.924136 -0.361571 0.123447 1.984105 
0.000000 0.000000 0.000000 1.000000 

palm.r.014
-0.178979 0.267943 0.946664 1.247593 
-0.355827 0.879438 -0.316189 0.396037 
-0.917253 -0.393440 -0.062059 1.952727 
0.000000 0.000000 0.000000 1.000000 

palm.r.015
-0.392633 0.220838 0.892787 1.266197 
-0.023786 0.967980 -0.249898 0.457099 
-0.919387 -0.119355 -0.374808 1.925409 
0.000000 0.000000 0.000000 1.000000 

shoulder.l
0.002329 -0.957508 -0.288397 0.006362 
0.999968 -0.000000 0.008075 0.278785 
-0.007732 -0.288407 0.957477 2.892607 
0.000000 0.000000 0.000000 1.000000 

shoulder_up.l
-0.756519 -0.503969 -0.416766 -0.521721 
0.627484 -0.379847 -0.679692 0.278785 
0.184236 -0.775714 0.603594 2.733546 
0.000000 0.000000 0.000000 1.000000 

shoulder_btm.l
-0.728526 -0.556897 -0.398893 -0.661759 
0.639579 -0.344429 -0.687247 0.173237 
0.245335 -0.755800 0.607105 2.517997 
0.000000 0.000000 0.000000 1.000000 

arm_up.l
-0.159866 -0.845753 -0.509062 -0.840731 
0.638193 0.304876 -0.706937 0.062547 
0.753095 -0.437895 0.491015 2.275103 
0.000000 0.000000 0.000000 1.000000 

arm_btm.l
-0.375823 -0.622960 -0.686060 -1.107586 
0.667902 0.331114 -0.666536 0.158742 
0.642389 -0.708720 0.291637 2.136937 
0.000000 0.000000 0.000000 1.000000 

palm.l
0.639067 -0.658388 -0.397641 -1.228191 
0.714535 0.316855 0.623734 0.222846 
-0.284665 -0.682736 0.672932 1.999728 
0.000000 0.000000 0.000000 1.000000 

palm.l.001
-0.204086 -0.445387 -0.871768 -1.361830 
0.796489 0.442203 -0.412385 0.287161 
0.569170 -0.778516 0.264498 1.861148 
0.000000 0.000000 0.000000 1.000000 

palm.l.002
-0.186767 -0.323917 -0.927467 -1.391130 
0.813505 0.478272 -0.330855 0.316251 
0.550751 -0.816293 0.174183 1.809933 
0.000000 0.000000 0.000000 1.000000 

palm.l.003
-0.532253 -0.317520 -0.784785 -1.410466 
0.652751 0.436383 -0.619263 0.344802 
0.539095 -0.841874 -0.025004 1.761203 
0.000000 0.000000 0.000000 1.000000 

palm.l.004
-0.124335 -0.420314 -0.898820 -1.378463 
0.703291 0.601672 -0.378646 0.329058 
0.699945 -0.679211 0.220795 1.902660 
0.000000 0.000000 0.000000 1.000000 

palm.l.005
-0.124564 -0.314461 -0.941062 -1.402238 
0.704564 0.639776 -0.307045 0.363091 
0.698622 -0.701286 0.141865 1.864241 
0.000000 0.000000 0.000000 1.000000 

palm.l.006
-0.461982 -0.307658 -0.831817 -1.421010 
0.530319 0.655931 -0.537138 0.401283 
0.710869 -0.689276 -0.139871 1.822377 
0.000000 0.000000 0.000000 1.000000 

palm.l.007
-0.348214 -0.225522 -0.909883 -1.362368 
0.878163 0.261132 -0.400799 0.230813 
0.327988 -0.938589 0.107116 1.847860 
0.000000 0.000000 0.000000 1.000000 

palm.l.008
-0.311675 -0.200489 -0.928797 -1.376261 
0.897513 0.258821 -0.357047 0.246900 
0.311976 -0.944889 0.099274 1.790040 
0.000000 0.000000 0.000000 1.000000 

palm.l.009
-0.626064 -0.188809 -0.756568 -1.387330 
0.714118 0.250847 -0.653538 0.261190 
0.313176 -0.949435 -0.022214 1.737870 
0.000000 0.000000 0.000000 1.000000 

palm.l.010
-0.396225 -0.159087 -0.904266 -1.328066 
0.918110 -0.078229 -0.388529 0.183267 
-0.008930 -0.984160 0.177056 1.847830 
0.000000 0.000000 0.000000 1.000000 

palm.l.011
-0.352665 -0.186770 -0.916921 -1.335943 
0.935298 -0.039922 -0.351602 0.179394 
0.029063 -0.981592 0.188765 1.799106 
0.000000 0.000000 0.000000 1.000000 

palm.l.012
-0.654185 -0.025099 -0.755918 -1.343287 
0.747711 0.129029 -0.651367 0.177824 
0.113884 -0.991323 -0.065642 1.760509 
0.000000 0.000000 0.000000 1.000000 

palm.l.013
0.135721 -0.117966 -0.983699 -1.227684 
0.587063 0.809382 -0.016065 0.319806 
0.798083 -0.575313 0.179104 1.989377 
0.000000 0.000000 0.000000 1.000000 

palm.l.014
-0.348472 -0.374047 -0.859451 -1.237921 
0.861558 0.233314 -0.450868 0.390048 
0.369168 -0.897582 0.240961 1.939450 
0.000000 0.000000 0.000000 1.000000 

palm.l.015
-0.497131 -0.376759 -0.781610 -1.263892 
0.600961 0.500256 -0.623370 0.406247 
0.625865 -0.779613 -0.022274 1.877128 
0.000000 0.000000 0.000000 1.000000 

neck
0.999608 0.028004 -0.000047 -0.006362 
-0.003356 0.118114 -0.992994 0.278785 
-0.027802 0.992605 0.118162 2.892607 
0.000000 0.000000 0.000000 1.000000 

head
1.000000 0.000001 0.000001 -0.000000 
0.000000 0.196116 -0.980581 0.305621 
-0.000001 0.980581 0.196116 3.118128 
0.000000 0.000000 0.000000 1.000000 

ass
-1.000000 0.000000 0.000000 -0.000000 
-0.000000 -0.169391 -0.985549 0.430855 
0.000000 -0.985549 0.169391 2.022335 
0.000000 0.000000 0.000000 1.000000 

leg_start.r
0.000000 0.957212 0.289390 -0.000000 
-1.000000 0.000000 0.000000 0.381656 
-0.000000 -0.289390 0.957212 1.736087 
0.000000 0.000000 0.000000 1.000000 

hip_up.r
-0.965165 0.204652 0.163012 0.227988 
-0.151208 0.072157 -0.985865 0.381656 
-0.213522 -0.976172 -0.038698 1.667160 
0.000000 0.000000 0.000000 1.000000 

hip_dwn.r
0.145270 0.154093 0.977319 0.287621 
-0.989222 0.040918 0.140588 0.402682 
-0.018327 -0.987209 0.158376 1.382714 
0.000000 0.000000 0.000000 1.000000 

leg.r
-0.959825 0.239148 0.146778 0.337399 
-0.190755 -0.172489 -0.966364 0.415900 
-0.205786 -0.955540 0.211178 1.063805 
0.000000 0.000000 0.000000 1.000000 

leg.r.001
0.970049 0.201507 -0.135647 0.527921 
0.119454 0.090508 0.988706 0.278483 
0.211508 -0.975296 0.063726 0.302557 
0.000000 0.000000 0.000000 1.000000 

leg.r.002
0.982288 0.174482 -0.068308 0.567057 
-0.103452 0.808957 0.578693 0.296061 
0.156230 -0.561377 0.812679 0.113140 
0.000000 0.000000 0.000000 1.000000 

leg.r.003
0.990470 0.133772 -0.032767 0.593345 
-0.118817 0.950259 0.287906 0.417943 
0.069651 -0.281269 0.957098 0.028560 
0.000000 0.000000 0.000000 1.000000 

leg_start.l
-0.000000 -0.957211 0.289390 -0.000000 
-1.000000 0.000000 -0.000000 0.381656 
0.000000 -0.289390 -0.957211 1.736087 
0.000000 0.000000 0.000000 1.000000 

hip_up.l
-0.973916 -0.226346 -0.015944 -0.227988 
-0.000391 0.071938 -0.997409 0.381656 
0.226907 -0.971387 -0.070150 1.667160 
0.000000 0.000000 0.000000 1.000000 

hip_dwn.l
-0.002376 -0.171878 -0.985115 -0.293943 
0.998743 0.048906 -0.010941 0.402618 
0.050058 -0.983904 0.171546 1.384108 
0.000000 0.000000 0.000000 1.000000 

leg.l
-0.974588 -0.224001 0.000635 -0.349466 
0.039736 -0.175669 -0.983647 0.418416 
0.220449 -0.958626 0.180106 1.066267 
0.000000 0.000000 0.000000 1.000000 

leg.l.001
0.974077 -0.225940 -0.011202 -0.527921 
0.032437 0.090494 0.995368 0.278466 
-0.223879 -0.969929 0.095477 0.302559 
0.000000 0.000000 0.000000 1.000000 

leg.l.002
0.953969 -0.299823 -0.006960 -0.571802 
0.252830 0.791530 0.556379 0.296041 
-0.161306 -0.532528 0.830900 0.114185 
0.000000 0.000000 0.000000 1.000000 

leg.l.003
0.960967 -0.276646 0.002862 -0.616975 
0.266487 0.928357 0.259107 0.415297 
-0.074338 -0.248230 0.965845 0.033951 
0.000000 0.000000 0.000000 1.000000 

Frame 2
base
1.000000 0.000000 0.000000 0.000000 
0.000000 0.000000 -1.000000 0.000000 
0.000000 1.000000 0.000000 0.000000 
0.000000 0.000000 0.000000 1.000000 

holder
1.000000 -0.000000 -0.000000 -0.000000 
-0.000000 0.999960 -0.008906 -0.581564 
0.000000 0.008906 0.999960 2.013318 
0.000000 0.000000 0.000000 1.000000 

torso
1.000000 -0.000000 0.000001 -0.000000 
0.000001 -0.014083 -0.999901 0.430855 
0.000000 0.999901 -0.014083 2.022335 
0.000000 0.000000 0.000000 1.000000 

chest_bottom
-1.000000 -0.000000 0.000000 -0.000000 
0.000000 -0.418144 0.908381 0.426382 
0.000000 0.908381 0.418144 2.339891 
0.000000 0.000000 0.000000 1.000000 

chest_up
-0.998475 0.023426 0.049999 -0.000000 
0.048362 -0.065869 0.996656 0.296676 
0.026641 0.997553 0.064636 2.621667 
0.000000 0.000000 0.000000 1.000000 

shoulder.r
0.002329 0.957508 0.288397 0.006362 
-0.999968 -0.000000 0.008075 0.278785 
0.007732 -0.288406 0.957477 2.892607 
0.000000 0.000000 0.000000 1.000000 

shoulder_up.r
-0.728435 0.534422 0.428690 0.534446 
-0.658667 -0.374101 -0.652845 0.278785 
-0.188522 -0.757919 0.624514 2.733546 
0.000000 0.000000 0.000000 1.000000 

shoulder_btm.r
-0.699282 0.585550 0.410044 0.682946 
-0.669823 -0.336372 -0.661960 0.174834 
-0.249683 -0.737553 0.627434 2.522942 
0.000000 0.000000 0.000000 1.000000 

arm_up.r
-0.157779 0.837006 0.523953 0.871126 
-0.676196 0.295099 -0.675038 0.066733 
-0.719629 -0.460802 0.519419 2.285912 
0.000000 0.000000 0.000000 1.000000 

arm_btm.r
-0.372185 0.611273 0.698444 1.135221 
-0.703549 0.305022 -0.641857 0.159843 
-0.605390 -0.730279 0.316536 2.140518 
0.000000 0.000000 0.000000 1.000000 

palm.r
0.652090 0.647151 0.394935 1.253564 
-0.690795 0.292542 0.661228 0.218896 
0.312380 -0.703999 0.637812 1.999136 
0.000000 0.000000 0.000000 1.000000 

palm.r.001
-0.197903 0.431443 0.880166 1.384922 
-0.825996 0.410079 -0.386737 0.278276 
-0.527792 -0.803550 0.275215 1.856239 
0.000000 0.000000 0.000000 1.000000 

palm.r.002
-0.180163 0.309106 0.933807 1.413304 
-0.841853 0.442556 -0.308915 0.305252 
-0.508749 -0.841783 0.180489 1.803378 
0.000000 0.000000 0.000000 1.000000 

palm.r.003
-0.527824 0.303074 0.793440 1.431756 
-0.685600 0.399387 -0.608640 0.331671 
-0.501354 -0.865237 -0.003018 1.753127 
0.000000 0.000000 0.000000 1.000000 

palm.r.004
-0.120770 0.405002 0.906304 1.401339 
-0.738149 0.573815 -0.354784 0.322370 
-0.663740 -0.711835 0.229653 1.895501 
0.000000 0.000000 0.000000 1.000000 

palm.r.005
-0.120968 0.298399 0.946744 1.424248 
-0.739360 0.609308 -0.286515 0.354827 
-0.662354 -0.734644 0.146918 1.855236 
0.000000 0.000000 0.000000 1.000000 

palm.r.006
-0.460988 0.291477 0.838171 1.442061 
-0.570681 0.625930 -0.531540 0.391201 
-0.679568 -0.723362 -0.122205 1.811380 
0.000000 0.000000 0.000000 1.000000 

palm.r.007
-0.338515 0.212717 0.916602 1.386152 
-0.897876 0.218367 -0.382275 0.221362 
-0.281473 -0.952401 0.117073 1.845692 
0.000000 0.000000 0.000000 1.000000 

palm.r.008
-0.301547 0.187661 0.934801 1.399256 
-0.915909 0.215401 -0.338694 0.234814 
-0.264917 -0.958324 0.106927 1.787021 
0.000000 0.000000 0.000000 1.000000 

palm.r.009
-0.618569 0.176055 0.765752 1.409618 
-0.737231 0.207051 -0.643133 0.246707 
-0.271777 -0.962358 0.001718 1.734109 
0.000000 0.000000 0.000000 1.000000 

palm.r.010
-0.382718 0.150795 0.911476 1.352548 
-0.922077 -0.123708 -0.366702 0.173392 
0.057460 -0.980794 0.186391 1.848318 
0.000000 0.000000 0.000000 1.000000 

palm.r.011
-0.339277 0.177941 0.923703 1.360013 
-0.940476 -0.084937 -0.329075 0.167267 
0.019900 -0.980368 0.196167 1.799760 
0.000000 0.000000 0.000000 1.000000 

palm.r.012
-0.644292 0.013743 0.764656 1.367010 
-0.761494 0.081050 -0.643084 0.163928 
-0.070814 -0.996615 -0.041755 1.761211 
0.000000 0.000000 0.000000 1.000000 

palm.r.013
0.149758 -0.045556 0.987673 1.251546 
-0.351490 0.931231 0.096248 0.315221 
-0.924136 -0.361571 0.123447 1.984105 
0.000000 0.000000 0.000000 1.000000 

palm.r.014
-0.178979 0.267943 0.946664 1.247593 
-0.355827 0.879438 -0.316189 0.396037 
-0.917253 -0.393440 -0.062059 1.952727 
0.000000 0.000000 0.000000 1.000000 

palm.r.015
-0.392633 0.220838 0.892787 1.266197 
-0.023786 0.967980 -0.249898 0.457099 
-0.919387 -0.119355 -0.374808 1.925409 
0.000000 0.000000 0.000000 1.000000 

shoulder.l
0.002329 -0.957508 -0.288397 0.006362 
0.999968 -0.000000 0.008075 0.278785 
-0.007732 -0.288407 0.957477 2.892607 
0.000000 0.000000 0.000000 1.000000 

shoulder_up.l
-0.756519 -0.503969 -0.416766 -0.521721 
0.627484 -0.379847 -0.679692 0.278785 
0.184236 -0.775714 0.603594 2.733546 
0.000000 0.000000 0.000000 1.000000 

shoulder_btm.l
-0.728526 -0.556897 -0.398893 -0.661759 
0.639579 -0.344429 -0.687247 0.173237 
0.245335 -0.755800 0.607105 2.517997 
0.000000 0.000000 0.000000 1.000000 

arm_up.l
-0.159867 -0.845753 -0.509062 -0.840731 
0.638193 0.304875 -0.706937 0.062547 
0.753095 -0.437896 0.491015 2.275103 
0.000000 0.000000 0.000000 1.000000 

arm_btm.l
-0.375824 -0.622960 -0.686060 -1.107586 
0.667903 0.331113 -0.666536 0.158742 
0.642388 -0.708721 0.291637 2.136937 
0.000000 0.000000 0.000000 1.000000 

palm.l
0.639067 -0.658388 -0.397642 -1.228191 
0.714535 0.316854 0.623734 0.222846 
-0.284665 -0.682737 0.672931 1.999728 
0.000000 0.000000 0.000000 1.000000 

palm.l.001
-0.204087 -0.445387 -0.871768 -1.361830 
0.796489 0.442203 -0.412385 0.287160 
0.569169 -0.778516 0.264498 1.861147 
0.000000 0.000000 0.000000 1.000000 

palm.l.002
-0.186768 -0.323917 -0.927467 -1.391129 
0.813506 0.478271 -0.330855 0.316250 
0.550750 -0.816293 0.174182 1.809933 
0.000000 0.000000 0.000000 1.000000 

palm.l.003
-0.532254 -0.317519 -0.784785 -1.410466 
0.652751 0.436382 -0.619263 0.344802 
0.539094 -0.841874 -0.025005 1.761203 
0.000000 0.000000 0.000000 1.000000 

palm.l.004
-0.124336 -0.420314 -0.898820 -1.378463 
0.703291 0.601671 -0.378647 0.329057 
0.699944 -0.679211 0.220794 1.902660 
0.000000 0.000000 0.000000 1.000000 

palm.l.005
-0.124565 -0.314461 -0.941062 -1.402238 
0.704565 0.639775 -0.307045 0.363090 
0.698621 -0.701287 0.141864 1.864241 
0.000000 0.000000 0.000000 1.000000 

palm.l.006
-0.461983 -0.307658 -0.831816 -1.421010 
0.530319 0.655930 -0.537139 0.401283 
0.710868 -0.689277 -0.139872 1.822376 
0.000000 0.000000 0.000000 1.000000 

palm.l.007
-0.348215 -0.225521 -0.909883 -1.362367 
0.878163 0.261131 -0.400799 0.230813 
0.327987 -0.938590 0.107115 1.847860 
0.000000 0.000000 0.000000 1.000000 

palm.l.008
-0.311676 -0.200489 -0.928797 -1.376260 
0.897513 0.258820 -0.357047 0.246899 
0.311975 -0.944890 0.099274 1.790039 
0.000000 0.000000 0.000000 1.000000 

palm.l.009
-0.626065 -0.188808 -0.756568 -1.387330 
0.714118 0.250846 -0.653538 0.261190 
0.313175 -0.949435 -0.022214 1.737869 
0.000000 0.000000 0.000000 1.000000 

palm.l.010
-0.396226 -0.159086 -0.904266 -1.328066 
0.918110 -0.078230 -0.388529 0.183266 
-0.008931 -0.984160 0.177055 1.847830 
0.000000 0.000000 0.000000 1.000000 

palm.l.011
-0.352665 -0.186769 -0.916921 -1.335942 
0.935298 -0.039923 -0.351602 0.179393 
0.029062 -0.981592 0.188765 1.799105 
0.000000 0.000000 0.000000 1.000000 

palm.l.012
-0.654185 -0.025098 -0.755918 -1.343286 
0.747711 0.129028 -0.651367 0.177823 
0.113883 -0.991323 -0.065642 1.760508 
0.000000 0.000000 0.000000 1.000000 

palm.l.013
0.135720 -0.117966 -0.983699 -1.227684 
0.587063 0.809382 -0.016065 0.319806 
0.798083 -0.575314 0.179103 1.989377 
0.000000 0.000000 0.000000 1.000000 

palm.l.014
-0.348472 -0.374047 -0.859451 -1.237921 
0.861558 0.233313 -0.450868 0.390047 
0.369167 -0.897582 0.240960 1.939449 
0.000000 0.000000 0.000000 1.000000 

palm.l.015
-0.497131 -0.376759 -0.781609 -1.263892 
0.600961 0.500255 -0.623371 0.406247 
0.625864 -0.779614 -0.022274 1.877128 
0.000000 0.000000 0.000000 1.000000 

neck
0.999608 0.028004 -0.000047 -0.006362 
-0.003356 0.118114 -0.992994 0.278785 
-0.027802 0.992605 0.118162 2.892607 
0.000000 0.000000 0.000000 1.000000 

head
1.000000 0.000011 0.000001 -0.000000 
-0.000002 0.196116 -0.980581 0.305621 
-0.000011 0.980581 0.196116 3.118128 
0.000000 0.000000 0.000000 1.000000 

ass
-1.000000 0.000000 0.000000 -0.000000 
-0.000000 -0.169391 -0.985549 0.430855 
0.000000 -0.985549 0.169391 2.022335 
0.000000 0.000000 0.000000 1.000000 

leg_start.r
0.000000 0.957212 0.289390 -0.000000 
-1.000000 0.000000 0.000000 0.381656 
-0.000000 -0.289390 0.957212 1.736087 
0.000000 0.000000 0.000000 1.000000 

hip_up.r
-0.965165 0.204652 0.163012 0.227988 
-0.151208 0.072157 -0.985865 0.381656 
-0.213522 -0.976172 -0.038698 1.667160 
0.000000 0.000000 0.000000 1.000000 

hip_dwn.r
0.145270 0.154093 0.977319 0.287621 
-0.989222 0.040918 0.140588 0.402682 
-0.018327 -0.987209 0.158376 1.382714 
0.000000 0.000000 0.000000 1.000000 

leg.r
-0.959825 0.239148 0.146778 0.337399 
-0.190755 -0.172489 -0.966364 0.415900 
-0.205786 -0.955540 0.211178 1.063805 
0.000000 0.000000 0.000000 1.000000 

leg.r.001
0.970049 0.201507 -0.135647 0.527921 
0.119454 0.090508 0.988706 0.278483 
0.211508 -0.975296 0.063726 0.302557 
0.000000 0.000000 0.000000 1.000000 

leg.r.002
0.982288 0.174482 -0.068308 0.567057 
-0.103452 0.808957 0.578693 0.296061 
0.156230 -0.561377 0.812679 0.113140 
0.000000 0.000000 0.000000 1.000000 

leg.r.003
0.990470 0.133772 -0.032767 0.593345 
-0.118817 0.950259 0.287906 0.417943 
0.069651 -0.281269 0.957098 0.028560 
0.000000 0.000000 0.000000 1.000000 

leg_start.l
-0.000000 -0.957211 0.289390 -0.000000 
-1.000000 0.000000 -0.000000 0.381656 
0.000000 -0.289390 -0.957211 1.736087 
0.000000 0.000000 0.000000 1.000000 

hip_up.l
-0.973916 -0.226346 -0.015944 -0.227988 
-0.000391 0.071938 -0.997409 0.381656 
0.226907 -0.971387 -0.070150 1.667160 
0.000000 0.000000 0.000000 1.000000 

hip_dwn.l
-0.002376 -0.171878 -0.985115 -0.293943 
0.998743 0.048906 -0.010941 0.402618 
0.050058 -0.983904 0.171546 1.384108 
0.000000 0.000000 0.000000 1.000000 

leg.l
-0.974588 -0.224001 0.000631 -0.349466 
0.039736 -0.175655 -0.983649 0.418416 
0.220449 -0.958629 0.180092 1.066267 
0.000000 0.000000 0.000000 1.000000 

leg.l.001
0.974077 -0.225939 -0.011199 -0.527921 
0.032437 0.090508 0.995367 0.278477 
-0.223878 -0.969928 0.095491 0.302557 
0.000000 0.000000 0.000000 1.000000 

leg.l.002
0.953970 -0.299821 -0.006959 -0.571802 
0.252829 0.791538 0.556367 0.296055 
-0.161302 -0.532517 0.830908 0.114183 
0.000000 0.000000 0.000000 1.000000 

leg.l.003
0.960968 -0.276643 0.002862 -0.616974 
0.266485 0.928362 0.259093 0.415313 
-0.074333 -0.248217 0.965848 0.033951 
0.000000 0.000000 0.000000 1.000000 

Frame 3
base
1.000000 0.000000 0.000000 0.000000 
0.000000 0.000000 -1.000000 0.000000 
0.000000 1.000000 0.000000 0.000000 
0.000000 0.000000 0.000000 1.000000 

holder
1.000000 -0.000000 -0.000000 -0.000000 
-0.000000 0.999960 -0.008906 -0.581564 
0.000000 0.008906 0.999960 2.013318 
0.000000 0.000000 0.000000 1.000000 

torso
1.000000 -0.000000 0.000001 -0.000000 
0.000001 -0.014083 -0.999901 0.430855 
0.000000 0.999901 -0.014083 2.022335 
0.000000 0.000000 0.000000 1.000000 

chest_bottom
-1.000000 -0.000000 0.000000 -0.000000 
0.000000 -0.418144 0.908381 0.426382 
0.000000 0.908381 0.418144 2.339891 
0.000000 0.000000 0.000000 1.000000 

chest_up
-0.998475 0.023426 0.049999 -0.000000 
0.048362 -0.065869 0.996656 0.296676 
0.026641 0.997553 0.064636 2.621667 
0.000000 0.000000 0.000000 1.000000 

shoulder.r
0.002329 0.957508 0.288397 0.006362 
-0.999968 -0.000000 0.008075 0.278785 
0.007732 -0.288406 0.957477 2.892607 
0.000000 0.000000 0.000000 1.000000 

shoulder_up.r
-0.728435 0.534422 0.428690 0.534446 
-0.658667 -0.374101 -0.652845 0.278785 
-0.188522 -0.757919 0.624514 2.733546 
0.000000 0.000000 0.000000 1.000000 

shoulder_btm.r
-0.699282 0.585550 0.410044 0.682946 
-0.669823 -0.336372 -0.661960 0.174834 
-0.249683 -0.737553 0.627434 2.522942 
0.000000 0.000000 0.000000 1.000000 

arm_up.r
-0.157779 0.837006 0.523953 0.871126 
-0.676196 0.295099 -0.675038 0.066733 
-0.719629 -0.460802 0.519419 2.285912 
0.000000 0.000000 0.000000 1.000000 

arm_btm.r
-0.372185 0.611273 0.698444 1.135221 
-0.703549 0.305022 -0.641857 0.159843 
-0.605390 -0.730279 0.316536 2.140518 
0.000000 0.000000 0.000000 1.000000 

palm.r
0.652090 0.647151 0.394935 1.253564 
-0.690795 0.292542 0.661228 0.218896 
0.312380 -0.703999 0.637812 1.999136 
0.000000 0.000000 0.000000 1.000000 

palm.r.001
-0.197903 0.431443 0.880166 1.384922 
-0.825996 0.410079 -0.386737 0.278276 
-0.527792 -0.803550 0.275215 1.856239 
0.000000 0.000000 0.000000 1.000000 

palm.r.002
-0.180163 0.309105 0.933807 1.413304 
-0.841853 0.442556 -0.308915 0.305252 
-0.508749 -0.841783 0.180489 1.803378 
0.000000 0.000000 0.000000 1.000000 

palm.r.003
-0.527824 0.303074 0.793440 1.431756 
-0.685600 0.399387 -0.608641 0.331671 
-0.501353 -0.865237 -0.003019 1.753127 
0.000000 0.000000 0.000000 1.000000 

palm.r.004
-0.120770 0.405002 0.906304 1.401339 
-0.738149 0.573815 -0.354784 0.322370 
-0.663740 -0.711835 0.229653 1.895501 
0.000000 0.000000 0.000000 1.000000 

palm.r.005
-0.120968 0.298400 0.946744 1.424248 
-0.739360 0.609308 -0.286515 0.354827 
-0.662354 -0.734644 0.146918 1.855236 
0.000000 0.000000 0.000000 1.000000 

palm.r.006
-0.460988 0.291477 0.838171 1.442061 
-0.570681 0.625930 -0.531540 0.391201 
-0.679568 -0.723362 -0.122205 1.811380 
0.000000 0.000000 0.000000 1.000000 

palm.r.007
-0.338515 0.212717 0.916602 1.386152 
-0.897876 0.218367 -0.382275 0.221362 
-0.281473 -0.952401 0.117073 1.845692 
0.000000 0.000000 0.000000 1.000000 

palm.r.008
-0.301547 0.187661 0.934801 1.399256 
-0.915909 0.215401 -0.338694 0.234814 
-0.264917 -0.958324 0.106927 1.787021 
0.000000 0.000000 0.000000 1.000000 

palm.r.009
-0.618568 0.176055 0.765752 1.409618 
-0.737231 0.207051 -0.643132 0.246707 
-0.271777 -0.962358 0.001718 1.734109 
0.000000 0.000000 0.000000 1.000000 

palm.r.010
-0.382718 0.150796 0.911476 1.352548 
-0.922077 -0.123709 -0.366702 0.173392 
0.057460 -0.980794 0.186391 1.848318 
0.000000 0.000000 0.000000 1.000000 

palm.r.011
-0.339277 0.177942 0.923703 1.360013 
-0.940476 -0.084937 -0.329075 0.167267 
0.019900 -0.980368 0.196167 1.799760 
0.000000 0.000000 0.000000 1.000000 

palm.r.012
-0.644292 0.013743 0.764656 1.367010 
-0.761495 0.081050 -0.643084 0.163928 
-0.070814 -0.996615 -0.041755 1.761211 
0.000000 0.000000 0.000000 1.000000 

palm.r.013
0.149758 -0.045556 0.987673 1.251546 
-0.351490 0.931231 0.096248 0.315221 
-0.924136 -0.361571 0.123447 1.984105 
0.000000 0.000000 0.000000 1.000000 

palm.r.014
-0.178979 0.267943 0.946664 1.247593 
-0.355828 0.879438 -0.316189 0.396037 
-0.917253 -0.393440 -0.062059 1.952727 
0.000000 0.000000 0.000000 1.000000 

palm.r.015
-0.392633 0.220838 0.892787 1.266197 
-0.023787 0.967980 -0.249898 0.457098 
-0.919387 -0.119355 -0.374808 1.925409 
0.000000 0.000000 0.000000 1.000000 

shoulder.l
0.002329 -0.957508 -0.288397 0.006362 
0.999968 -0.000000 0.008075 0.278785 
-0.007732 -0.288407 0.957477 2.892607 
0.000000 0.000000 0.000000 1.000000 

shoulder_up.l
-0.756519 -0.503969 -0.416766 -0.521721 
0.627484 -0.379847 -0.679692 0.278785 
0.184236 -0.775714 0.603594 2.733546 
0.000000 0.000000 0.000000 1.000000 

shoulder_btm.l
-0.728526 -0.556897 -0.398893 -0.661759 
0.639579 -0.344429 -0.687247 0.173237 
0.245335 -0.755800 0.607105 2.517997 
0.000000 0.000000 0.000000 1.000000 

arm_up.l
-0.159867 -0.845753 -0.509062 -0.840731 
0.638194 0.304875 -0.706937 0.062547 
0.753094 -0.437896 0.491015 2.275103 
0.000000 0.000000 0.000000 1.000000 

arm_btm.l
-0.375824 -0.622960 -0.686060 -1.107586 
0.667903 0.331112 -0.666536 0.158742 
0.642388 -0.708721 0.291637 2.136937 
0.000000 0.000000 0.000000 1.000000 

palm.l
0.639067 -0.658387 -0.397643 -1.228191 
0.714535 0.316853 0.623734 0.222846 
-0.284665 -0.682737 0.672931 1.999728 
0.000000 0.000000 0.000000 1.000000 

palm.l.001
-0.204087 -0.445386 -0.871768 -1.361830 
0.796489 0.442202 -0.412386 0.287160 
0.569168 -0.778517 0.264498 1.861147 
0.000000 0.000000 0.000000 1.000000 

palm.l.002
-0.186769 -0.323916 -0.927467 -1.391129 
0.813506 0.478271 -0.330855 0.316250 
0.550750 -0.816294 0.174182 1.809933 
0.000000 0.000000 0.000000 1.000000 

palm.l.003
-0.532254 -0.317519 -0.784785 -1.410466 
0.652751 0.436381 -0.619264 0.344801 
0.539093 -0.841875 -0.025005 1.761203 
0.000000 0.000000 0.000000 1.000000 

palm.l.004
-0.124336 -0.420314 -0.898820 -1.378463 
0.703292 0.601671 -0.378647 0.329057 
0.699944 -0.679212 0.220794 1.902659 
0.000000 0.000000 0.000000 1.000000 

palm.l.005
-0.124566 -0.314461 -0.941062 -1.402237 
0.704565 0.639775 -0.307045 0.363090 
0.698621 -0.701287 0.141864 1.864240 
0.000000 0.000000 0.000000 1.000000 

palm.l.006
-0.461984 -0.307658 -0.831816 -1.421010 
0.530319 0.655930 -0.537139 0.401282 
0.710867 -0.689277 -0.139872 1.822376 
0.000000 0.000000 0.000000 1.000000 

palm.l.007
-0.348215 -0.225521 -0.909883 -1.362367 
0.878163 0.261131 -0.400799 0.230812 
0.327987 -0.938590 0.107115 1.847860 
0.000000 0.000000 0.000000 1.000000 

palm.l.008
-0.311676 -0.200488 -0.928796 -1.376260 
0.897513 0.258820 -0.357047 0.246899 
0.311975 -0.944890 0.099273 1.790039 
0.000000 0.000000 0.000000 1.000000 

palm.l.009
-0.626065 -0.188808 -0.756568 -1.387329 
0.714118 0.250845 -0.653538 0.261189 
0.313175 -0.949436 -0.022214 1.737869 
0.000000 0.000000 0.000000 1.000000 

palm.l.010
-0.396226 -0.159086 -0.904266 -1.328066 
0.918110 -0.078230 -0.388529 0.183266 
-0.008931 -0.984160 0.177055 1.847830 
0.000000 0.000000 0.000000 1.000000 

palm.l.011
-0.352666 -0.186769 -0.916921 -1.335942 
0.935298 -0.039923 -0.351602 0.179393 
0.029062 -0.981592 0.188765 1.799105 
0.000000 0.000000 0.000000 1.000000 

palm.l.012
-0.654186 -0.025098 -0.755918 -1.343286 
0.747711 0.129028 -0.651368 0.177823 
0.113882 -0.991323 -0.065642 1.760508 
0.000000 0.000000 0.000000 1.000000 

palm.l.013
0.135719 -0.117966 -0.983699 -1.227684 
0.587064 0.809381 -0.016066 0.319806 
0.798083 -0.575314 0.179103 1.989377 
0.000000 0.000000 0.000000 1.000000 

palm.l.014
-0.348473 -0.374046 -0.859451 -1.237921 
0.861558 0.233313 -0.450869 0.390047 
0.369167 -0.897582 0.240960 1.939449 
0.000000 0.000000 0.000000 1.000000 

palm.l.015
-0.497132 -0.376759 -0.781609 -1.263892 
0.600961 0.500254 -0.623371 0.406246 
0.625864 -0.779614 -0.022274 1.877128 
0.000000 0.000000 0.000000 1.000000 

neck
0.999608 0.028004 -0.000047 -0.006362 
-0.003356 0.118114 -0.992994 0.278785 
-0.027802 0.992605 0.118162 2.892607 
0.000000 0.000000 0.000000 1.000000 

head
1.000000 0.000041 0.000001 -0.000000 
-0.000008 0.196116 -0.980581 0.305621 
-0.000041 0.980581 0.196116 3.118128 
0.000000 0.000000 0.000000 1.000000 

ass
-1.000000 0.000000 0.000000 -0.000000 
-0.000000 -0.169391 -0.985549 0.430855 
0.000000 -0.985549 0.169391 2.022335 
0.000000 0.000000 0.000000 1.000000 

leg_start.r
0.000000 0.957212 0.289390 -0.000000 
