simple game object export addon
Bones 64
[
Frames 251
Frame 0
base
1.000000 0.000000 0.000000 0.000000 
0.000000 0.000000 -1.000000 0.000000 
0.000000 1.000000 0.000000 0.000000 
0.000000 0.000000 0.000000 1.000000 

holder
1.000000 0.000000 0.000000 -0.000000 
0.000000 0.999960 -0.008906 -0.581564 
0.000000 0.008906 0.999960 2.013318 
0.000000 0.000000 0.000000 1.000000 

torso
1.000000 -0.000000 0.000001 -0.000000 
0.000001 -0.014083 -0.999901 0.430855 
0.000000 0.999901 -0.014083 2.022335 
0.000000 0.000000 0.000000 1.000000 

chest_bottom
-1.000000 -0.000000 0.000000 -0.000000 
0.000000 -0.418144 0.908381 0.426382 
0.000000 0.908381 0.418144 2.339891 
0.000000 0.000000 0.000000 1.000000 

chest_up
-0.998475 0.023426 0.049999 -0.000000 
0.048362 -0.065869 0.996655 0.296676 
0.026641 0.997553 0.064636 2.621667 
0.000000 0.000000 0.000000 1.000000 

shoulder.r
0.002329 0.957508 0.288397 0.006362 
-0.999967 -0.000000 0.008075 0.278785 
0.007732 -0.288407 0.957477 2.892607 
0.000000 0.000000 0.000000 1.000000 

shoulder_up.r
-0.744417 0.523274 0.414763 0.534446 
-0.635986 -0.366455 -0.679141 0.278785 
-0.203385 -0.769347 0.605590 2.733546 
0.000000 0.000000 0.000000 1.000000 

shoulder_btm.r
-0.724497 0.575341 0.379588 0.679848 
-0.630448 -0.330501 -0.702356 0.176958 
-0.278640 -0.748165 0.602170 2.519767 
0.000000 0.000000 0.000000 1.000000 

arm_up.r
-0.201376 0.849796 0.487128 0.864748 
-0.618024 0.275598 -0.736269 0.070744 
-0.759930 -0.449324 0.469695 2.279326 
0.000000 0.000000 0.000000 1.000000 

arm_btm.r
-0.508819 0.623314 0.593786 1.132878 
-0.530767 0.315912 -0.786439 0.157702 
-0.677783 -0.715317 0.170093 2.137554 
0.000000 0.000000 0.000000 1.000000 

palm.r
0.539781 0.657647 0.525487 1.253553 
-0.826120 0.293897 0.480780 0.218863 
0.161745 -0.693631 0.701936 1.999068 
0.000000 0.000000 0.000000 1.000000 

palm.r.001
-0.354412 0.460714 0.813717 1.387041 
-0.690031 0.458424 -0.560093 0.278518 
-0.631070 -0.759994 0.155437 1.858275 
0.000000 0.000000 0.000000 1.000000 

palm.r.002
-0.338806 0.344061 0.875690 1.417349 
-0.711313 0.515535 -0.477764 0.308675 
-0.615828 -0.784759 0.070069 1.808280 
0.000000 0.000000 0.000000 1.000000 

palm.r.003
-0.654901 0.329954 0.679878 1.437888 
-0.505055 0.478134 -0.718545 0.339450 
-0.562160 -0.813952 -0.146485 1.761432 
0.000000 0.000000 0.000000 1.000000 

palm.r.004
-0.269304 0.465749 0.842943 1.412178 
-0.595132 0.607669 -0.525886 0.312670 
-0.757162 -0.643286 0.113534 1.902514 
0.000000 0.000000 0.000000 1.000000 

palm.r.005
-0.269645 0.365729 0.890805 1.438523 
-0.596500 0.662780 -0.452670 0.347042 
-0.755963 -0.653425 0.039441 1.866127 
0.000000 0.000000 0.000000 1.000000 

palm.r.006
-0.577141 0.362145 0.731956 1.460356 
-0.375448 0.678292 -0.631632 0.386608 
-0.725222 -0.639352 -0.255503 1.827120 
0.000000 0.000000 0.000000 1.000000 

palm.r.007
-0.494884 0.207160 0.843904 1.378319 
-0.776774 0.329852 -0.536489 0.224526 
-0.389502 -0.921023 -0.002322 1.839281 
0.000000 0.000000 0.000000 1.000000 

palm.r.008
-0.460802 0.181740 0.868695 1.391081 
-0.802833 0.331873 -0.495297 0.244846 
-0.378312 -0.925651 -0.007021 1.782543 
0.000000 0.000000 0.000000 1.000000 

palm.r.009
-0.743551 0.168748 0.647037 1.401116 
-0.577325 0.326216 -0.748518 0.263170 
-0.337385 -0.930111 -0.145136 1.731434 
0.000000 0.000000 0.000000 1.000000 

palm.r.010
-0.528643 0.087882 0.844283 1.337312 
-0.847007 0.010796 -0.531473 0.182692 
-0.055822 -0.996072 0.068730 1.836924 
0.000000 0.000000 0.000000 1.000000 

palm.r.011
-0.490454 0.121116 0.863010 1.341663 
-0.865883 0.044208 -0.498290 0.183226 
-0.098503 -0.991653 0.083190 1.787610 
0.000000 0.000000 0.000000 1.000000 

palm.r.012
-0.764744 -0.013586 0.644191 1.346426 
-0.628707 0.234592 -0.741414 0.184965 
-0.141050 -0.971999 -0.187944 1.748617 
0.000000 0.000000 0.000000 1.000000 

palm.r.013
0.051137 0.095866 0.994080 1.267036 
-0.219997 0.972012 -0.082421 0.315438 
-0.974159 -0.214480 0.070796 1.998773 
0.000000 0.000000 0.000000 1.000000 

palm.r.014
-0.273151 0.394751 0.877246 1.275356 
-0.173165 0.876851 -0.448492 0.399793 
-0.946257 -0.274414 -0.171155 1.980159 
0.000000 0.000000 0.000000 1.000000 

palm.r.015
-0.428268 0.374313 0.822482 1.302764 
0.184659 0.927220 -0.325827 0.460674 
-0.884583 0.012338 -0.466219 1.961106 
0.000000 0.000000 0.000000 1.000000 

shoulder.l
0.002329 -0.957508 -0.288397 0.006362 
0.999967 -0.000000 0.008075 0.278785 
-0.007732 -0.288407 0.957477 2.892607 
0.000000 0.000000 0.000000 1.000000 

shoulder_up.l
-0.913068 -0.385588 -0.132773 -0.521721 
0.220566 -0.193086 -0.956069 0.278785 
0.343012 -0.902242 0.261349 2.733546 
0.000000 0.000000 0.000000 1.000000 

shoulder_btm.l
-0.892596 -0.446259 0.064223 -0.628864 
0.023179 -0.187680 -0.981957 0.225132 
0.450261 -0.875002 0.177866 2.482839 
0.000000 0.000000 0.000000 1.000000 

arm_up.l
-0.312724 -0.948642 -0.047778 -0.772280 
0.087892 0.021185 -0.995905 0.164817 
0.945769 -0.315642 0.076753 2.201637 
0.000000 0.000000 0.000000 1.000000 

arm_btm.l
-0.532876 -0.807639 -0.252513 -1.071599 
0.055921 0.264148 -0.962860 0.171502 
0.844344 -0.527205 -0.095594 2.102044 
0.000000 0.000000 0.000000 1.000000 

palm.l
0.190568 -0.828143 -0.527127 -1.227959 
0.974320 0.225161 -0.001500 0.222641 
0.119930 -0.513304 0.849786 1.999977 
0.000000 0.000000 0.000000 1.000000 

palm.l.001
-0.452289 -0.713439 -0.535200 -1.396054 
0.267708 0.463815 -0.844516 0.268344 
0.850745 -0.525243 -0.018785 1.895787 
0.000000 0.000000 0.000000 1.000000 

palm.l.002
-0.447731 -0.629276 -0.635255 -1.442987 
0.296938 0.565488 -0.769449 0.298855 
0.843425 -0.533138 -0.066330 1.861234 
0.000000 0.000000 0.000000 1.000000 

palm.l.003
-0.679272 -0.608609 -0.410103 -1.480553 
0.014632 0.547468 -0.836699 0.332613 
0.733741 -0.574347 -0.362974 1.829408 
0.000000 0.000000 0.000000 1.000000 

palm.l.004
-0.319512 -0.748486 -0.581104 -1.423205 
0.177639 0.555064 -0.812618 0.274623 
0.930783 -0.362868 -0.044389 1.950365 
0.000000 0.000000 0.000000 1.000000 

palm.l.005
-0.320500 -0.676483 -0.663062 -1.465542 
0.179078 0.644094 -0.743690 0.306020 
0.930167 -0.357092 -0.085288 1.929839 
0.000000 0.000000 0.000000 1.000000 

palm.l.006
-0.535090 -0.675991 -0.506670 -1.505926 
-0.120066 0.654520 -0.746450 0.344470 
0.836219 -0.338584 -0.431391 1.908522 
0.000000 0.000000 0.000000 1.000000 

palm.l.007
-0.653529 -0.463348 -0.598506 -1.372964 
0.366069 0.498611 -0.785736 0.230634 
0.662491 -0.732595 -0.156239 1.858414 
0.000000 0.000000 0.000000 1.000000 

palm.l.008
-0.632807 -0.441338 -0.636221 -1.401508 
0.405177 0.511453 -0.757791 0.261350 
0.659839 -0.737318 -0.144831 1.813283 
0.000000 0.000000 0.000000 1.000000 

palm.l.009
-0.824775 -0.428181 -0.369335 -1.425876 
0.114732 0.512852 -0.850776 0.289589 
0.553700 -0.744073 -0.373861 1.772574 
0.000000 0.000000 0.000000 1.000000 

palm.l.010
-0.766499 -0.257822 -0.588223 -1.321265 
0.519464 0.289708 -0.803882 0.210491 
0.377671 -0.921736 -0.088131 1.839475 
0.000000 0.000000 0.000000 1.000000 

palm.l.011
-0.730191 -0.299118 -0.614288 -1.334029 
0.536916 0.304814 -0.786645 0.224834 
0.422543 -0.904222 -0.061970 1.793841 
0.000000 0.000000 0.000000 1.000000 

palm.l.012
-0.895888 -0.235790 -0.376546 -1.345791 
0.213239 0.515331 -0.830038 0.236820 
0.389761 -0.823916 -0.411399 1.758286 
0.000000 0.000000 0.000000 1.000000 

palm.l.013
-0.023300 -0.561697 -0.827015 -1.273251 
0.169664 0.813018 -0.556970 0.301683 
0.985227 -0.153292 0.076356 2.034754 
0.000000 0.000000 0.000000 1.000000 

palm.l.014
-0.639757 -0.574478 -0.510575 -1.321998 
0.335424 0.389017 -0.857996 0.372240 
0.691522 -0.720168 -0.056182 2.021451 
0.000000 0.000000 0.000000 1.000000 

palm.l.015
-0.611343 -0.679864 -0.405023 -1.361885 
-0.045879 0.541391 -0.839519 0.399250 
0.790035 -0.494652 -0.362167 1.971448 
0.000000 0.000000 0.000000 1.000000 

neck
0.999608 0.028004 -0.000047 -0.006362 
-0.003356 0.118114 -0.992994 0.278785 
-0.027802 0.992605 0.118162 2.892607 
0.000000 0.000000 0.000000 1.000000 

head
1.000000 -0.000000 0.000001 -0.000000 
0.000000 0.196116 -0.980581 0.305621 
-0.000000 0.980581 0.196116 3.118128 
0.000000 0.000000 0.000000 1.000000 

ass
-1.000000 0.000000 0.000000 -0.000000 
-0.000000 -0.169391 -0.985549 0.430855 
0.000000 -0.985549 0.169391 2.022335 
0.000000 0.000000 0.000000 1.000000 

leg_start.r
0.000000 0.957212 0.289390 -0.000000 
-1.000000 0.000000 0.000000 0.381656 
-0.000000 -0.289390 0.957212 1.736087 
0.000000 0.000000 0.000000 1.000000 

hip_up.r
-0.969748 0.206324 0.130460 0.227988 
-0.118261 0.070446 -0.990481 0.381656 
-0.213550 -0.975945 -0.043915 1.667160 
0.000000 0.000000 0.000000 1.000000 

hip_dwn.r
0.136007 0.154757 0.978546 0.288108 
-0.990511 0.040945 0.131194 0.402183 
-0.019763 -0.987104 0.158857 1.382780 
0.000000 0.000000 0.000000 1.000000 

leg.r
-0.956481 0.238270 0.168441 0.338101 
-0.212506 -0.173208 -0.961686 0.415410 
-0.199965 -0.955629 0.216304 1.063905 
0.000000 0.000000 0.000000 1.000000 

leg.r.001
0.968256 0.194911 -0.156492 0.527923 
0.141477 0.088797 0.985951 0.277420 
0.206069 -0.976793 0.058403 0.302585 
0.000000 0.000000 0.000000 1.000000 

leg.r.002
0.985006 0.154459 -0.076848 0.565778 
-0.081452 0.809037 0.582087 0.294666 
0.152081 -0.567100 0.809487 0.112878 
0.000000 0.000000 0.000000 1.000000 

leg.r.003
0.993106 0.112055 -0.034404 0.589050 
-0.097171 0.951155 0.293021 0.416560 
0.065558 -0.287657 0.955487 0.027436 
0.000000 0.000000 0.000000 1.000000 

leg_start.l
-0.000000 -0.957211 0.289390 -0.000000 
-1.000000 0.000000 -0.000000 0.381656 
0.000000 -0.289390 -0.957212 1.736087 
0.000000 0.000000 0.000000 1.000000 

hip_up.l
-0.973419 -0.228839 -0.009355 -0.227988 
-0.007553 0.072895 -0.997311 0.381656 
0.228906 -0.970731 -0.072686 1.667160 
0.000000 0.000000 0.000000 1.000000 

hip_dwn.l
-0.005614 -0.174243 -0.984687 -0.294669 
0.998629 0.050263 -0.014588 0.402897 
0.052035 -0.983419 0.173722 1.384299 
0.000000 0.000000 0.000000 1.000000 

leg.l
-0.975008 -0.222082 0.006168 -0.350957 
0.033554 -0.174641 -0.984060 0.419134 
0.219619 -0.959260 0.177728 1.066615 
0.000000 0.000000 0.000000 1.000000 

leg.l.001
0.974082 -0.225552 -0.017061 -0.527882 
0.038623 0.091533 0.995053 0.280003 
-0.222875 -0.969922 0.097872 0.302402 
0.000000 0.000000 0.000000 1.000000 

leg.l.002
0.952638 -0.303908 -0.010963 -0.571688 
0.258743 0.791068 0.554314 0.297780 
-0.159788 -0.530897 0.832235 0.114029 
0.000000 0.000000 0.000000 1.000000 

leg.l.003
0.959476 -0.281790 0.000456 -0.617476 
0.272230 0.927338 0.256778 0.416966 
-0.072780 -0.246248 0.966470 0.034041 
0.000000 0.000000 0.000000 1.000000 

Frame 1
base
1.000000 0.000000 0.000000 0.000000 
0.000000 0.000000 -1.000000 0.000000 
0.000000 1.000000 0.000000 0.000000 
0.000000 0.000000 0.000000 1.000000 

holder
1.000000 0.000000 0.000000 -0.000000 
0.000000 0.999960 -0.008906 -0.581564 
0.000000 0.008906 0.999960 2.013318 
0.000000 0.000000 0.000000 1.000000 

torso
1.000000 -0.000000 0.000001 -0.000000 
0.000001 -0.014083 -0.999901 0.430855 
0.000000 0.999901 -0.014083 2.022335 
0.000000 0.000000 0.000000 1.000000 

chest_bottom
-1.000000 -0.000000 0.000000 -0.000000 
0.000000 -0.418144 0.908381 0.426382 
0.000000 0.908381 0.418144 2.339891 
0.000000 0.000000 0.000000 1.000000 

chest_up
-0.998475 0.023426 0.049999 -0.000000 
0.048362 -0.065869 0.996655 0.296676 
0.026641 0.997553 0.064636 2.621667 
0.000000 0.000000 0.000000 1.000000 

shoulder.r
0.002329 0.957508 0.288397 0.006362 
-0.999967 -0.000000 0.008075 0.278785 
0.007732 -0.288407 0.957477 2.892607 
0.000000 0.000000 0.000000 1.000000 

shoulder_up.r
-0.728435 0.534422 0.428690 0.534446 
-0.658666 -0.374101 -0.652845 0.278785 
-0.188521 -0.757919 0.624514 2.733546 
0.000000 0.000000 0.000000 1.000000 

shoulder_btm.r
-0.699282 0.585550 0.410044 0.682946 
-0.669823 -0.336372 -0.661960 0.174834 
-0.249683 -0.737553 0.627434 2.522942 
0.000000 0.000000 0.000000 1.000000 

arm_up.r
-0.157779 0.837006 0.523954 0.871126 
-0.676196 0.295099 -0.675038 0.066733 
-0.719629 -0.460802 0.519419 2.285912 
0.000000 0.000000 0.000000 1.000000 

arm_btm.r
-0.372184 0.611273 0.698444 1.135221 
-0.703549 0.305022 -0.641857 0.159843 
-0.605390 -0.730279 0.316536 2.140518 
0.000000 0.000000 0.000000 1.000000 

palm.r
0.652090 0.647151 0.394934 1.253564 
-0.690794 0.292542 0.661228 0.218896 
0.312380 -0.703999 0.637812 1.999136 
0.000000 0.000000 0.000000 1.000000 

palm.r.001
-0.197902 0.431443 0.880166 1.384922 
-0.825997 0.410079 -0.386737 0.278276 
-0.527792 -0.803550 0.275215 1.856239 
0.000000 0.000000 0.000000 1.000000 

palm.r.002
-0.180163 0.309105 0.933807 1.413304 
-0.841853 0.442556 -0.308915 0.305252 
-0.508749 -0.841783 0.180489 1.803378 
0.000000 0.000000 0.000000 1.000000 

palm.r.003
-0.527824 0.303074 0.793440 1.431756 
-0.685600 0.399387 -0.608640 0.331671 
-0.501353 -0.865238 -0.003018 1.753126 
0.000000 0.000000 0.000000 1.000000 

palm.r.004
-0.120769 0.405002 0.906305 1.401339 
-0.738149 0.573815 -0.354784 0.322370 
-0.663740 -0.711835 0.229653 1.895501 
0.000000 0.000000 0.000000 1.000000 

palm.r.005
-0.120968 0.298399 0.946744 1.424248 
-0.739360 0.609308 -0.286515 0.354827 
-0.662354 -0.734644 0.146918 1.855236 
0.000000 0.000000 0.000000 1.000000 

palm.r.006
-0.460988 0.291477 0.838171 1.442061 
-0.570681 0.625930 -0.531540 0.391201 
-0.679568 -0.723362 -0.122205 1.811380 
0.000000 0.000000 0.000000 1.000000 

palm.r.007
-0.338515 0.212717 0.916602 1.386152 
-0.897876 0.218367 -0.382275 0.221362 
-0.281472 -0.952401 0.117073 1.845692 
0.000000 0.000000 0.000000 1.000000 

palm.r.008
-0.301547 0.187661 0.934801 1.399256 
-0.915909 0.215401 -0.338694 0.234814 
-0.264917 -0.958324 0.106927 1.787021 
0.000000 0.000000 0.000000 1.000000 

palm.r.009
-0.618568 0.176055 0.765753 1.409618 
-0.737232 0.207051 -0.643133 0.246707 
-0.271777 -0.962359 0.001718 1.734109 
0.000000 0.000000 0.000000 1.000000 

palm.r.010
-0.382717 0.150796 0.911476 1.352548 
-0.922077 -0.123709 -0.366702 0.173392 
0.057460 -0.980794 0.186391 1.848318 
0.000000 0.000000 0.000000 1.000000 

palm.r.011
-0.339277 0.177942 0.923703 1.360014 
-0.940476 -0.084937 -0.329075 0.167267 
0.019900 -0.980368 0.196167 1.799760 
0.000000 0.000000 0.000000 1.000000 

palm.r.012
-0.644292 0.013743 0.764656 1.367011 
-0.761494 0.081050 -0.643084 0.163928 
-0.070814 -0.996615 -0.041755 1.761211 
0.000000 0.000000 0.000000 1.000000 

palm.r.013
0.149758 -0.045556 0.987673 1.251546 
-0.351491 0.931231 0.096248 0.315221 
-0.924136 -0.361572 0.123447 1.984105 
0.000000 0.000000 0.000000 1.000000 

palm.r.014
-0.178979 0.267943 0.946664 1.247593 
-0.355828 0.879438 -0.316189 0.396037 
-0.917253 -0.393440 -0.062059 1.952727 
0.000000 0.000000 0.000000 1.000000 

palm.r.015
-0.392633 0.220838 0.892787 1.266197 
-0.023787 0.967980 -0.249898 0.457099 
-0.919388 -0.119355 -0.374808 1.925409 
0.000000 0.000000 0.000000 1.000000 

shoulder.l
0.002329 -0.957508 -0.288397 0.006362 
0.999967 -0.000000 0.008075 0.278785 
-0.007732 -0.288407 0.957477 2.892607 
0.000000 0.000000 0.000000 1.000000 

shoulder_up.l
-0.756519 -0.503969 -0.416766 -0.521721 
0.627484 -0.379847 -0.679692 0.278785 
0.184236 -0.775714 0.603594 2.733546 
0.000000 0.000000 0.000000 1.000000 

shoulder_btm.l
-0.728526 -0.556897 -0.398893 -0.661759 
0.639579 -0.344429 -0.687246 0.173237 
0.245335 -0.755800 0.607105 2.517998 
0.000000 0.000000 0.000000 1.000000 

arm_up.l
-0.159867 -0.845753 -0.509062 -0.840731 
0.638194 0.304875 -0.706937 0.062547 
0.753094 -0.437896 0.491015 2.275103 
0.000000 0.000000 0.000000 1.000000 

arm_btm.l
-0.375824 -0.622959 -0.686059 -1.107586 
0.667903 0.331112 -0.666536 0.158742 
0.642388 -0.708721 0.291637 2.136937 
0.000000 0.000000 0.000000 1.000000 

palm.l
0.639067 -0.658387 -0.397643 -1.228191 
0.714535 0.316853 0.623734 0.222846 
-0.284665 -0.682737 0.672931 1.999728 
0.000000 0.000000 0.000000 1.000000 

palm.l.001
-0.204088 -0.445386 -0.871768 -1.361830 
0.796490 0.442202 -0.412386 0.287160 
0.569168 -0.778517 0.264498 1.861147 
0.000000 0.000000 0.000000 1.000000 

palm.l.002
-0.186769 -0.323916 -0.927467 -1.391129 
0.813506 0.478271 -0.330855 0.316250 
0.550750 -0.816294 0.174182 1.809933 
0.000000 0.000000 0.000000 1.000000 

palm.l.003
-0.532254 -0.317519 -0.784785 -1.410466 
0.652751 0.436381 -0.619264 0.344801 
0.539093 -0.841875 -0.025005 1.761203 
0.000000 0.000000 0.000000 1.000000 

palm.l.004
-0.124336 -0.420314 -0.898820 -1.378463 
0.703292 0.601671 -0.378647 0.329057 
0.699944 -0.679212 0.220794 1.902660 
0.000000 0.000000 0.000000 1.000000 

palm.l.005
-0.124566 -0.314461 -0.941062 -1.402238 
0.704565 0.639774 -0.307045 0.363090 
0.698621 -0.701287 0.141864 1.864241 
0.000000 0.000000 0.000000 1.000000 

palm.l.006
-0.461984 -0.307658 -0.831816 -1.421010 
0.530319 0.655930 -0.537139 0.401282 
0.710867 -0.689277 -0.139872 1.822376 
0.000000 0.000000 0.000000 1.000000 

palm.l.007
-0.348215 -0.225521 -0.909883 -1.362367 
0.878164 0.261131 -0.400799 0.230812 
0.327987 -0.938590 0.107115 1.847860 
0.000000 0.000000 0.000000 1.000000 

palm.l.008
-0.311676 -0.200488 -0.928796 -1.376260 
0.897513 0.258820 -0.357047 0.246899 
0.311975 -0.944890 0.099273 1.790039 
0.000000 0.000000 0.000000 1.000000 

palm.l.009
-0.626065 -0.188808 -0.756568 -1.387329 
0.714118 0.250845 -0.653538 0.261189 
0.313175 -0.949436 -0.022214 1.737869 
0.000000 0.000000 0.000000 1.000000 

palm.l.010
-0.396226 -0.159086 -0.904266 -1.328066 
0.918110 -0.078230 -0.388529 0.183266 
-0.008931 -0.984160 0.177055 1.847830 
0.000000 0.000000 0.000000 1.000000 

palm.l.011
-0.352666 -0.186769 -0.916921 -1.335942 
0.935298 -0.039924 -0.351602 0.179393 
0.029062 -0.981592 0.188764 1.799106 
0.000000 0.000000 0.000000 1.000000 

palm.l.012
-0.654186 -0.025098 -0.755917 -1.343286 
0.747711 0.129028 -0.651368 0.177823 
0.113882 -0.991323 -0.065642 1.760508 
0.000000 0.000000 0.000000 1.000000 

palm.l.013
0.135719 -0.117966 -0.983699 -1.227684 
0.587064 0.809381 -0.016066 0.319805 
0.798083 -0.575314 0.179103 1.989377 
0.000000 0.000000 0.000000 1.000000 

palm.l.014
-0.348473 -0.374046 -0.859451 -1.237921 
0.861559 0.233313 -0.450869 0.390047 
0.369167 -0.897583 0.240960 1.939449 
0.000000 0.000000 0.000000 1.000000 

palm.l.015
-0.497132 -0.376759 -0.781609 -1.263892 
0.600962 0.500254 -0.623371 0.406246 
0.625864 -0.779614 -0.022274 1.877128 
0.000000 0.000000 0.000000 1.000000 

neck
0.999608 0.028004 -0.000047 -0.006362 
-0.003356 0.118114 -0.992994 0.278785 
-0.027802 0.992605 0.118162 2.892607 
0.000000 0.000000 0.000000 1.000000 

head
1.000000 0.000001 0.000001 -0.000000 
0.000000 0.196116 -0.980581 0.305621 
-0.000001 0.980581 0.196116 3.118128 
0.000000 0.000000 0.000000 1.000000 

ass
-1.000000 0.000000 0.000000 -0.000000 
-0.000000 -0.169391 -0.985549 0.430855 
0.000000 -0.985549 0.169391 2.022335 
0.000000 0.000000 0.000000 1.000000 

leg_start.r
0.000000 0.957212 0.289390 -0.000000 
-1.000000 0.000000 0.000000 0.381656 
-0.000000 -0.289390 0.957212 1.736087 
0.000000 0.000000 0.000000 1.000000 

hip_up.r
-0.965166 0.204652 0.163012 0.227988 
-0.151208 0.072157 -0.985865 0.381656 
-0.213522 -0.976172 -0.038698 1.667160 
0.000000 0.000000 0.000000 1.000000 

hip_dwn.r
0.145270 0.154093 0.977319 0.287621 
-0.989222 0.040918 0.140588 0.402682 
-0.018327 -0.987209 0.158376 1.382714 
0.000000 0.000000 0.000000 1.000000 

leg.r
-0.959825 0.239148 0.146778 0.337400 
-0.190755 -0.172489 -0.966364 0.415900 
-0.205786 -0.955540 0.211178 1.063805 
0.000000 0.000000 0.000000 1.000000 

leg.r.001
0.970049 0.201507 -0.135647 0.527921 
0.119455 0.090507 0.988706 0.278483 
0.211508 -0.975296 0.063726 0.302557 
0.000000 0.000000 0.000000 1.000000 

leg.r.002
0.982288 0.174482 -0.068308 0.567057 
-0.103452 0.808957 0.578693 0.296061 
0.156230 -0.561377 0.812680 0.113140 
0.000000 0.000000 0.000000 1.000000 

leg.r.003
0.990470 0.133772 -0.032767 0.593345 
-0.118817 0.950259 0.287906 0.417943 
0.069651 -0.281269 0.957098 0.028560 
0.000000 0.000000 0.000000 1.000000 

leg_start.l
-0.000000 -0.957211 0.289390 -0.000000 
-1.000000 0.000000 -0.000000 0.381656 
0.000000 -0.289390 -0.957212 1.736087 
0.000000 0.000000 0.000000 1.000000 

hip_up.l
-0.973916 -0.226346 -0.015944 -0.227988 
-0.000391 0.071938 -0.997409 0.381656 
0.226907 -0.971387 -0.070150 1.667160 
0.000000 0.000000 0.000000 1.000000 

hip_dwn.l
-0.002376 -0.171878 -0.985115 -0.293943 
0.998743 0.048906 -0.010941 0.402618 
0.050058 -0.983904 0.171546 1.384108 
0.000000 0.000000 0.000000 1.000000 

leg.l
-0.974589 -0.224001 0.000630 -0.349466 
0.039736 -0.175648 -0.983651 0.418416 
0.220449 -0.958630 0.180086 1.066267 
0.000000 0.000000 0.000000 1.000000 

leg.l.001
0.974077 -0.225938 -0.011198 -0.527921 
0.032437 0.090515 0.995367 0.278483 
-0.223878 -0.969927 0.095498 0.302556 
0.000000 0.000000 0.000000 1.000000 

leg.l.002
0.953970 -0.299819 -0.006958 -0.571802 
0.252829 0.791543 0.556361 0.296062 
-0.161300 -0.532512 0.830912 0.114182 
0.000000 0.000000 0.000000 1.000000 

leg.l.003
0.960969 -0.276642 0.002862 -0.616974 
0.266484 0.928364 0.259087 0.415320 
-0.074331 -0.248211 0.965850 0.033951 
0.000000 0.000000 0.000000 1.000000 

Frame 2
base
1.000000 0.000000 0.000000 0.000000 
0.000000 0.000000 -1.000000 0.000000 
0.000000 1.000000 0.000000 0.000000 
0.000000 0.000000 0.000000 1.000000 

holder
1.000000 0.000000 0.000000 -0.000000 
0.000000 0.999960 -0.008906 -0.581564 
0.000000 0.008906 0.999960 2.013318 
0.000000 0.000000 0.000000 1.000000 

torso
1.000000 -0.000000 0.000001 -0.000000 
0.000001 -0.014083 -0.999901 0.430855 
0.000000 0.999901 -0.014083 2.022335 
0.000000 0.000000 0.000000 1.000000 

chest_bottom
-1.000000 -0.000000 0.000000 -0.000000 
0.000000 -0.418144 0.908381 0.426382 
0.000000 0.908381 0.418144 2.339891 
0.000000 0.000000 0.000000 1.000000 

chest_up
-0.998475 0.023426 0.049999 -0.000000 
0.048362 -0.065869 0.996655 0.296676 
0.026641 0.997553 0.064636 2.621667 
0.000000 0.000000 0.000000 1.000000 

shoulder.r
0.002329 0.957508 0.288397 0.006362 
-0.999967 -0.000000 0.008075 0.278785 
0.007732 -0.288407 0.957477 2.892607 
0.000000 0.000000 0.000000 1.000000 

shoulder_up.r
-0.728435 0.534422 0.428690 0.534446 
-0.658666 -0.374101 -0.652845 0.278785 
-0.188521 -0.757919 0.624514 2.733546 
0.000000 0.000000 0.000000 1.000000 

shoulder_btm.r
-0.699282 0.585550 0.410044 0.682946 
-0.669823 -0.336372 -0.661960 0.174834 
-0.249683 -0.737553 0.627434 2.522942 
0.000000 0.000000 0.000000 1.000000 

arm_up.r
-0.157779 0.837006 0.523954 0.871126 
-0.676196 0.295099 -0.675038 0.066733 
-0.719629 -0.460802 0.519419 2.285912 
0.000000 0.000000 0.000000 1.000000 

arm_btm.r
-0.372184 0.611273 0.698444 1.135221 
-0.703549 0.305022 -0.641857 0.159843 
-0.605390 -0.730279 0.316536 2.140518 
0.000000 0.000000 0.000000 1.000000 

palm.r
0.652090 0.647151 0.394934 1.253564 
-0.690794 0.292542 0.661228 0.218896 
0.312380 -0.703999 0.637812 1.999136 
0.000000 0.000000 0.000000 1.000000 

palm.r.001
-0.197902 0.431443 0.880166 1.384922 
-0.825997 0.410079 -0.386737 0.278276 
-0.527792 -0.803550 0.275215 1.856239 
0.000000 0.000000 0.000000 1.000000 

palm.r.002
-0.180163 0.309105 0.933807 1.413304 
-0.841853 0.442556 -0.308915 0.305252 
-0.508749 -0.841783 0.180489 1.803378 
0.000000 0.000000 0.000000 1.000000 

palm.r.003
-0.527824 0.303074 0.793440 1.431756 
-0.685600 0.399387 -0.608640 0.331671 
-0.501353 -0.865238 -0.003018 1.753126 
0.000000 0.000000 0.000000 1.000000 

palm.r.004
-0.120769 0.405002 0.906305 1.401339 
-0.738149 0.573815 -0.354784 0.322370 
-0.663740 -0.711835 0.229653 1.895501 
0.000000 0.000000 0.000000 1.000000 

palm.r.005
-0.120968 0.298399 0.946744 1.424248 
-0.739360 0.609308 -0.286515 0.354827 
-0.662354 -0.734644 0.146918 1.855236 
0.000000 0.000000 0.000000 1.000000 

palm.r.006
-0.460988 0.291477 0.838171 1.442061 
-0.570681 0.625930 -0.531540 0.391201 
-0.679568 -0.723362 -0.122205 1.811380 
0.000000 0.000000 0.000000 1.000000 

palm.r.007
-0.338515 0.212717 0.916602 1.386152 
-0.897876 0.218367 -0.382275 0.221362 
-0.281472 -0.952401 0.117073 1.845692 
0.000000 0.000000 0.000000 1.000000 

palm.r.008
-0.301547 0.187661 0.934801 1.399256 
-0.915909 0.215401 -0.338694 0.234814 
-0.264917 -0.958324 0.106927 1.787021 
0.000000 0.000000 0.000000 1.000000 

palm.r.009
-0.618568 0.176055 0.765753 1.409618 
-0.737232 0.207051 -0.643133 0.246707 
-0.271777 -0.962359 0.001718 1.734109 
0.000000 0.000000 0.000000 1.000000 

palm.r.010
-0.382717 0.150796 0.911476 1.352548 
-0.922077 -0.123709 -0.366702 0.173392 
0.057460 -0.980794 0.186391 1.848318 
0.000000 0.000000 0.000000 1.000000 

palm.r.011
-0.339277 0.177942 0.923703 1.360014 
-0.940476 -0.084937 -0.329075 0.167267 
0.019900 -0.980368 0.196167 1.799760 
0.000000 0.000000 0.000000 1.000000 

palm.r.012
-0.644292 0.013743 0.764656 1.367011 
-0.761494 0.081050 -0.643084 0.163928 
-0.070814 -0.996615 -0.041755 1.761211 
0.000000 0.000000 0.000000 1.000000 

palm.r.013
0.149758 -0.045556 0.987673 1.251546 
-0.351491 0.931231 0.096248 0.315221 
-0.924136 -0.361572 0.123447 1.984105 
0.000000 0.000000 0.000000 1.000000 

palm.r.014
-0.178979 0.267943 0.946664 1.247593 
-0.355828 0.879438 -0.316189 0.396037 
-0.917253 -0.393440 -0.062059 1.952727 
0.000000 0.000000 0.000000 1.000000 

palm.r.015
-0.392633 0.220838 0.892787 1.266197 
-0.023787 0.967980 -0.249898 0.457099 
-0.919388 -0.119355 -0.374808 1.925409 
0.000000 0.000000 0.000000 1.000000 

shoulder.l
0.002329 -0.957508 -0.288397 0.006362 
0.999967 -0.000000 0.008075 0.278785 
-0.007732 -0.288407 0.957477 2.892607 
0.000000 0.000000 0.000000 1.000000 

shoulder_up.l
-0.756519 -0.503969 -0.416766 -0.521721 
0.627484 -0.379847 -0.679692 0.278785 
0.184236 -0.775714 0.603594 2.733546 
0.000000 0.000000 0.000000 1.000000 

shoulder_btm.l
-0.728526 -0.556897 -0.398893 -0.661759 
0.639579 -0.344429 -0.687246 0.173237 
0.245335 -0.755800 0.607105 2.517998 
0.000000 0.000000 0.000000 1.000000 

arm_up.l
-0.159867 -0.845753 -0.509062 -0.840731 
0.638194 0.304875 -0.706937 0.062547 
0.753094 -0.437896 0.491015 2.275103 
0.000000 0.000000 0.000000 1.000000 

arm_btm.l
-0.375824 -0.622959 -0.686059 -1.107586 
0.667903 0.331112 -0.666536 0.158742 
0.642388 -0.708721 0.291637 2.136937 
0.000000 0.000000 0.000000 1.000000 

palm.l
0.639067 -0.658387 -0.397643 -1.228191 
0.714535 0.316853 0.623734 0.222846 
-0.284665 -0.682737 0.672931 1.999728 
0.000000 0.000000 0.000000 1.000000 

palm.l.001
-0.204088 -0.445386 -0.871768 -1.361830 
0.796490 0.442202 -0.412386 0.287160 
0.569168 -0.778517 0.264498 1.861147 
0.000000 0.000000 0.000000 1.000000 

palm.l.002
-0.186769 -0.323916 -0.927467 -1.391129 
0.813506 0.478271 -0.330855 0.316250 
0.550750 -0.816294 0.174182 1.809933 
0.000000 0.000000 0.000000 1.000000 

palm.l.003
-0.532254 -0.317519 -0.784785 -1.410466 
0.652751 0.436381 -0.619264 0.344801 
0.539093 -0.841875 -0.025005 1.761203 
0.000000 0.000000 0.000000 1.000000 

palm.l.004
-0.124336 -0.420314 -0.898820 -1.378463 
0.703292 0.601671 -0.378647 0.329057 
0.699944 -0.679212 0.220794 1.902660 
0.000000 0.000000 0.000000 1.000000 

palm.l.005
-0.124566 -0.314461 -0.941062 -1.402238 
0.704565 0.639774 -0.307045 0.363090 
0.698621 -0.701287 0.141864 1.864241 
0.000000 0.000000 0.000000 1.000000 

palm.l.006
-0.461984 -0.307658 -0.831816 -1.421010 
0.530319 0.655930 -0.537139 0.401282 
0.710867 -0.689277 -0.139872 1.822376 
0.000000 0.000000 0.000000 1.000000 

palm.l.007
-0.348215 -0.225521 -0.909883 -1.362367 
0.878164 0.261131 -0.400799 0.230812 
0.327987 -0.938590 0.107115 1.847860 
0.000000 0.000000 0.000000 1.000000 

palm.l.008
-0.311676 -0.200488 -0.928796 -1.376260 
0.897513 0.258820 -0.357047 0.246899 
0.311975 -0.944890 0.099273 1.790039 
0.000000 0.000000 0.000000 1.000000 

palm.l.009
-0.626065 -0.188808 -0.756568 -1.387329 
0.714118 0.250845 -0.653538 0.261189 
0.313175 -0.949436 -0.022214 1.737869 
0.000000 0.000000 0.000000 1.000000 

palm.l.010
-0.396226 -0.159086 -0.904266 -1.328066 
0.918110 -0.078230 -0.388529 0.183266 
-0.008931 -0.984160 0.177055 1.847830 
0.000000 0.000000 0.000000 1.000000 

palm.l.011
-0.352666 -0.186769 -0.916921 -1.335942 
0.935298 -0.039924 -0.351602 0.179393 
0.029062 -0.981592 0.188764 1.799106 
0.000000 0.000000 0.000000 1.000000 

palm.l.012
-0.654186 -0.025098 -0.755917 -1.343286 
0.747711 0.129028 -0.651368 0.177823 
0.113882 -0.991323 -0.065642 1.760508 
0.000000 0.000000 0.000000 1.000000 

palm.l.013
0.135719 -0.117966 -0.983699 -1.227684 
0.587064 0.809381 -0.016066 0.319805 
0.798083 -0.575314 0.179103 1.989377 
0.000000 0.000000 0.000000 1.000000 

palm.l.014
-0.348473 -0.374046 -0.859451 -1.237921 
0.861559 0.233313 -0.450869 0.390047 
0.369167 -0.897583 0.240960 1.939449 
0.000000 0.000000 0.000000 1.000000 

palm.l.015
-0.497132 -0.376759 -0.781609 -1.263892 
0.600962 0.500254 -0.623371 0.406246 
0.625864 -0.779614 -0.022274 1.877128 
0.000000 0.000000 0.000000 1.000000 

neck
0.999608 0.028004 -0.000047 -0.006362 
-0.003356 0.118114 -0.992994 0.278785 
-0.027802 0.992605 0.118162 2.892607 
0.000000 0.000000 0.000000 1.000000 

head
1.000000 0.000011 0.000001 -0.000000 
-0.000002 0.196116 -0.980581 0.305621 
-0.000011 0.980581 0.196116 3.118128 
0.000000 0.000000 0.000000 1.000000 

ass
-1.000000 0.000000 0.000000 -0.000000 
-0.000000 -0.169391 -0.985549 0.430855 
0.000000 -0.985549 0.169391 2.022335 
0.000000 0.000000 0.000000 1.000000 

leg_start.r
0.000000 0.957212 0.289390 -0.000000 
-1.000000 0.000000 0.000000 0.381656 
-0.000000 -0.289390 0.957212 1.736087 
0.000000 0.000000 0.000000 1.000000 

hip_up.r
-0.965166 0.204652 0.163012 0.227988 
-0.151208 0.072157 -0.985865 0.381656 
-0.213522 -0.976172 -0.038698 1.667160 
0.000000 0.000000 0.000000 1.000000 

hip_dwn.r
0.145270 0.154093 0.977319 0.287621 
-0.989222 0.040918 0.140588 0.402682 
-0.018327 -0.987209 0.158376 1.382714 
0.000000 0.000000 0.000000 1.000000 

leg.r
-0.959825 0.239148 0.146778 0.337400 
-0.190755 -0.172489 -0.966364 0.415900 
-0.205786 -0.955540 0.211178 1.063805 
0.000000 0.000000 0.000000 1.000000 

leg.r.001
0.970049 0.201507 -0.135647 0.527921 
0.119455 0.090507 0.988706 0.278483 
0.211508 -0.975296 0.063726 0.302557 
0.000000 0.000000 0.000000 1.000000 

leg.r.002
0.982288 0.174482 -0.068308 0.567057 
-0.103452 0.808957 0.578693 0.296061 
0.156230 -0.561377 0.812680 0.113140 
0.000000 0.000000 0.000000 1.000000 

leg.r.003
0.990470 0.133772 -0.032767 0.593345 
-0.118817 0.950259 0.287906 0.417943 
0.069651 -0.281269 0.957098 0.028560 
0.000000 0.000000 0.000000 1.000000 

leg_start.l
-0.000000 -0.957211 0.289390 -0.000000 
-1.000000 0.000000 -0.000000 0.381656 
0.000000 -0.289390 -0.957212 1.736087 
0.000000 0.000000 0.000000 1.000000 

hip_up.l
-0.973916 -0.226346 -0.015944 -0.227988 
-0.000391 0.071938 -0.997409 0.381656 
0.226907 -0.971387 -0.070150 1.667160 
0.000000 0.000000 0.000000 1.000000 

hip_dwn.l
-0.002376 -0.171878 -0.985115 -0.293943 
0.998743 0.048906 -0.010941 0.402618 
0.050058 -0.983904 0.171546 1.384108 
0.000000 0.000000 0.000000 1.000000 

leg.l
-0.974589 -0.224001 0.000630 -0.349466 
0.039736 -0.175648 -0.983651 0.418416 
0.220449 -0.958630 0.180086 1.066267 
0.000000 0.000000 0.000000 1.000000 

leg.l.001
0.974077 -0.225938 -0.011198 -0.527921 
0.032437 0.090515 0.995367 0.278483 
-0.223878 -0.969927 0.095498 0.302556 
0.000000 0.000000 0.000000 1.000000 

leg.l.002
0.953970 -0.299819 -0.006958 -0.571802 
0.252829 0.791543 0.556361 0.296062 
-0.161300 -0.532512 0.830912 0.114182 
0.000000 0.000000 0.000000 1.000000 

leg.l.003
0.960969 -0.276642 0.002862 -0.616974 
0.266484 0.928364 0.259087 0.415320 
-0.074331 -0.248211 0.965850 0.033951 
0.000000 0.000000 0.000000 1.000000 

Frame 3
base
1.000000 0.000000 0.000000 0.000000 
0.000000 0.000000 -1.000000 0.000000 
0.000000 1.000000 0.000000 0.000000 
0.000000 0.000000 0.000000 1.000000 

holder
1.000000 0.000000 0.000000 -0.000000 
0.000000 0.999960 -0.008906 -0.581564 
0.000000 0.008906 0.999960 2.013318 
0.000000 0.000000 0.000000 1.000000 

torso
1.000000 -0.000000 0.000001 -0.000000 
0.000001 -0.014083 -0.999901 0.430855 
0.000000 0.999901 -0.014083 2.022335 
0.000000 0.000000 0.000000 1.000000 

chest_bottom
-1.000000 -0.000000 0.000000 -0.000000 
0.000000 -0.418144 0.908381 0.426382 
0.000000 0.908381 0.418144 2.339891 
0.000000 0.000000 0.000000 1.000000 

chest_up
-0.998475 0.023426 0.049999 -0.000000 
0.048362 -0.065869 0.996655 0.296676 
0.026641 0.997553 0.064636 2.621667 
0.000000 0.000000 0.000000 1.000000 

shoulder.r
0.002329 0.957508 0.288397 0.006362 
-0.999967 -0.000000 0.008075 0.278785 
0.007732 -0.288407 0.957477 2.892607 
0.000000 0.000000 0.000000 1.000000 

shoulder_up.r
-0.728435 0.534422 0.428690 0.534446 
-0.658666 -0.374101 -0.652845 0.278785 
-0.188521 -0.757919 0.624514 2.733546 
0.000000 0.000000 0.000000 1.000000 

shoulder_btm.r
-0.699282 0.585550 0.410044 0.682946 
-0.669823 -0.336372 -0.661960 0.174834 
-0.249683 -0.737553 0.627434 2.522942 
0.000000 0.000000 0.000000 1.000000 

arm_up.r
-0.157779 0.837006 0.523954 0.871126 
-0.676196 0.295099 -0.675038 0.066733 
-0.719629 -0.460802 0.519419 2.285912 
0.000000 0.000000 0.000000 1.000000 

arm_btm.r
-0.372184 0.611273 0.698444 1.135221 
-0.703549 0.305022 -0.641857 0.159843 
-0.605390 -0.730279 0.316536 2.140518 
0.000000 0.000000 0.000000 1.000000 

palm.r
0.652090 0.647151 0.394934 1.253564 
-0.690794 0.292542 0.661228 0.218896 
0.312380 -0.703999 0.637812 1.999136 
0.000000 0.000000 0.000000 1.000000 

palm.r.001
-0.197902 0.431443 0.880166 1.384922 
-0.825997 0.410079 -0.386737 0.278276 
-0.527792 -0.803550 0.275215 1.856239 
0.000000 0.000000 0.000000 1.000000 

palm.r.002
-0.180163 0.309105 0.933807 1.413304 
-0.841853 0.442556 -0.308915 0.305252 
-0.508749 -0.841783 0.180489 1.803378 
0.000000 0.000000 0.000000 1.000000 

palm.r.003
-0.527824 0.303074 0.793440 1.431756 
-0.685600 0.399387 -0.608640 0.331671 
-0.501353 -0.865238 -0.003018 1.753126 
0.000000 0.000000 0.000000 1.000000 

palm.r.004
-0.120769 0.405002 0.906305 1.401339 
-0.738149 0.573815 -0.354784 0.322370 
-0.663740 -0.711835 0.229653 1.895501 
0.000000 0.000000 0.000000 1.000000 

palm.r.005
-0.120968 0.298399 0.946744 1.424248 
-0.739360 0.609308 -0.286515 0.354827 
-0.662354 -0.734644 0.146918 1.855236 
0.000000 0.000000 0.000000 1.000000 

palm.r.006
-0.460988 0.291477 0.838171 1.442061 
-0.570681 0.625930 -0.531540 0.391201 
-0.679568 -0.723362 -0.122205 1.811380 
0.000000 0.000000 0.000000 1.000000 

palm.r.007
-0.338515 0.212717 0.916602 1.386152 
-0.897876 0.218367 -0.382275 0.221362 
-0.281472 -0.952401 0.117073 1.845692 
0.000000 0.000000 0.000000 1.000000 

palm.r.008
-0.301547 0.187661 0.934801 1.399256 
-0.915909 0.215401 -0.338694 0.234814 
-0.264917 -0.958324 0.106927 1.787021 
0.000000 0.000000 0.000000 1.000000 

palm.r.009
-0.618568 0.176055 0.765753 1.409618 
-0.737232 0.207051 -0.643133 0.246707 
-0.271777 -0.962359 0.001718 1.734109 
0.000000 0.000000 0.000000 1.000000 

palm.r.010
-0.382717 0.150796 0.911476 1.352548 
-0.922077 -0.123709 -0.366702 0.173392 
0.057460 -0.980794 0.186391 1.848318 
0.000000 0.000000 0.000000 1.000000 

palm.r.011
-0.339277 0.177942 0.923703 1.360014 
-0.940476 -0.084937 -0.329075 0.167267 
0.019900 -0.980368 0.196167 1.799760 
0.000000 0.000000 0.000000 1.000000 

palm.r.012
-0.644292 0.013743 0.764656 1.367011 
-0.761494 0.081050 -0.643084 0.163928 
-0.070814 -0.996615 -0.041755 1.761211 
0.000000 0.000000 0.000000 1.000000 

palm.r.013
0.149758 -0.045556 0.987673 1.251546 
-0.351491 0.931231 0.096248 0.315221 
-0.924136 -0.361572 0.123447 1.984105 
0.000000 0.000000 0.000000 1.000000 

palm.r.014
-0.178979 0.267943 0.946664 1.247593 
-0.355828 0.879438 -0.316189 0.396037 
-0.917253 -0.393440 -0.062059 1.952727 
0.000000 0.000000 0.000000 1.000000 

palm.r.015
-0.392633 0.220838 0.892787 1.266197 
-0.023787 0.967980 -0.249898 0.457099 
-0.919388 -0.119355 -0.374808 1.925409 
0.000000 0.000000 0.000000 1.000000 

shoulder.l
0.002329 -0.957508 -0.288397 0.006362 
0.999967 -0.000000 0.008075 0.278785 
-0.007732 -0.288407 0.957477 2.892607 
0.000000 0.000000 0.000000 1.000000 

shoulder_up.l
-0.756519 -0.503969 -0.416766 -0.521721 
0.627484 -0.379847 -0.679692 0.278785 
0.184236 -0.775714 0.603594 2.733546 
0.000000 0.000000 0.000000 1.000000 

shoulder_btm.l
-0.728526 -0.556897 -0.398893 -0.661759 
0.639579 -0.344429 -0.687246 0.173237 
0.245335 -0.755800 0.607105 2.517998 
0.000000 0.000000 0.000000 1.000000 

arm_up.l
-0.159867 -0.845753 -0.509062 -0.840731 
0.638194 0.304875 -0.706937 0.062547 
0.753094 -0.437896 0.491015 2.275103 
0.000000 0.000000 0.000000 1.000000 

arm_btm.l
-0.375824 -0.622959 -0.686059 -1.107586 
0.667903 0.331112 -0.666536 0.158742 
0.642388 -0.708721 0.291637 2.136937 
0.000000 0.000000 0.000000 1.000000 

palm.l
0.639067 -0.658387 -0.397643 -1.228191 
0.714535 0.316853 0.623734 0.222846 
-0.284665 -0.682737 0.672931 1.999728 
0.000000 0.000000 0.000000 1.000000 

palm.l.001
-0.204088 -0.445386 -0.871768 -1.361830 
0.796490 0.442202 -0.412386 0.287160 
0.569168 -0.778517 0.264498 1.861147 
0.000000 0.000000 0.000000 1.000000 

palm.l.002
-0.186769 -0.323916 -0.927467 -1.391129 
0.813506 0.478271 -0.330855 0.316250 
0.550750 -0.816294 0.174182 1.809933 
0.000000 0.000000 0.000000 1.000000 

palm.l.003
-0.532254 -0.317519 -0.784785 -1.410466 
0.652751 0.436381 -0.619264 0.344801 
0.539093 -0.841875 -0.025005 1.761203 
0.000000 0.000000 0.000000 1.000000 

palm.l.004
-0.124336 -0.420314 -0.898820 -1.378463 
0.703292 0.601671 -0.378647 0.329057 
0.699944 -0.679212 0.220794 1.902660 
0.000000 0.000000 0.000000 1.000000 

palm.l.005
-0.124566 -0.314461 -0.941062 -1.402238 
0.704565 0.639774 -0.307045 0.363090 
0.698621 -0.701287 0.141864 1.864241 
0.000000 0.000000 0.000000 1.000000 

palm.l.006
-0.461984 -0.307658 -0.831816 -1.421010 
0.530319 0.655930 -0.537139 0.401282 
0.710867 -0.689277 -0.139872 1.822376 
0.000000 0.000000 0.000000 1.000000 

palm.l.007
-0.348215 -0.225521 -0.909883 -1.362367 
0.878164 0.261131 -0.400799 0.230812 
0.327987 -0.938590 0.107115 1.847860 
0.000000 0.000000 0.000000 1.000000 

palm.l.008
-0.311676 -0.200488 -0.928796 -1.376260 
0.897513 0.258820 -0.357047 0.246899 
0.311975 -0.944890 0.099273 1.790039 
0.000000 0.000000 0.000000 1.000000 

palm.l.009
-0.626065 -0.188808 -0.756568 -1.387329 
0.714118 0.250845 -0.653538 0.261189 
0.313175 -0.949436 -0.022214 1.737869 
0.000000 0.000000 0.000000 1.000000 

palm.l.010
-0.396226 -0.159086 -0.904266 -1.328066 
0.918110 -0.078230 -0.388529 0.183266 
-0.008931 -0.984160 0.177055 1.847830 
0.000000 0.000000 0.000000 1.000000 

palm.l.011
-0.352666 -0.186769 -0.916921 -1.335942 
0.935298 -0.039924 -0.351602 0.179393 
0.029062 -0.981592 0.188764 1.799106 
0.000000 0.000000 0.000000 1.000000 

palm.l.012
-0.654186 -0.025098 -0.755917 -1.343286 
0.747711 0.129028 -0.651368 0.177823 
0.113882 -0.991323 -0.065642 1.760508 
0.000000 0.000000 0.000000 1.000000 

palm.l.013
0.135719 -0.117966 -0.983699 -1.227684 
0.587064 0.809381 -0.016066 0.319805 
0.798083 -0.575314 0.179103 1.989377 
0.000000 0.000000 0.000000 1.000000 

palm.l.014
-0.348473 -0.374046 -0.859451 -1.237921 
0.861559 0.233313 -0.450869 0.390047 
0.369167 -0.897583 0.240960 1.939449 
0.000000 0.000000 0.000000 1.000000 

palm.l.015
-0.497132 -0.376759 -0.781609 -1.263892 
0.600962 0.500254 -0.623371 0.406246 
0.625864 -0.779614 -0.022274 1.877128 
0.000000 0.000000 0.000000 1.000000 

neck
0.999608 0.028004 -0.000047 -0.006362 
-0.003356 0.118114 -0.992994 0.278785 
-0.027802 0.992605 0.118162 2.892607 
0.000000 0.000000 0.000000 1.000000 

head
1.000000 0.000041 0.000001 -0.000000 
-0.000008 0.196116 -0.980581 0.305621 
-0.000041 0.980581 0.196116 3.118128 
0.000000 0.000000 0.000000 1.000000 

ass
-1.000000 0.000000 0.000000 -0.000000 
-0.000000 -0.169391 -0.985549 0.430855 
0.000000 -0.985549 0.169391 2.022335 
0.000000 0.000000 0.000000 1.000000 

leg_start.r
0.000000 0.957212 0.289390 -0.000000 
-1.000000 0.000000 0.000000 0.381656 
