simple game object export addon
Bones 35
[
Frames 251
Frame 0
Bone
1.000000 0.000000 0.000000 0.000000 
0.000000 0.000000 -1.000000 0.000000 
0.000000 1.000000 0.000000 0.000000 
0.000000 0.000000 0.000000 1.000000 

ass_base
0.999720 0.023679 0.000000 0.000000 
0.000000 0.000000 -1.000000 0.380001 
-0.023679 0.999720 0.000000 1.569569 
0.000000 0.000000 0.000000 1.000000 

ass.L
-0.143687 -0.987812 -0.059840 0.004781 
0.987812 -0.146818 0.051685 0.380001 
-0.059840 -0.051685 0.996869 1.771401 
0.000000 0.000000 0.000000 1.000000 

hip.L
-0.007780 -0.152607 -0.988256 -0.218576 
0.998992 -0.044871 -0.000936 0.346804 
-0.044201 -0.987268 0.152802 1.759715 
0.000000 0.000000 0.000000 1.000000 

leg.L
0.929263 -0.256886 -0.265480 -0.320297 
0.256886 -0.067102 0.964109 0.316895 
-0.265480 -0.964109 0.003635 1.101648 
0.000000 0.000000 0.000000 1.000000 

foot.L
-0.045399 -0.141237 -0.988934 -0.554544 
0.987142 -0.158225 -0.022719 0.255707 
-0.153265 -0.977250 0.146604 0.222503 
0.000000 0.000000 0.000000 1.000000 

foot_st.L
0.964577 -0.263765 0.004419 -0.573049 
0.248339 0.913561 0.322078 0.234976 
-0.088990 -0.309571 0.946703 0.094460 
0.000000 0.000000 0.000000 1.000000 

foot_fing.L
0.975604 -0.219530 -0.001477 -0.612704 
0.212245 0.941470 0.261888 0.372320 
-0.056102 -0.255813 0.965097 0.047919 
0.000000 0.000000 0.000000 1.000000 

back
0.999948 -0.007758 0.006581 0.004781 
0.007758 0.162985 -0.986598 0.380001 
0.006581 0.986598 0.163037 1.771401 
0.000000 0.000000 0.000000 1.000000 

chest
1.000000 -0.000000 -0.000000 0.001461 
-0.000000 -0.275319 -0.961353 0.449747 
-0.000000 0.961353 -0.275319 2.193595 
0.000000 0.000000 0.000000 1.000000 

upshldr.L
-0.108490 -0.975451 -0.191637 0.001461 
0.993989 -0.109291 -0.006418 0.260889 
-0.014684 -0.191182 0.981445 2.853046 
0.000000 0.000000 0.000000 1.000000 

shldr.L
0.162044 -0.761551 -0.627520 -0.424523 
0.986608 0.113028 0.117602 0.213161 
-0.018633 -0.638173 0.769668 2.769556 
0.000000 0.000000 0.000000 1.000000 

arm.L
-0.141752 -0.783238 -0.605347 -0.525690 
0.982421 -0.186353 0.011066 0.228176 
-0.121476 -0.593136 0.795885 2.684779 
0.000000 0.000000 0.000000 1.000000 

forearm1.L
0.092682 -0.797826 -0.595721 -0.973173 
0.992489 0.122001 -0.008980 0.121708 
0.079843 -0.590415 0.803141 2.345906 
0.000000 0.000000 0.000000 1.000000 

forearm2.L
0.052421 -0.456231 -0.888316 -1.158326 
0.995651 0.092480 0.011258 0.150021 
0.077015 -0.885043 0.459095 2.208887 
0.000000 0.000000 0.000000 1.000000 

hand.L
-0.000000 -0.470588 -0.882353 -1.270522 
1.000000 0.000000 0.000000 0.172763 
-0.000000 -0.882353 0.470588 1.991239 
0.000000 0.000000 0.000000 1.000000 

thumb.L
-0.944490 -0.328117 0.016665 -1.163414 
0.000285 -0.051544 -0.998671 0.295848 
0.328540 -0.943230 0.048776 1.837319 
0.000000 0.000000 0.000000 1.000000 

finger.L
-0.989967 0.125869 0.064213 -1.366973 
-0.087415 -0.188502 -0.978174 0.178873 
-0.111017 -0.973973 0.197614 1.746606 
0.000000 0.000000 0.000000 1.000000 

neck
-1.000000 -0.000000 0.000000 0.001461 
0.000000 0.063700 0.997969 0.260889 
-0.000000 0.997969 -0.063700 2.853046 
0.000000 0.000000 0.000000 1.000000 

head
1.000000 -0.000000 -0.000000 0.001461 
-0.000000 0.254493 -0.967075 0.275778 
-0.000000 0.967075 0.254493 3.086307 
0.000000 0.000000 0.000000 1.000000 

chest.002
1.000000 0.000000 0.000000 0.001461 
-0.000000 1.000000 -0.000000 0.260889 
-0.000000 0.000000 1.000000 2.853046 
0.000000 0.000000 0.000000 1.000000 

upshldr.R
-0.108490 0.975451 -0.191637 -0.001457 
0.516998 -0.109291 -0.848981 0.260889 
-0.849084 -0.191182 -0.492449 2.853046 
0.000000 0.000000 0.000000 1.000000 

shldr.R
0.162044 0.761551 -0.627520 0.424527 
0.920194 0.113028 0.374791 0.213161 
0.356350 -0.638172 -0.682459 2.769556 
0.000000 0.000000 0.000000 1.000000 

arm.R
-0.141752 0.783238 -0.605347 0.525694 
0.875368 -0.186353 -0.446098 0.228176 
-0.462209 -0.593136 -0.659206 2.684779 
0.000000 0.000000 0.000000 1.000000 

forearm1.R
0.092682 0.797826 -0.595721 0.973177 
0.942850 0.122001 0.310080 0.121708 
0.320068 -0.590414 -0.740923 2.345906 
0.000000 0.000000 0.000000 1.000000 

forearm2.R
0.052421 0.456231 -0.888316 1.158330 
0.990065 0.092480 0.105922 0.150021 
0.130476 -0.885043 -0.446850 2.208887 
0.000000 0.000000 0.000000 1.000000 

hand.R
-0.000000 0.470588 -0.882353 1.270525 
1.000000 -0.000000 -0.000000 0.172764 
-0.000000 -0.882353 -0.470588 1.991239 
0.000000 0.000000 0.000000 1.000000 

thumb.R
-0.944490 0.328117 0.016665 1.163417 
-0.035516 -0.051544 -0.998039 0.295848 
-0.326615 -0.943229 0.060336 1.837319 
0.000000 0.000000 0.000000 1.000000 

finger.R
-0.989966 -0.125869 0.064213 1.366977 
-0.039682 -0.188502 -0.981271 0.178873 
0.135615 -0.973973 0.181616 1.746606 
0.000000 0.000000 0.000000 1.000000 

ass.R
-0.143687 0.987812 0.059840 -0.004777 
-0.987812 -0.146818 0.051685 0.380001 
0.059840 -0.051685 0.996869 1.771401 
0.000000 0.000000 0.000000 1.000000 

hip.R
-0.007780 0.152607 -0.988256 0.218580 
0.998883 -0.044871 -0.014793 0.346804 
-0.046601 -0.987267 -0.152088 1.759715 
0.000000 0.000000 0.000000 1.000000 

leg.R
-0.015681 0.256886 -0.966315 0.320301 
0.997166 -0.067102 -0.034020 0.316895 
-0.073580 -0.964109 -0.255105 1.101648 
0.000000 0.000000 0.000000 1.000000 

foot.R
-0.045399 0.141237 -0.988934 0.554548 
0.985071 -0.158225 -0.067819 0.255707 
-0.166052 -0.977250 -0.131945 0.222503 
0.000000 0.000000 0.000000 1.000000 

foot_st.R
0.964577 0.263765 0.004419 0.573053 
-0.251280 0.913561 0.319788 0.234976 
0.080312 -0.309571 0.947478 0.094460 
0.000000 0.000000 0.000000 1.000000 

foot_fing.R
0.975605 0.219530 -0.001477 0.612707 
-0.211451 0.941470 0.262530 0.372320 
0.059023 -0.255813 0.964922 0.047919 
0.000000 0.000000 0.000000 1.000000 

Frame 1
Bone
1.000000 0.000000 0.000000 0.000000 
0.000000 0.000000 -1.000000 0.000000 
0.000000 1.000000 0.000000 0.000000 
0.000000 0.000000 0.000000 1.000000 

ass_base
0.999720 0.023679 0.000000 0.000000 
0.000000 0.000000 -1.000000 0.380001 
-0.023679 0.999720 0.000000 1.569569 
0.000000 0.000000 0.000000 1.000000 

ass.L
-0.143687 -0.987812 -0.059840 0.004781 
0.987812 -0.146818 0.051685 0.380001 
-0.059840 -0.051685 0.996869 1.771401 
0.000000 0.000000 0.000000 1.000000 

hip.L
-0.007780 -0.152607 -0.988256 -0.218576 
0.998992 -0.044871 -0.000936 0.346804 
-0.044201 -0.987268 0.152802 1.759715 
0.000000 0.000000 0.000000 1.000000 

leg.L
0.929263 -0.256886 -0.265480 -0.320297 
0.256886 -0.067102 0.964109 0.316895 
-0.265480 -0.964109 0.003635 1.101648 
0.000000 0.000000 0.000000 1.000000 

foot.L
-0.045399 -0.141237 -0.988934 -0.554544 
0.987142 -0.158225 -0.022719 0.255707 
-0.153265 -0.977250 0.146604 0.222503 
0.000000 0.000000 0.000000 1.000000 

foot_st.L
0.964577 -0.263765 0.004419 -0.573049 
0.248339 0.913561 0.322078 0.234976 
-0.088990 -0.309571 0.946703 0.094460 
0.000000 0.000000 0.000000 1.000000 

foot_fing.L
0.975604 -0.219530 -0.001477 -0.612704 
0.212245 0.941470 0.261888 0.372320 
-0.056102 -0.255813 0.965097 0.047919 
0.000000 0.000000 0.000000 1.000000 

back
0.999948 -0.007758 0.006581 0.004781 
0.007758 0.162985 -0.986598 0.380001 
0.006581 0.986598 0.163037 1.771401 
0.000000 0.000000 0.000000 1.000000 

chest
1.000000 -0.000000 -0.000000 0.001461 
-0.000000 -0.275319 -0.961353 0.449747 
-0.000000 0.961353 -0.275319 2.193595 
0.000000 0.000000 0.000000 1.000000 

upshldr.L
-0.108490 -0.975451 -0.191637 0.001461 
0.993989 -0.109291 -0.006418 0.260889 
-0.014684 -0.191182 0.981445 2.853046 
0.000000 0.000000 0.000000 1.000000 

shldr.L
0.162044 -0.761551 -0.627520 -0.424523 
0.986608 0.113028 0.117602 0.213161 
-0.018633 -0.638173 0.769668 2.769556 
0.000000 0.000000 0.000000 1.000000 

arm.L
-0.141752 -0.783238 -0.605347 -0.525690 
0.982421 -0.186353 0.011066 0.228176 
-0.121476 -0.593136 0.795885 2.684779 
0.000000 0.000000 0.000000 1.000000 

forearm1.L
0.092682 -0.797826 -0.595721 -0.973173 
0.992489 0.122001 -0.008980 0.121708 
0.079843 -0.590415 0.803141 2.345906 
0.000000 0.000000 0.000000 1.000000 

forearm2.L
0.052421 -0.456231 -0.888316 -1.158326 
0.995651 0.092480 0.011258 0.150021 
0.077015 -0.885043 0.459095 2.208887 
0.000000 0.000000 0.000000 1.000000 

hand.L
-0.000000 -0.470588 -0.882353 -1.270522 
1.000000 0.000000 0.000000 0.172763 
-0.000000 -0.882353 0.470588 1.991239 
0.000000 0.000000 0.000000 1.000000 

thumb.L
-0.944490 -0.328117 0.016665 -1.163414 
0.000285 -0.051544 -0.998671 0.295848 
0.328540 -0.943230 0.048776 1.837319 
0.000000 0.000000 0.000000 1.000000 

finger.L
-0.989967 0.125869 0.064213 -1.366973 
-0.087415 -0.188502 -0.978174 0.178873 
-0.111017 -0.973973 0.197614 1.746606 
0.000000 0.000000 0.000000 1.000000 

neck
-1.000000 -0.000000 0.000000 0.001461 
0.000000 0.063700 0.997969 0.260889 
-0.000000 0.997969 -0.063700 2.853046 
0.000000 0.000000 0.000000 1.000000 

head
1.000000 -0.000000 -0.000000 0.001461 
-0.000000 0.254493 -0.967075 0.275778 
-0.000000 0.967075 0.254493 3.086307 
0.000000 0.000000 0.000000 1.000000 

chest.002
1.000000 0.000000 0.000000 0.001461 
-0.000000 1.000000 -0.000000 0.260889 
-0.000000 0.000000 1.000000 2.853046 
0.000000 0.000000 0.000000 1.000000 

upshldr.R
-0.108490 0.975451 -0.191637 -0.001457 
0.516998 -0.109291 -0.848981 0.260889 
-0.849084 -0.191182 -0.492449 2.853046 
0.000000 0.000000 0.000000 1.000000 

shldr.R
0.162044 0.761551 -0.627520 0.424527 
0.920194 0.113028 0.374791 0.213161 
0.356350 -0.638172 -0.682459 2.769556 
0.000000 0.000000 0.000000 1.000000 

arm.R
-0.141752 0.783238 -0.605347 0.525694 
0.875368 -0.186353 -0.446098 0.228176 
-0.462209 -0.593136 -0.659206 2.684779 
0.000000 0.000000 0.000000 1.000000 

forearm1.R
0.092682 0.797826 -0.595721 0.973177 
0.942850 0.122001 0.310080 0.121708 
0.320068 -0.590414 -0.740923 2.345906 
0.000000 0.000000 0.000000 1.000000 

forearm2.R
0.052421 0.456231 -0.888316 1.158330 
0.990065 0.092480 0.105922 0.150021 
0.130476 -0.885043 -0.446850 2.208887 
0.000000 0.000000 0.000000 1.000000 

hand.R
-0.000000 0.470588 -0.882353 1.270525 
1.000000 -0.000000 -0.000000 0.172764 
-0.000000 -0.882353 -0.470588 1.991239 
0.000000 0.000000 0.000000 1.000000 

thumb.R
-0.944490 0.328117 0.016665 1.163417 
-0.035516 -0.051544 -0.998039 0.295848 
-0.326615 -0.943229 0.060336 1.837319 
0.000000 0.000000 0.000000 1.000000 

finger.R
-0.989966 -0.125869 0.064213 1.366977 
-0.039682 -0.188502 -0.981271 0.178873 
0.135615 -0.973973 0.181616 1.746606 
0.000000 0.000000 0.000000 1.000000 

ass.R
-0.143687 0.987812 0.059840 -0.004777 
-0.987812 -0.146818 0.051685 0.380001 
0.059840 -0.051685 0.996869 1.771401 
0.000000 0.000000 0.000000 1.000000 

hip.R
-0.007780 0.152607 -0.988256 0.218580 
0.998883 -0.044871 -0.014793 0.346804 
-0.046601 -0.987267 -0.152088 1.759715 
0.000000 0.000000 0.000000 1.000000 

leg.R
-0.015681 0.256886 -0.966315 0.320301 
0.997166 -0.067102 -0.034020 0.316895 
-0.073580 -0.964109 -0.255105 1.101648 
0.000000 0.000000 0.000000 1.000000 

foot.R
-0.045399 0.141237 -0.988934 0.554548 
0.985071 -0.158225 -0.067819 0.255707 
-0.166052 -0.977250 -0.131945 0.222503 
0.000000 0.000000 0.000000 1.000000 

foot_st.R
0.964577 0.263765 0.004419 0.573053 
-0.251280 0.913561 0.319788 0.234976 
0.080312 -0.309571 0.947478 0.094460 
0.000000 0.000000 0.000000 1.000000 

foot_fing.R
0.975605 0.219530 -0.001477 0.612707 
-0.211451 0.941470 0.262530 0.372320 
0.059023 -0.255813 0.964922 0.047919 
0.000000 0.000000 0.000000 1.000000 

Frame 2
Bone
1.000000 0.000000 0.000000 0.000000 
0.000000 0.000000 -1.000000 0.000000 
0.000000 1.000000 0.000000 0.000000 
0.000000 0.000000 0.000000 1.000000 

ass_base
0.999720 0.023679 0.000000 0.000000 
0.000000 0.000000 -1.000000 0.380001 
-0.023679 0.999720 0.000000 1.569569 
0.000000 0.000000 0.000000 1.000000 

ass.L
-0.143687 -0.987812 -0.059840 0.004781 
0.987812 -0.146818 0.051685 0.380001 
-0.059840 -0.051685 0.996869 1.771401 
0.000000 0.000000 0.000000 1.000000 

hip.L
-0.007780 -0.152607 -0.988256 -0.218576 
0.998992 -0.044871 -0.000936 0.346804 
-0.044201 -0.987268 0.152802 1.759715 
0.000000 0.000000 0.000000 1.000000 

leg.L
0.929263 -0.256886 -0.265480 -0.320297 
0.256886 -0.067102 0.964109 0.316895 
-0.265480 -0.964109 0.003635 1.101648 
0.000000 0.000000 0.000000 1.000000 

foot.L
-0.045399 -0.141237 -0.988934 -0.554544 
0.987142 -0.158225 -0.022719 0.255707 
-0.153265 -0.977250 0.146604 0.222503 
0.000000 0.000000 0.000000 1.000000 

foot_st.L
0.964577 -0.263765 0.004419 -0.573049 
0.248339 0.913561 0.322078 0.234976 
-0.088990 -0.309571 0.946703 0.094460 
0.000000 0.000000 0.000000 1.000000 

foot_fing.L
0.975604 -0.219530 -0.001477 -0.612704 
0.212245 0.941470 0.261888 0.372320 
-0.056102 -0.255813 0.965097 0.047919 
0.000000 0.000000 0.000000 1.000000 

back
0.999948 -0.007758 0.006581 0.004781 
0.007758 0.162985 -0.986598 0.380001 
0.006581 0.986598 0.163037 1.771401 
0.000000 0.000000 0.000000 1.000000 

chest
1.000000 -0.000000 -0.000000 0.001461 
-0.000000 -0.275319 -0.961353 0.449747 
-0.000000 0.961353 -0.275319 2.193595 
0.000000 0.000000 0.000000 1.000000 

upshldr.L
-0.108490 -0.975451 -0.191637 0.001461 
0.993989 -0.109291 -0.006418 0.260889 
-0.014684 -0.191182 0.981445 2.853046 
0.000000 0.000000 0.000000 1.000000 

shldr.L
0.162044 -0.761551 -0.627520 -0.424523 
0.986608 0.113028 0.117602 0.213161 
-0.018633 -0.638173 0.769668 2.769556 
0.000000 0.000000 0.000000 1.000000 

arm.L
-0.141752 -0.783238 -0.605347 -0.525690 
0.982421 -0.186353 0.011066 0.228176 
-0.121476 -0.593136 0.795885 2.684779 
0.000000 0.000000 0.000000 1.000000 

forearm1.L
0.092682 -0.797826 -0.595721 -0.973173 
0.992489 0.122001 -0.008980 0.121708 
0.079843 -0.590415 0.803141 2.345906 
0.000000 0.000000 0.000000 1.000000 

forearm2.L
0.052421 -0.456231 -0.888316 -1.158326 
0.995651 0.092480 0.011258 0.150021 
0.077015 -0.885043 0.459095 2.208887 
0.000000 0.000000 0.000000 1.000000 

hand.L
-0.000000 -0.470588 -0.882353 -1.270522 
1.000000 0.000000 0.000000 0.172763 
-0.000000 -0.882353 0.470588 1.991239 
0.000000 0.000000 0.000000 1.000000 

thumb.L
-0.944490 -0.328117 0.016665 -1.163414 
0.000285 -0.051544 -0.998671 0.295848 
0.328540 -0.943230 0.048776 1.837319 
0.000000 0.000000 0.000000 1.000000 

finger.L
-0.989967 0.125869 0.064213 -1.366973 
-0.087415 -0.188502 -0.978174 0.178873 
-0.111017 -0.973973 0.197614 1.746606 
0.000000 0.000000 0.000000 1.000000 

neck
-1.000000 -0.000000 0.000000 0.001461 
0.000000 0.063700 0.997969 0.260889 
-0.000000 0.997969 -0.063700 2.853046 
0.000000 0.000000 0.000000 1.000000 

head
1.000000 -0.000000 -0.000000 0.001461 
-0.000000 0.254493 -0.967075 0.275778 
-0.000000 0.967075 0.254493 3.086307 
0.000000 0.000000 0.000000 1.000000 

chest.002
1.000000 0.000000 0.000000 0.001461 
-0.000000 1.000000 -0.000000 0.260889 
-0.000000 0.000000 1.000000 2.853046 
0.000000 0.000000 0.000000 1.000000 

upshldr.R
-0.108490 0.975451 -0.191637 -0.001457 
0.516998 -0.109291 -0.848981 0.260889 
-0.849084 -0.191182 -0.492449 2.853046 
0.000000 0.000000 0.000000 1.000000 

shldr.R
0.162044 0.761551 -0.627520 0.424527 
0.920194 0.113028 0.374791 0.213161 
0.356350 -0.638172 -0.682459 2.769556 
0.000000 0.000000 0.000000 1.000000 

arm.R
-0.141752 0.783238 -0.605347 0.525694 
0.875368 -0.186353 -0.446098 0.228176 
-0.462209 -0.593136 -0.659206 2.684779 
0.000000 0.000000 0.000000 1.000000 

forearm1.R
0.092682 0.797826 -0.595721 0.973177 
0.942850 0.122001 0.310080 0.121708 
0.320068 -0.590414 -0.740923 2.345906 
0.000000 0.000000 0.000000 1.000000 

forearm2.R
0.052421 0.456231 -0.888316 1.158330 
0.990065 0.092480 0.105922 0.150021 
0.130476 -0.885043 -0.446850 2.208887 
0.000000 0.000000 0.000000 1.000000 

hand.R
-0.000000 0.470588 -0.882353 1.270525 
1.000000 -0.000000 -0.000000 0.172764 
-0.000000 -0.882353 -0.470588 1.991239 
0.000000 0.000000 0.000000 1.000000 

thumb.R
-0.932801 0.337626 -0.126055 1.163252 
-0.250478 -0.858846 -0.446815 0.292793 
-0.259118 -0.385216 0.885701 1.814404 
0.000000 0.000000 0.000000 1.000000 

finger.R
-0.058394 -0.990263 0.126371 1.325487 
0.335933 -0.138697 -0.931618 0.184293 
0.940074 -0.011949 0.340761 1.779420 
0.000000 0.000000 0.000000 1.000000 

ass.R
-0.143687 0.987812 0.059840 -0.004777 
-0.987812 -0.146818 0.051685 0.380001 
0.059840 -0.051685 0.996869 1.771401 
0.000000 0.000000 0.000000 1.000000 

hip.R
-0.007780 0.152607 -0.988256 0.218580 
0.998883 -0.044871 -0.014793 0.346804 
-0.046601 -0.987267 -0.152088 1.759715 
0.000000 0.000000 0.000000 1.000000 

leg.R
-0.015681 0.256886 -0.966315 0.320301 
0.997166 -0.067102 -0.034020 0.316895 
-0.073580 -0.964109 -0.255105 1.101648 
0.000000 0.000000 0.000000 1.000000 

foot.R
-0.045399 0.141237 -0.988934 0.554548 
0.985071 -0.158225 -0.067819 0.255707 
-0.166052 -0.977250 -0.131945 0.222503 
0.000000 0.000000 0.000000 1.000000 

foot_st.R
0.964577 0.263765 0.004419 0.573053 
-0.251280 0.913561 0.319788 0.234976 
0.080312 -0.309571 0.947478 0.094460 
0.000000 0.000000 0.000000 1.000000 

foot_fing.R
0.975605 0.219530 -0.001477 0.612707 
-0.211451 0.941470 0.262530 0.372320 
0.059023 -0.255813 0.964922 0.047919 
0.000000 0.000000 0.000000 1.000000 

Frame 3
Bone
1.000000 0.000000 0.000000 0.000000 
0.000000 0.000000 -1.000000 0.000000 
0.000000 1.000000 0.000000 0.000000 
0.000000 0.000000 0.000000 1.000000 

ass_base
-0.534655 -0.012664 -0.844976 -0.000000 
-0.844739 -0.020008 0.534805 0.001644 
-0.023679 0.999720 0.000000 1.551324 
0.000000 0.000000 0.000000 1.000000 

ass.L
0.911522 0.404229 0.075675 -0.002557 
-0.406875 0.913197 0.022923 -0.002396 
-0.059840 -0.051685 0.996869 1.753156 
0.000000 0.000000 0.000000 1.000000 

hip.L
0.842808 -0.031963 0.537264 0.088845 
-0.523198 0.185496 0.831779 0.204089 
-0.126247 -0.982125 0.139614 1.741470 
0.000000 0.000000 0.000000 1.000000 

leg.L
-0.298713 0.006610 0.954320 0.067539 
-0.914255 0.284801 -0.288145 0.327732 
-0.273696 -0.958564 -0.079031 1.086831 
0.000000 0.000000 0.000000 1.000000 

foot.L
0.957724 0.039007 0.285031 0.073567 
-0.287484 0.167009 0.943113 0.587434 
-0.010815 -0.985183 0.171162 0.212743 
0.000000 0.000000 0.000000 1.000000 

foot_st.L
-0.074768 0.983711 0.163469 0.078677 
-0.993861 -0.060104 -0.092885 0.609316 
-0.081547 -0.169410 0.982166 0.083660 
0.000000 0.000000 0.000000 1.000000 

foot_fing.L
-0.116791 0.987414 0.106645 0.226568 
-0.991664 -0.110056 -0.067011 0.600280 
-0.054431 -0.113582 0.992036 0.058191 
0.000000 0.000000 0.000000 1.000000 

back
-0.420518 0.123565 -0.898831 -0.002557 
-0.907242 -0.047687 0.417897 -0.002396 
0.008775 0.991190 0.132157 1.753156 
0.000000 0.000000 0.000000 1.000000 

chest
-0.420857 -0.218229 -0.880486 0.050320 
-0.907125 0.103519 0.407933 -0.022802 
0.002124 0.970392 -0.241528 2.177315 
0.000000 0.000000 0.000000 1.000000 

upshldr.L
0.946271 0.305213 0.106848 -0.099376 
-0.319538 0.933277 0.163983 0.048208 
-0.049670 -0.189314 0.980660 2.842966 
0.000000 0.000000 0.000000 1.000000 

shldr.L
0.790690 0.239756 0.563318 0.033912 
-0.610739 0.244983 0.752982 0.455774 
0.042529 -0.939415 0.340133 2.760291 
0.000000 0.000000 0.000000 1.000000 

arm.L
0.883629 -0.000918 0.468188 0.065762 
-0.423105 0.426588 0.799378 0.488318 
-0.200457 -0.904446 0.376557 2.635497 
0.000000 0.000000 0.000000 1.000000 

forearm1.L
0.850301 0.275088 0.448681 0.065237 
-0.518223 0.288871 0.804984 0.732039 
0.091830 -0.916995 0.388184 2.118765 
0.000000 0.000000 0.000000 1.000000 

forearm2.L
0.868736 0.031627 0.494265 0.129077 
-0.490470 -0.083757 0.867424 0.799078 
0.068832 -0.995984 -0.057251 1.905956 
0.000000 0.000000 0.000000 1.000000 

hand.L
0.873447 -0.042577 0.485055 0.136855 
-0.486317 -0.026730 0.873374 0.778480 
-0.024220 -0.998736 -0.044054 1.661025 
0.000000 0.000000 0.000000 1.000000 

thumb.L
0.472893 -0.161902 -0.866118 0.159751 
0.858606 -0.136119 0.494235 0.570538 
-0.197913 -0.977374 0.074641 1.580098 
0.000000 0.000000 0.000000 1.000000 

finger.L
0.297996 -0.474906 -0.828048 0.116508 
0.744704 -0.427016 0.512907 0.742310 
-0.597172 -0.769494 0.226415 1.401288 
0.000000 0.000000 0.000000 1.000000 

neck
0.123447 0.098878 0.987413 -0.099376 
0.992351 -0.012812 -0.122781 0.048208 
0.000511 0.995017 -0.099703 2.842966 
0.000000 0.000000 0.000000 1.000000 

head
0.002121 0.292710 -0.956199 -0.076265 
-0.999962 0.008773 0.000468 0.045213 
0.008526 0.956161 0.292717 3.075537 
0.000000 0.000000 0.000000 1.000000 

chest.002
-0.420857 0.906541 0.032619 -0.099376 
-0.907125 -0.420668 -0.012793 0.048208 
0.002124 -0.034974 0.999386 2.842966 
0.000000 0.000000 0.000000 1.000000 

upshldr.R
0.486641 -0.515838 -0.705047 -0.098148 
-0.108208 -0.836435 0.537278 0.050855 
-0.866874 -0.185170 -0.462862 2.842959 
0.000000 0.000000 0.000000 1.000000 

shldr.R
0.719412 -0.243964 0.650329 -0.323417 
-0.694358 -0.276482 0.664398 -0.314420 
0.017715 -0.929537 -0.368303 2.762095 
0.000000 0.000000 0.000000 1.000000 

arm.R
0.851058 -0.518650 -0.081866 -0.355826 
-0.021405 -0.190053 0.981540 -0.351149 
-0.524635 -0.833595 -0.172849 2.638613 
0.000000 0.000000 0.000000 1.000000 

forearm1.R
0.765726 -0.087312 0.637213 -0.652144 
-0.610423 -0.410750 0.677250 -0.459731 
0.202604 -0.907557 -0.367819 2.162359 
0.000000 0.000000 0.000000 1.000000 

forearm2.R
0.857141 0.066784 0.510734 -0.672406 
-0.512133 0.004561 0.858894 -0.555055 
0.055031 -0.997757 0.038111 1.951741 
0.000000 0.000000 0.000000 1.000000 

hand.R
0.908899 -0.023174 0.416371 -0.655983 
-0.415648 0.030467 0.909015 -0.553933 
-0.033751 -0.999267 0.018059 1.706374 
0.000000 0.000000 0.000000 1.000000 

thumb.R
0.170685 -0.840724 -0.513857 -0.475275 
0.956720 0.266158 -0.117673 -0.438922 
0.235697 -0.471532 0.849767 1.600063 
0.000000 0.000000 0.000000 1.000000 

finger.R
0.162444 0.250644 -0.954353 -0.629123 
-0.521039 0.843146 0.132750 -0.505716 
0.837932 0.475690 0.267560 1.494301 
0.000000 0.000000 0.000000 1.000000 

ass.R
-0.757833 -0.652345 0.011669 0.002555 
0.649699 -0.756159 -0.078205 0.005680 
0.059840 -0.051685 0.996869 1.753156 
0.000000 0.000000 0.000000 1.000000 

hip.R
0.830054 0.100185 0.548610 -0.144949 
-0.509892 -0.262100 0.819338 -0.165297 
0.225876 -0.959826 -0.166473 1.741470 
0.000000 0.000000 0.000000 1.000000 

leg.R
0.844343 -0.058674 0.532582 -0.078170 
-0.529292 -0.245833 0.812045 -0.340000 
0.083280 -0.967534 -0.238623 1.101694 
0.000000 0.000000 0.000000 1.000000 

foot.R
0.862399 -0.116361 0.492676 -0.131673 
-0.504490 -0.116916 0.855465 -0.564169 
-0.041941 -0.986301 -0.159531 0.219426 
0.000000 0.000000 0.000000 1.000000 

foot_st.R
-0.740870 0.648465 0.174939 -0.146919 
-0.668222 -0.737924 -0.094588 -0.579487 
0.067755 -0.186976 0.980025 0.090197 
0.000000 0.000000 0.000000 1.000000 

foot_fing.R
-0.711607 0.690688 0.128707 -0.049429 
-0.700661 -0.711179 -0.057435 -0.690427 
0.051865 -0.131051 0.990018 0.062087 
0.000000 0.000000 0.000000 1.000000 

Frame 4
Bone
1.000000 0.000000 0.000000 0.000000 
0.000000 0.000000 -1.000000 0.000000 
0.000000 1.000000 0.000000 0.000000 
0.000000 0.000000 0.000000 1.000000 

ass_base
-0.534655 -0.012664 -0.844976 -0.000000 
-0.844739 -0.020008 0.534805 0.001644 
-0.023679 0.999720 0.000000 1.551324 
0.000000 0.000000 0.000000 1.000000 

ass.L
0.911522 0.404229 0.075675 -0.002557 
-0.406875 0.913197 0.022923 -0.002396 
-0.059840 -0.051685 0.996869 1.753156 
0.000000 0.000000 0.000000 1.000000 

hip.L
0.842808 -0.031963 0.537264 0.088845 
-0.523198 0.185496 0.831779 0.204089 
-0.126247 -0.982125 0.139614 1.741470 
0.000000 0.000000 0.000000 1.000000 

leg.L
-0.298713 0.006610 0.954320 0.067539 
-0.914255 0.284801 -0.288145 0.327732 
-0.273696 -0.958564 -0.079031 1.086831 
0.000000 0.000000 0.000000 1.000000 

foot.L
0.957724 0.039007 0.285031 0.073567 
-0.287484 0.167009 0.943113 0.587434 
-0.010815 -0.985183 0.171162 0.212743 
0.000000 0.000000 0.000000 1.000000 

foot_st.L
-0.074768 0.983711 0.163469 0.078677 
-0.993861 -0.060104 -0.092885 0.609316 
-0.081547 -0.169410 0.982166 0.083660 
0.000000 0.000000 0.000000 1.000000 

foot_fing.L
-0.116791 0.987414 0.106645 0.226568 
-0.991664 -0.110056 -0.067011 0.600280 
-0.054431 -0.113582 0.992036 0.058191 
0.000000 0.000000 0.000000 1.000000 

back
-0.420518 0.123565 -0.898831 -0.002557 
-0.907242 -0.047687 0.417897 -0.002396 
0.008775 0.991190 0.132157 1.753156 
0.000000 0.000000 0.000000 1.000000 

chest
-0.420857 -0.218229 -0.880486 0.050320 
-0.907125 0.103519 0.407933 -0.022802 
0.002124 0.970392 -0.241528 2.177315 
0.000000 0.000000 0.000000 1.000000 

upshldr.L
0.946271 0.305213 0.106848 -0.099376 
-0.319538 0.933277 0.163983 0.048208 
-0.049670 -0.189314 0.980660 2.842966 
0.000000 0.000000 0.000000 1.000000 

shldr.L
0.790690 0.239756 0.563318 0.033912 
-0.610739 0.244983 0.752982 0.455774 
0.042529 -0.939415 0.340133 2.760291 
0.000000 0.000000 0.000000 1.000000 

arm.L
0.883629 -0.000918 0.468188 0.065762 
-0.423105 0.426588 0.799378 0.488318 
-0.200457 -0.904446 0.376557 2.635497 
0.000000 0.000000 0.000000 1.000000 

forearm1.L
0.850301 0.275088 0.448681 0.065237 
-0.518223 0.288871 0.804984 0.732039 
0.091830 -0.916995 0.388184 2.118765 
0.000000 0.000000 0.000000 1.000000 

forearm2.L
0.868736 0.031627 0.494265 0.129077 
-0.490470 -0.083757 0.867424 0.799078 
0.068832 -0.995984 -0.057251 1.905956 
0.000000 0.000000 0.000000 1.000000 

hand.L
0.873447 -0.042577 0.485055 0.136855 
-0.486317 -0.026730 0.873374 0.778480 
-0.024220 -0.998736 -0.044054 1.661025 
0.000000 0.000000 0.000000 1.000000 

thumb.L
0.472893 -0.161902 -0.866118 0.159751 
0.858606 -0.136119 0.494235 0.570538 
-0.197913 -0.977374 0.074641 1.580098 
0.000000 0.000000 0.000000 1.000000 

finger.L
0.297996 -0.474906 -0.828048 0.116508 
0.744704 -0.427016 0.512907 0.742310 
-0.597172 -0.769494 0.226415 1.401288 
0.000000 0.000000 0.000000 1.000000 

neck
0.123447 0.098878 0.987413 -0.099376 
0.992351 -0.012812 -0.122781 0.048208 
0.000511 0.995017 -0.099703 2.842966 
0.000000 0.000000 0.000000 1.000000 

head
0.002121 0.292710 -0.956199 -0.076265 
-0.999962 0.008773 0.000468 0.045213 
0.008526 0.956161 0.292717 3.075537 
0.000000 0.000000 0.000000 1.000000 

chest.002
-0.420857 0.906541 0.032619 -0.099376 
-0.907125 -0.420668 -0.012793 0.048208 
0.002124 -0.034974 0.999386 2.842966 
0.000000 0.000000 0.000000 1.000000 

upshldr.R
0.486641 -0.515838 -0.705047 -0.098148 
-0.108208 -0.836435 0.537278 0.050855 
-0.866874 -0.185170 -0.462862 2.842959 
0.000000 0.000000 0.000000 1.000000 

shldr.R
0.719412 -0.243964 0.650329 -0.323417 
-0.694358 -0.276482 0.664398 -0.314420 
0.017715 -0.929537 -0.368303 2.762095 
0.000000 0.000000 0.000000 1.000000 

arm.R
0.851058 -0.518650 -0.081866 -0.355826 
-0.021405 -0.190053 0.981540 -0.351149 
-0.524635 -0.833595 -0.172849 2.638613 
0.000000 0.000000 0.000000 1.000000 

forearm1.R
0.765726 -0.087312 0.637213 -0.652144 
-0.610423 -0.410750 0.677250 -0.459731 
0.202604 -0.907557 -0.367819 2.162359 
0.000000 0.000000 0.000000 1.000000 

forearm2.R
0.857141 0.066784 0.510734 -0.672406 
-0.512133 0.004561 0.858894 -0.555055 
0.055031 -0.997757 0.038111 1.951741 
0.000000 0.000000 0.000000 1.000000 

hand.R
0.908899 -0.023174 0.416371 -0.655983 
-0.415648 0.030467 0.909015 -0.553933 
-0.033751 -0.999267 0.018059 1.706374 
0.000000 0.000000 0.000000 1.000000 

thumb.R
0.170685 -0.840724 -0.513857 -0.475275 
0.956720 0.266158 -0.117673 -0.438922 
0.235697 -0.471532 0.849767 1.600063 
0.000000 0.000000 0.000000 1.000000 

finger.R
0.162444 0.250644 -0.954353 -0.629123 
-0.521039 0.843146 0.132750 -0.505716 
0.837932 0.475690 0.267560 1.494301 
0.000000 0.000000 0.000000 1.000000 

ass.R
-0.757833 -0.652345 0.011669 0.002555 
0.649699 -0.756159 -0.078205 0.005680 
0.059840 -0.051685 0.996869 1.753156 
0.000000 0.000000 0.000000 1.000000 

hip.R
0.830054 0.100185 0.548610 -0.144949 
-0.509892 -0.262100 0.819338 -0.165297 
0.225876 -0.959826 -0.166473 1.741470 
0.000000 0.000000 0.000000 1.000000 

leg.R
0.844343 -0.058674 0.532582 -0.078170 
-0.529292 -0.245833 0.812045 -0.340000 
0.083280 -0.967534 -0.238623 1.101694 
0.000000 0.000000 0.000000 1.000000 

foot.R
0.862399 -0.116361 0.492676 -0.131673 
-0.504490 -0.116916 0.855465 -0.564169 
-0.041941 -0.986301 -0.159531 0.219426 
0.000000 0.000000 0.000000 1.000000 

foot_st.R
-0.740870 0.648465 0.174939 -0.146919 
-0.668222 -0.737924 -0.094588 -0.579487 
0.067755 -0.186976 0.980025 0.090197 
0.000000 0.000000 0.000000 1.000000 

foot_fing.R
-0.711607 0.690688 0.128707 -0.049429 
-0.700661 -0.711179 -0.057435 -0.690427 
0.051865 -0.131051 0.990018 0.062087 
0.000000 0.000000 0.000000 1.000000 

Frame 5
Bone
1.000000 0.000000 0.000000 0.000000 
0.000000 0.000000 -1.000000 0.000000 
0.000000 1.000000 0.000000 0.000000 
0.000000 0.000000 0.000000 1.000000 

ass_base
-0.534655 -0.012664 -0.844976 -0.000000 
-0.844739 -0.020008 0.534805 0.001644 
-0.023679 0.999720 0.000000 1.551324 
0.000000 0.000000 0.000000 1.000000 

ass.L
0.911522 0.404229 0.075675 -0.002557 
-0.406875 0.913197 0.022923 -0.002396 
-0.059840 -0.051685 0.996869 1.753156 
0.000000 0.000000 0.000000 1.000000 

hip.L
0.842808 -0.031963 0.537264 0.088845 
-0.523198 0.185496 0.831779 0.204089 
-0.126247 -0.982125 0.139614 1.741470 
0.000000 0.000000 0.000000 1.000000 

leg.L
-0.298713 0.006610 0.954320 0.067539 
-0.914255 0.284801 -0.288145 0.327732 
-0.273696 -0.958564 -0.079031 1.086831 
0.000000 0.000000 0.000000 1.000000 

foot.L
0.957724 0.039007 0.285031 0.073567 
-0.287484 0.167009 0.943113 0.587434 
-0.010815 -0.985183 0.171162 0.212743 
0.000000 0.000000 0.000000 1.000000 

foot_st.L
-0.074768 0.983711 0.163469 0.078677 
-0.993861 -0.060104 -0.092885 0.609316 
-0.081547 -0.169410 0.982166 0.083660 
0.000000 0.000000 0.000000 1.000000 

foot_fing.L
-0.116791 0.987414 0.106645 0.226568 
-0.991664 -0.110056 -0.067011 0.600280 
-0.054431 -0.113582 0.992036 0.058191 
0.000000 0.000000 0.000000 1.000000 

back
-0.420518 0.123565 -0.898831 -0.002557 
-0.907242 -0.047687 0.417897 -0.002396 
0.008775 0.991190 0.132157 1.753156 
0.000000 0.000000 0.000000 1.000000 

chest
-0.420857 -0.218229 -0.880486 0.050320 
-0.907125 0.103519 0.407933 -0.022802 
0.002124 0.970392 -0.241528 2.177315 
0.000000 0.000000 0.000000 1.000000 

upshldr.L
0.946271 0.305213 0.106848 -0.099376 
-0.319538 0.933277 0.163983 0.048208 
-0.049670 -0.189314 0.980660 2.842966 
0.000000 0.000000 0.000000 1.000000 

shldr.L
0.790690 0.239756 0.563318 0.033912 
-0.610739 0.244983 0.752982 0.455774 
0.042529 -0.939415 0.340133 2.760291 
0.000000 0.000000 0.000000 1.000000 

arm.L
0.883629 -0.000918 0.468188 0.065762 
-0.423105 0.426588 0.799378 0.488318 
-0.200457 -0.904446 0.376557 2.635497 
0.000000 0.000000 0.000000 1.000000 

forearm1.L
0.850301 0.275088 0.448681 0.065237 
-0.518223 0.288871 0.804984 0.732039 
0.091830 -0.916995 0.388184 2.118765 
0.000000 0.000000 0.000000 1.000000 

forearm2.L
0.868736 0.031627 0.494265 0.129077 
-0.490470 -0.083757 0.867424 0.799078 
0.068832 -0.995984 -0.057251 1.905956 
0.000000 0.000000 0.000000 1.000000 

hand.L
0.873447 -0.042577 0.485055 0.136855 
-0.486317 -0.026730 0.873374 0.778480 
-0.024220 -0.998736 -0.044054 1.661025 
0.000000 0.000000 0.000000 1.000000 

thumb.L
0.472893 -0.161902 -0.866118 0.159751 
0.858606 -0.136119 0.494235 0.570538 
-0.197913 -0.977374 0.074641 1.580098 
0.000000 0.000000 0.000000 1.000000 

finger.L
0.297996 -0.474906 -0.828048 0.116508 
0.744704 -0.427016 0.512907 0.742310 
-0.597172 -0.769494 0.226415 1.401288 
0.000000 0.000000 0.000000 1.000000 

neck
0.123447 0.098878 0.987413 -0.099376 
0.992351 -0.012812 -0.122781 0.048208 
0.000511 0.995017 -0.099703 2.842966 
0.000000 0.000000 0.000000 1.000000 

head
0.002121 0.292710 -0.956199 -0.076265 
-0.999962 0.008773 0.000468 0.045213 
0.008526 0.956161 0.292717 3.075537 
0.000000 0.000000 0.000000 1.000000 

chest.002
-0.420857 0.906541 0.032619 -0.099376 
-0.907125 -0.420668 -0.012793 0.048208 
0.002124 -0.034974 0.999386 2.842966 
0.000000 0.000000 0.000000 1.000000 

upshldr.R
0.486641 -0.515838 -0.705047 -0.098148 
-0.108208 -0.836435 0.537278 0.050855 
-0.866874 -0.185170 -0.462862 2.842959 
0.000000 0.000000 0.000000 1.000000 

shldr.R
0.719412 -0.243964 0.650329 -0.323417 
-0.694358 -0.276482 0.664398 -0.314420 
0.017715 -0.929537 -0.368303 2.762095 
0.000000 0.000000 0.000000 1.000000 

arm.R
0.851058 -0.518650 -0.081866 -0.355826 
-0.021405 -0.190053 0.981540 -0.351149 
-0.524635 -0.833595 -0.172849 2.638613 
0.000000 0.000000 0.000000 1.000000 

forearm1.R
0.765726 -0.087312 0.637213 -0.652144 
-0.610423 -0.410750 0.677250 -0.459731 
0.202604 -0.907557 -0.367819 2.162359 
0.000000 0.000000 0.000000 1.000000 

forearm2.R
0.857141 0.066784 0.510734 -0.672406 
-0.512133 0.004561 0.858894 -0.555055 
0.055031 -0.997757 0.038111 1.951741 
0.000000 0.000000 0.000000 1.000000 

hand.R
0.908899 -0.023174 0.416371 -0.655983 
-0.415648 0.030467 0.909015 -0.553933 
-0.033751 -0.999267 0.018059 1.706374 
0.000000 0.000000 0.000000 1.000000 

thumb.R
0.170685 -0.840724 -0.513857 -0.475275 
0.956720 0.266158 -0.117673 -0.438922 
0.235697 -0.471532 0.849767 1.600063 
0.000000 0.000000 0.000000 1.000000 

finger.R
0.162444 0.250644 -0.954353 -0.629123 
-0.521039 0.843146 0.132750 -0.505716 
0.837932 0.475690 0.267560 1.494301 
0.000000 0.000000 0.000000 1.000000 

ass.R
-0.757833 -0.652345 0.011669 0.002555 
0.649699 -0.756159 -0.078205 0.005680 
0.059840 -0.051685 0.996869 1.753156 
0.000000 0.000000 0.000000 1.000000 

hip.R
0.830054 0.100185 0.548610 -0.144949 
-0.509892 -0.262100 0.819338 -0.165297 
0.225876 -0.959826 -0.166473 1.741470 
0.000000 0.000000 0.000000 1.000000 

leg.R
0.844343 -0.058674 0.532582 -0.078170 
-0.529292 -0.245833 0.812045 -0.340000 
0.083280 -0.967534 -0.238623 1.101694 
0.000000 0.000000 0.000000 1.000000 

foot.R
0.862399 -0.116361 0.492676 -0.131673 
-0.504490 -0.116916 0.855465 -0.564169 
-0.041941 -0.986301 -0.159531 0.219426 
0.000000 0.000000 0.000000 1.000000 

foot_st.R
-0.740870 0.648465 0.174939 -0.146919 
-0.668222 -0.737924 -0.094588 -0.579487 
0.067755 -0.186976 0.980025 0.090197 
0.000000 0.000000 0.000000 1.000000 

foot_fing.R
-0.711607 0.690688 0.128707 -0.049429 
-0.700661 -0.711179 -0.057435 -0.690427 
0.051865 -0.131051 0.990018 0.062087 
0.000000 0.000000 0.000000 1.000000 

Frame 6
Bone
1.000000 0.000000 0.000000 0.000000 
0.000000 0.000000 -1.000000 0.000000 
0.000000 1.000000 0.000000 0.000000 
0.000000 0.000000 0.000000 1.000000 

ass_base
-0.534655 -0.012664 -0.844976 -0.000000 
-0.844739 -0.020008 0.534805 0.001644 
-0.023679 0.999720 0.000000 1.551324 
0.000000 0.000000 0.000000 1.000000 

ass.L
0.911522 0.404229 0.075675 -0.002557 
-0.406875 0.913197 0.022923 -0.002396 
-0.059840 -0.051685 0.996869 1.753156 
0.000000 0.000000 0.000000 1.000000 

hip.L
0.842808 -0.031963 0.537264 0.088845 
-0.523198 0.185496 0.831779 0.204089 
-0.126247 -0.982125 0.139614 1.741470 
0.000000 0.000000 0.000000 1.000000 

leg.L
-0.298713 0.006610 0.954320 0.067539 
-0.914255 0.284801 -0.288145 0.327732 
-0.273696 -0.958564 -0.079031 1.086831 
0.000000 0.000000 0.000000 1.000000 

foot.L
0.957724 0.039007 0.285031 0.073567 
-0.287484 0.167009 0.943113 0.587434 
-0.010815 -0.985183 0.171162 0.212743 
0.000000 0.000000 0.000000 1.000000 

foot_st.L
-0.074768 0.983711 0.163469 0.078677 
-0.993861 -0.060104 -0.092885 0.609316 
-0.081547 -0.169410 0.982166 0.083660 
0.000000 0.000000 0.000000 1.000000 

foot_fing.L
-0.116791 0.987414 0.106645 0.226568 
-0.991664 -0.110056 -0.067011 0.600280 
-0.054431 -0.113582 0.992036 0.058191 
0.000000 0.000000 0.000000 1.000000 

back
-0.420518 0.123565 -0.898831 -0.002557 
-0.907242 -0.047687 0.417897 -0.002396 
0.008775 0.991190 0.132157 1.753156 
0.000000 0.000000 0.000000 1.000000 

chest
-0.420857 -0.218229 -0.880486 0.050320 
-0.907125 0.103519 0.407933 -0.022802 
0.002124 0.970392 -0.241528 2.177315 
0.000000 0.000000 0.000000 1.000000 

upshldr.L
0.946271 0.305213 0.106848 -0.099376 
-0.319538 0.933277 0.163983 0.048208 
-0.049670 -0.189314 0.980660 2.842966 
0.000000 0.000000 0.000000 1.000000 

shldr.L
0.790690 0.239756 0.563318 0.033912 
-0.610739 0.244983 0.752982 0.455774 
0.042529 -0.939415 0.340133 2.760291 
0.000000 0.000000 0.000000 1.000000 

arm.L
0.883629 -0.000918 0.468188 0.065762 
-0.423105 0.426588 0.799378 0.488318 
-0.200457 -0.904446 0.376557 2.635497 
0.000000 0.000000 0.000000 1.000000 

forearm1.L
0.850301 0.275088 0.448681 0.065237 
-0.518223 0.288871 0.804984 0.732039 
0.091830 -0.916995 0.388184 2.118765 
0.000000 0.000000 0.000000 1.000000 

forearm2.L
0.868736 0.031627 0.494265 0.129077 
-0.490470 -0.083757 0.867424 0.799078 
0.068832 -0.995984 -0.057251 1.905956 
0.000000 0.000000 0.000000 1.000000 

hand.L
0.873447 -0.042577 0.485055 0.136855 
-0.486317 -0.026730 0.873374 0.778480 
-0.024220 -0.998736 -0.044054 1.661025 
0.000000 0.000000 0.000000 1.000000 

thumb.L
0.472893 -0.161902 -0.866118 0.159751 
0.858606 -0.136119 0.494235 0.570538 
-0.197913 -0.977374 0.074641 1.580098 
0.000000 0.000000 0.000000 1.000000 

finger.L
0.297996 -0.474906 -0.828048 0.116508 
0.744704 -0.427016 0.512907 0.742310 
-0.597172 -0.769494 0.226415 1.401288 
0.000000 0.000000 0.000000 1.000000 

neck
0.123447 0.098878 0.987413 -0.099376 
0.992351 -0.012812 -0.122781 0.048208 
0.000511 0.995017 -0.099703 2.842966 
0.000000 0.000000 0.000000 1.000000 

head
0.002121 0.292710 -0.956199 -0.076265 
-0.999962 0.008773 0.000468 0.045213 
0.008526 0.956161 0.292717 3.075537 
0.000000 0.000000 0.000000 1.000000 

chest.002
-0.420857 0.906541 0.032619 -0.099376 
-0.907125 -0.420668 -0.012793 0.048208 
0.002124 -0.034974 0.999386 2.842966 
0.000000 0.000000 0.000000 1.000000 

upshldr.R
0.486641 -0.515838 -0.705047 -0.098148 
-0.108208 -0.836435 0.537278 0.050855 
-0.866874 -0.185170 -0.462862 2.842959 
0.000000 0.000000 0.000000 1.000000 

shldr.R
0.719412 -0.243964 0.650329 -0.323417 
-0.694358 -0.276482 0.664398 -0.314420 
0.017715 -0.929537 -0.368303 2.762095 
0.000000 0.000000 0.000000 1.000000 

arm.R
0.851058 -0.518650 -0.081866 -0.355826 
-0.021405 -0.190053 0.981540 -0.351149 
-0.524635 -0.833595 -0.172849 2.638613 
0.000000 0.000000 0.000000 1.000000 

forearm1.R
0.765726 -0.087312 0.637213 -0.652144 
-0.610423 -0.410750 0.677250 -0.459731 
0.202604 -0.907557 -0.367819 2.162359 
0.000000 0.000000 0.000000 1.000000 

forearm2.R
0.857141 0.066784 0.510734 -0.672406 
-0.512133 0.004561 0.858894 -0.555055 
0.055031 -0.997757 0.038111 1.951741 
0.000000 0.000000 0.000000 1.000000 

hand.R
0.908899 -0.023174 0.416371 -0.655983 
-0.415648 0.030467 0.909015 -0.553933 
-0.033751 -0.999267 0.018059 1.706374 
0.000000 0.000000 0.000000 1.000000 

thumb.R
0.170685 -0.840724 -0.513857 -0.475275 
0.956720 0.266158 -0.117673 -0.438922 
0.235697 -0.471532 0.849767 1.600063 
0.000000 0.000000 0.000000 1.000000 

finger.R
0.162444 0.250644 -0.954353 -0.629123 
-0.521039 0.843146 0.132750 -0.505716 
0.837932 0.475690 0.267560 1.494301 
0.000000 0.000000 0.000000 1.000000 

ass.R
-0.757833 -0.652345 0.011669 0.002555 
0.649699 -0.756159 -0.078205 0.005680 
0.059840 -0.051685 0.996869 1.753156 
0.000000 0.000000 0.000000 1.000000 

hip.R
0.830054 0.100185 0.548610 -0.144949 
-0.509892 -0.262100 0.819338 -0.165297 
0.225876 -0.959826 -0.166473 1.741470 
0.000000 0.000000 0.000000 1.000000 

leg.R
0.844343 -0.058674 0.532582 -0.078170 
-0.529292 -0.245833 0.812045 -0.340000 
0.083280 -0.967534 -0.238623 1.101694 
0.000000 0.000000 0.000000 1.000000 

foot.R
0.862399 -0.116361 0.492676 -0.131673 
-0.504490 -0.116916 0.855465 -0.564169 
-0.041941 -0.986301 -0.159531 0.219426 
0.000000 0.000000 0.000000 1.000000 

foot_st.R
-0.740870 0.648465 0.174939 -0.146919 
-0.668222 -0.737924 -0.094588 -0.579487 
0.067755 -0.186976 0.980025 0.090197 
0.000000 0.000000 0.000000 1.000000 

foot_fing.R
-0.711607 0.690688 0.128707 -0.049429 
-0.700661 -0.711179 -0.057435 -0.690427 
0.051865 -0.131051 0.990018 0.062087 
0.000000 0.000000 0.000000 1.000000 

Frame 7
Bone
1.000000 0.000000 0.000000 0.000000 
0.000000 0.000000 -1.000000 0.000000 
0.000000 1.000000 0.000000 0.000000 
