simple game object export addon
Bones 35
[
Bone root
1.000000 0.000000 0.000000 0.000000 
0.000000 0.000000 -1.000000 0.000000 
0.000000 1.000000 0.000000 0.000000 
0.000000 0.000000 0.000000 1.000000 

ass_base Bone
0.999720 0.023679 0.000000 0.000000 
0.000000 0.000000 -1.000000 0.380001 
-0.023679 0.999720 0.000000 1.569569 
0.000000 0.000000 0.000000 1.000000 

ass.L ass_base
-0.143687 -0.987812 -0.059840 0.004781 
0.987812 -0.146818 0.051685 0.380001 
-0.059840 -0.051685 0.996869 1.771401 
0.000000 0.000000 0.000000 1.000000 

hip.L ass.L
-0.007780 -0.152607 -0.988256 -0.218576 
0.998992 -0.044871 -0.000936 0.346804 
-0.044201 -0.987268 0.152802 1.759715 
0.000000 0.000000 0.000000 1.000000 

leg.L hip.L
0.929263 -0.256886 -0.265480 -0.320297 
0.256886 -0.067102 0.964109 0.316895 
-0.265480 -0.964109 0.003635 1.101648 
0.000000 0.000000 0.000000 1.000000 

foot.L leg.L
-0.045399 -0.141237 -0.988934 -0.554544 
0.987142 -0.158225 -0.022719 0.255707 
-0.153265 -0.977250 0.146604 0.222503 
0.000000 0.000000 0.000000 1.000000 

foot_st.L foot.L
0.964577 -0.263765 0.004419 -0.573049 
0.248339 0.913561 0.322078 0.234976 
-0.088990 -0.309571 0.946703 0.094460 
0.000000 0.000000 0.000000 1.000000 

foot_fing.L foot_st.L
0.975604 -0.219530 -0.001477 -0.612704 
0.212245 0.941470 0.261888 0.372320 
-0.056102 -0.255813 0.965097 0.047919 
0.000000 0.000000 0.000000 1.000000 

back ass_base
0.999948 -0.007758 0.006581 0.004781 
0.007758 0.162985 -0.986598 0.380001 
0.006581 0.986598 0.163037 1.771401 
0.000000 0.000000 0.000000 1.000000 

chest back
1.000000 -0.000000 -0.000000 0.001461 
-0.000000 -0.275319 -0.961353 0.449747 
-0.000000 0.961353 -0.275319 2.193595 
0.000000 0.000000 0.000000 1.000000 

upshldr.L chest
-0.108490 -0.975451 -0.191637 0.001461 
0.993989 -0.109291 -0.006418 0.260889 
-0.014684 -0.191182 0.981445 2.853046 
0.000000 0.000000 0.000000 1.000000 

shldr.L upshldr.L
0.162044 -0.761551 -0.627520 -0.424523 
0.986608 0.113028 0.117602 0.213161 
-0.018633 -0.638173 0.769668 2.769556 
0.000000 0.000000 0.000000 1.000000 

arm.L shldr.L
-0.141752 -0.783238 -0.605347 -0.525690 
0.982421 -0.186353 0.011066 0.228176 
-0.121476 -0.593136 0.795885 2.684779 
0.000000 0.000000 0.000000 1.000000 

forearm1.L arm.L
0.092682 -0.797826 -0.595721 -0.973173 
0.992489 0.122001 -0.008980 0.121708 
0.079843 -0.590415 0.803141 2.345906 
0.000000 0.000000 0.000000 1.000000 

forearm2.L forearm1.L
0.052421 -0.456231 -0.888316 -1.158326 
0.995651 0.092480 0.011258 0.150021 
0.077015 -0.885043 0.459095 2.208887 
0.000000 0.000000 0.000000 1.000000 

hand.L forearm2.L
-0.000000 -0.470588 -0.882353 -1.270522 
1.000000 0.000000 0.000000 0.172763 
-0.000000 -0.882353 0.470588 1.991239 
0.000000 0.000000 0.000000 1.000000 

thumb.L hand.L
-0.944490 -0.328117 0.016665 -1.163414 
0.000285 -0.051544 -0.998671 0.295848 
0.328540 -0.943230 0.048776 1.837319 
0.000000 0.000000 0.000000 1.000000 

finger.L hand.L
-0.989967 0.125869 0.064213 -1.366973 
-0.087415 -0.188502 -0.978174 0.178873 
-0.111017 -0.973973 0.197614 1.746606 
0.000000 0.000000 0.000000 1.000000 

neck chest
-1.000000 -0.000000 0.000000 0.001461 
0.000000 0.063700 0.997969 0.260889 
-0.000000 0.997969 -0.063700 2.853046 
0.000000 0.000000 0.000000 1.000000 

head neck
1.000000 -0.000000 -0.000000 0.001461 
-0.000000 0.254493 -0.967075 0.275778 
-0.000000 0.967075 0.254493 3.086307 
0.000000 0.000000 0.000000 1.000000 

chest.002 chest
1.000000 0.000000 0.000000 0.001461 
-0.000000 1.000000 -0.000000 0.260889 
-0.000000 0.000000 1.000000 2.853046 
0.000000 0.000000 0.000000 1.000000 

upshldr.R chest
-0.108490 0.975451 -0.191637 -0.001457 
0.516998 -0.109291 -0.848981 0.260889 
-0.849084 -0.191182 -0.492449 2.853046 
0.000000 0.000000 0.000000 1.000000 

shldr.R upshldr.R
0.162044 0.761551 -0.627520 0.424527 
0.920194 0.113028 0.374791 0.213161 
0.356350 -0.638172 -0.682459 2.769556 
0.000000 0.000000 0.000000 1.000000 

arm.R shldr.R
-0.141752 0.783238 -0.605347 0.525694 
0.875368 -0.186353 -0.446098 0.228176 
-0.462209 -0.593136 -0.659206 2.684779 
0.000000 0.000000 0.000000 1.000000 

forearm1.R arm.R
0.092682 0.797826 -0.595721 0.973177 
0.942850 0.122001 0.310080 0.121708 
0.320068 -0.590414 -0.740923 2.345906 
0.000000 0.000000 0.000000 1.000000 

forearm2.R forearm1.R
0.052421 0.456231 -0.888316 1.158330 
0.990065 0.092480 0.105922 0.150021 
0.130476 -0.885043 -0.446850 2.208887 
0.000000 0.000000 0.000000 1.000000 

hand.R forearm2.R
-0.000000 0.470588 -0.882353 1.270525 
1.000000 -0.000000 -0.000000 0.172764 
-0.000000 -0.882353 -0.470588 1.991239 
0.000000 0.000000 0.000000 1.000000 

thumb.R hand.R
-0.944490 0.328117 0.016665 1.163417 
-0.035516 -0.051544 -0.998039 0.295848 
-0.326615 -0.943229 0.060336 1.837319 
0.000000 0.000000 0.000000 1.000000 

finger.R hand.R
-0.989966 -0.125869 0.064213 1.366977 
-0.039682 -0.188502 -0.981271 0.178873 
0.135615 -0.973973 0.181616 1.746606 
0.000000 0.000000 0.000000 1.000000 

ass.R ass_base
-0.143687 0.987812 0.059840 -0.004777 
-0.987812 -0.146818 0.051685 0.380001 
0.059840 -0.051685 0.996869 1.771401 
0.000000 0.000000 0.000000 1.000000 

hip.R ass.R
-0.007780 0.152607 -0.988256 0.218580 
0.998883 -0.044871 -0.014793 0.346804 
-0.046601 -0.987267 -0.152088 1.759715 
0.000000 0.000000 0.000000 1.000000 

leg.R hip.R
-0.015681 0.256886 -0.966315 0.320301 
0.997166 -0.067102 -0.034020 0.316895 
-0.073580 -0.964109 -0.255105 1.101648 
0.000000 0.000000 0.000000 1.000000 

foot.R leg.R
-0.045399 0.141237 -0.988934 0.554548 
0.985071 -0.158225 -0.067819 0.255707 
-0.166052 -0.977250 -0.131945 0.222503 
0.000000 0.000000 0.000000 1.000000 

foot_st.R foot.R
0.964577 0.263765 0.004419 0.573053 
-0.251280 0.913561 0.319788 0.234976 
0.080312 -0.309571 0.947478 0.094460 
0.000000 0.000000 0.000000 1.000000 

foot_fing.R foot_st.R
0.975605 0.219530 -0.001477 0.612707 
-0.211451 0.941470 0.262530 0.372320 
0.059023 -0.255813 0.964922 0.047919 
0.000000 0.000000 0.000000 1.000000 

];
