simple game object export addon
Bones 10
[
Head_Base root
1.000000 0.000000 0.000000 0.001461 
0.000000 0.254493 -0.967075 0.275778 
0.000000 0.967075 0.254493 3.086307 
0.000000 0.000000 0.000000 1.000000 

jaw Head_Base
1.000000 -0.000000 -0.000000 0.000000 
0.000000 0.781878 0.623431 0.402757 
0.000000 -0.623431 0.781878 3.134906 
0.000000 0.000000 0.000000 1.000000 

dwn_lip jaw
1.000000 0.000000 -0.000000 0.000000 
-0.000000 0.033749 -0.999430 0.551455 
-0.000000 0.999430 0.033749 3.039467 
0.000000 0.000000 0.000000 1.000000 

dwn_lip.r jaw
1.000000 0.000000 0.000000 -0.061439 
0.000000 0.015553 -0.999879 0.528447 
-0.000000 0.999879 0.015554 3.050207 
0.000000 0.000000 0.000000 1.000000 

dwn_lip.l jaw
1.000000 -0.000000 0.000000 0.065656 
0.000000 0.015554 -0.999879 0.528447 
0.000000 0.999879 0.015554 3.050207 
0.000000 0.000000 0.000000 1.000000 

up_lip.r Head_Base
1.000000 0.000000 0.000000 -0.063246 
0.000000 0.989503 0.144514 0.402757 
0.000000 -0.144514 0.989503 3.135509 
0.000000 0.000000 0.000000 1.000000 

up_lip.l Head_Base
1.000000 0.000000 0.000000 0.065656 
0.000000 0.989503 0.144514 0.402757 
0.000000 -0.144514 0.989503 3.135509 
0.000000 0.000000 0.000000 1.000000 

up_lip Head_Base
1.000000 0.000000 -0.000000 0.000000 
0.000000 0.999379 0.035245 0.402757 
0.000000 -0.035245 0.999379 3.134906 
0.000000 0.000000 0.000000 1.000000 

lip.r Head_Base
1.000000 0.000000 0.000000 0.110443 
0.000000 0.982873 0.184286 0.383118 
0.000000 -0.184285 0.982873 3.118100 
0.000000 0.000000 0.000000 1.000000 

lip.l Head_Base
1.000000 0.000000 0.000000 -0.112452 
0.000000 0.982873 0.184286 0.383118 
0.000000 -0.184285 0.982873 3.118100 
0.000000 0.000000 0.000000 1.000000 

];
