simple game object export addon
Bones 56
[
Frames 250
Frame 1
base
1.000000 0.000000 0.000000 0.000000 
0.000000 0.000000 -1.000000 0.000000 
0.000000 1.000000 0.000000 0.000000 
0.000000 0.000000 0.000000 1.000000 

ass
1.000000 0.000000 -0.000000 0.000000 
-0.000000 -0.616559 -0.787309 0.083423 
-0.000000 0.787309 -0.616559 1.501009 
0.000000 0.000000 0.000000 1.000000 

waist
-1.000000 -0.000000 -0.000000 0.000000 
-0.000000 -0.042515 0.999096 -0.052825 
-0.000000 0.999096 0.042515 1.674989 
0.000000 0.000000 0.000000 1.000000 

torso
1.000000 -0.000000 -0.000000 -0.000000 
-0.000000 0.355322 -0.934744 -0.059619 
0.000000 0.934745 0.355322 1.834633 
0.000000 0.000000 0.000000 1.000000 

neck
-1.000000 -0.000000 -0.000001 0.000000 
-0.000001 -0.412263 0.911065 0.110027 
-0.000000 0.911065 0.412264 2.280921 
0.000000 0.000000 0.000000 1.000000 

head
1.000000 0.000000 0.000000 0.000000 
0.000000 -0.283265 -0.959042 0.045301 
-0.000000 0.959042 -0.283266 2.423959 
0.000000 0.000000 0.000000 1.000000 

shoulder.L
0.174220 0.970485 0.166754 0.000000 
-0.975016 0.146314 0.167145 0.110027 
0.137813 -0.191708 0.971729 2.280921 
0.000000 0.000000 0.000000 1.000000 

shoulder.L.001
0.000000 0.894428 0.447213 0.283239 
-1.000000 0.000000 0.000000 0.152729 
0.000000 -0.447214 0.894428 2.224970 
0.000000 0.000000 0.000000 1.000000 

shoulder.L.002
0.163021 0.976435 0.141421 0.357966 
-0.986348 0.164676 -0.000000 0.152729 
-0.023289 -0.139490 0.989950 2.187606 
0.000000 0.000000 0.000000 1.000000 

shoulder.L.003
-0.281117 0.959674 -0.000000 0.595734 
-0.959674 -0.281117 0.000000 0.192829 
-0.000000 -0.000000 1.000001 2.153640 
0.000000 0.000000 0.000000 1.000000 

shoulder.L.004
-0.164634 0.982242 0.089986 0.829256 
-0.986355 -0.164011 -0.014327 0.124424 
0.000685 -0.091117 0.995841 2.153640 
0.000000 0.000000 0.000000 1.000000 

shoulder.L.005
-0.054465 0.998516 -0.000000 1.041156 
-0.998516 -0.054465 0.000000 0.089041 
-0.000000 -0.000000 1.000001 2.133983 
0.000000 0.000000 0.000000 1.000000 

shoulder.L.006
-0.738005 0.563027 0.371955 1.076793 
-0.636211 -0.764277 -0.105438 0.001700 
0.224912 -0.314456 0.922244 2.103269 
0.000000 0.000000 0.000000 1.000000 

shoulder.L.007
-0.727014 0.656106 0.202428 1.105308 
-0.686623 -0.694701 -0.214336 -0.037007 
0.000000 -0.294818 0.955554 2.087344 
0.000000 0.000000 0.000000 1.000000 

shoulder.L.008
-0.267380 0.915743 0.299872 1.178732 
-0.962876 -0.265902 -0.046539 0.035841 
0.037119 -0.301184 0.952844 2.123745 
0.000000 0.000000 0.000000 1.000000 

shoulder.L.009
-0.328525 0.944495 0.001067 1.227154 
-0.728355 -0.252625 -0.636929 0.021781 
-0.601307 -0.210025 0.770922 2.107820 
0.000000 0.000000 0.000000 1.000000 

shoulder.L.010
-0.199393 0.956268 0.213995 1.262964 
-0.979912 -0.193739 -0.047297 0.012203 
-0.003770 -0.219128 0.975690 2.099857 
0.000000 0.000000 0.000000 1.000000 

shoulder.L.011
-0.059339 0.952378 0.299091 1.193678 
-0.997788 -0.047594 -0.046408 0.076748 
-0.029963 -0.301184 0.953096 2.133345 
0.000000 0.000000 0.000000 1.000000 

shoulder.L.012
-0.158808 0.977294 0.140274 1.244037 
-0.753142 -0.028046 -0.657260 0.074232 
-0.638403 -0.210025 0.740495 2.117420 
0.000000 0.000000 0.000000 1.000000 

shoulder.L.013
0.020661 0.975173 0.220481 1.281090 
-0.998344 0.031969 -0.047840 0.073168 
-0.053701 -0.219128 0.974218 2.109457 
0.000000 0.000000 0.000000 1.000000 

shoulder.L.014
0.094880 0.946673 0.307911 1.182985 
-0.992359 0.114452 -0.046098 0.113191 
-0.078881 -0.301185 0.950299 2.130159 
0.000000 0.000000 0.000000 1.000000 

shoulder.L.015
-0.037838 0.967916 0.248410 1.224367 
-0.746307 0.137939 -0.651152 0.118194 
-0.664526 -0.210029 0.717144 2.116993 
0.000000 0.000000 0.000000 1.000000 

shoulder.L.016
0.078613 0.970607 0.227470 1.254706 
-0.994677 0.091615 -0.047164 0.122518 
-0.066618 -0.222552 0.972643 2.110409 
0.000000 0.000000 0.000000 1.000000 

shoulder.L.017
0.172547 0.882644 0.437228 1.165921 
-0.979545 0.200417 -0.018021 0.144051 
-0.103535 -0.425175 0.899171 2.120103 
0.000000 0.000000 0.000000 1.000000 

shoulder.L.018
-0.055530 0.913879 0.402173 1.193282 
-0.753838 0.225747 -0.617063 0.150264 
-0.654711 -0.337439 0.676381 2.106923 
0.000000 0.000000 0.000000 1.000000 

shoulder.L.019
0.159981 0.919015 0.360302 1.213594 
-0.983444 0.179861 -0.022102 0.155281 
-0.085117 -0.350801 0.932575 2.099423 
0.000000 0.000000 0.000000 1.000000 

shoulder.R
0.174220 -0.970485 -0.166754 -0.000000 
0.975015 0.146314 0.167145 0.110027 
-0.137813 -0.191708 0.971729 2.280921 
0.000000 0.000000 0.000000 1.000000 

shoulder.R.001
0.000000 -0.894427 -0.447213 -0.283239 
1.000000 0.000000 0.000000 0.152729 
-0.000000 -0.447214 0.894428 2.224970 
0.000000 0.000000 0.000000 1.000000 

shoulder.R.002
0.163021 -0.976435 -0.141421 -0.357966 
0.986348 0.164676 -0.000000 0.152729 
0.023289 -0.139490 0.989950 2.187606 
0.000000 0.000000 0.000000 1.000000 

shoulder.R.003
-0.281117 -0.959674 0.000000 -0.595734 
0.959674 -0.281117 0.000000 0.192829 
0.000000 0.000000 1.000001 2.153640 
0.000000 0.000000 0.000000 1.000000 

shoulder.R.004
-0.164634 -0.982242 -0.089986 -0.829256 
0.986354 -0.164011 -0.014327 0.124424 
-0.000685 -0.091117 0.995841 2.153640 
0.000000 0.000000 0.000000 1.000000 

shoulder.R.005
-0.054465 -0.998516 0.000000 -1.041156 
0.998516 -0.054464 0.000000 0.089041 
0.000000 -0.000000 1.000001 2.133983 
0.000000 0.000000 0.000000 1.000000 

shoulder.R.006
-0.738005 -0.563027 -0.371955 -1.076793 
0.636211 -0.764277 -0.105439 0.001700 
-0.224912 -0.314456 0.922244 2.103269 
0.000000 0.000000 0.000000 1.000000 

shoulder.R.007
-0.727014 -0.656105 -0.202428 -1.105308 
0.686623 -0.694700 -0.214336 -0.037007 
-0.000000 -0.294817 0.955554 2.087344 
0.000000 0.000000 0.000000 1.000000 

shoulder.R.008
-0.267380 -0.915743 -0.299873 -1.178732 
0.962876 -0.265902 -0.046539 0.035841 
-0.037119 -0.301184 0.952844 2.123745 
0.000000 0.000000 0.000000 1.000000 

shoulder.R.009
-0.328525 -0.944495 -0.001067 -1.227154 
0.728355 -0.252625 -0.636929 0.021781 
0.601307 -0.210025 0.770922 2.107820 
0.000000 0.000000 0.000000 1.000000 

shoulder.R.010
-0.199393 -0.956268 -0.213995 -1.262964 
0.979912 -0.193739 -0.047297 0.012203 
0.003770 -0.219128 0.975690 2.099857 
0.000000 0.000000 0.000000 1.000000 

shoulder.R.011
-0.059339 -0.952378 -0.299092 -1.193678 
0.997788 -0.047594 -0.046408 0.076748 
0.029963 -0.301184 0.953096 2.133345 
0.000000 0.000000 0.000000 1.000000 

shoulder.R.012
-0.158808 -0.977294 -0.140274 -1.244037 
0.753142 -0.028046 -0.657260 0.074232 
0.638403 -0.210025 0.740495 2.117420 
0.000000 0.000000 0.000000 1.000000 

shoulder.R.013
0.020661 -0.975172 -0.220481 -1.281090 
0.998343 0.031969 -0.047841 0.073168 
0.053702 -0.219128 0.974218 2.109457 
0.000000 0.000000 0.000000 1.000000 

shoulder.R.014
0.094880 -0.946672 -0.307911 -1.182985 
0.992359 0.114452 -0.046098 0.113191 
0.078881 -0.301185 0.950298 2.130159 
0.000000 0.000000 0.000000 1.000000 

shoulder.R.015
-0.037838 -0.967916 -0.248410 -1.224367 
0.746307 0.137939 -0.651151 0.118194 
0.664526 -0.210029 0.717144 2.116993 
0.000000 0.000000 0.000000 1.000000 

shoulder.R.016
0.078613 -0.970607 -0.227470 -1.254706 
0.994677 0.091615 -0.047164 0.122518 
0.066618 -0.222552 0.972643 2.110409 
0.000000 0.000000 0.000000 1.000000 

shoulder.R.017
0.172547 -0.882643 -0.437228 -1.165921 
0.979545 0.200417 -0.018021 0.144051 
0.103534 -0.425176 0.899171 2.120103 
0.000000 0.000000 0.000000 1.000000 

shoulder.R.018
-0.055530 -0.913879 -0.402173 -1.193282 
0.753838 0.225747 -0.617063 0.150263 
0.654710 -0.337439 0.676380 2.106923 
0.000000 0.000000 0.000000 1.000000 

shoulder.R.019
0.159981 -0.919015 -0.360302 -1.213594 
0.983443 0.179861 -0.022102 0.155281 
0.085117 -0.350801 0.932574 2.099423 
0.000000 0.000000 0.000000 1.000000 

leg.L
0.079618 0.959365 0.270701 0.000000 
-0.959365 0.000000 0.282167 0.083423 
0.270701 -0.282166 0.920382 1.501009 
0.000000 0.000000 0.000000 1.000000 

leg.L.002
-0.026957 0.128409 0.991355 0.167082 
-0.978667 -0.205455 0.000000 0.083423 
0.203679 -0.970206 0.131209 1.451867 
0.000000 0.000000 0.000000 1.000000 

leg.L.003
-0.998780 0.049371 -0.000068 0.181825 
-0.003227 -0.066651 -0.997771 0.059835 
-0.049266 -0.996554 0.066729 1.340479 
0.000000 0.000000 0.000000 1.000000 

leg.L.004
-0.993591 0.113038 -0.000017 0.208034 
-0.005075 -0.044763 -0.998985 0.024452 
-0.112924 -0.992582 0.045050 0.811450 
0.000000 0.000000 0.000000 1.000000 

leg.L.005
-0.990223 0.139491 -0.000066 0.273556 
-0.059510 -0.422878 -0.904230 -0.001495 
-0.126160 -0.895386 0.427045 0.236097 
0.000000 0.000000 0.000000 1.000000 

leg.R
0.079620 -0.959364 -0.270704 0.000000 
0.959364 -0.000000 0.282170 0.083423 
-0.270704 -0.282170 0.920380 1.501009 
0.000000 0.000000 0.000000 1.000000 

leg.R.002
-0.026981 -0.128429 -0.991351 -0.167080 
0.978667 -0.205455 -0.000020 0.083423 
-0.203675 -0.970203 0.131233 1.451867 
0.000000 0.000000 0.000000 1.000000 

leg.R.003
-0.998780 -0.049371 0.000068 -0.181825 
0.003227 -0.066651 -0.997771 0.059835 
0.049265 -0.996554 0.066729 1.340479 
0.000000 0.000000 0.000000 1.000000 

leg.R.004
-0.993591 -0.113038 0.000017 -0.208034 
0.005075 -0.044763 -0.998985 0.024452 
0.112923 -0.992582 0.045050 0.811450 
0.000000 0.000000 0.000000 1.000000 

leg.R.005
-0.990223 -0.139491 0.000066 -0.273556 
0.059509 -0.422878 -0.904230 -0.001495 
0.126160 -0.895386 0.427045 0.236098 
0.000000 0.000000 0.000000 1.000000 

Frame 2
base
1.000000 0.000000 0.000000 0.000000 
0.000000 0.000000 -1.000000 0.000000 
0.000000 1.000000 0.000000 0.000000 
0.000000 0.000000 0.000000 1.000000 

ass
1.000000 0.000000 -0.000000 0.000000 
-0.000000 -0.616559 -0.787309 0.083423 
-0.000000 0.787309 -0.616559 1.501009 
0.000000 0.000000 0.000000 1.000000 

waist
-1.000000 -0.000000 -0.000000 0.000000 
-0.000000 -0.042515 0.999096 -0.052825 
-0.000000 0.999096 0.042515 1.674989 
0.000000 0.000000 0.000000 1.000000 

torso
1.000000 -0.000000 -0.000000 -0.000000 
-0.000000 0.355322 -0.934744 -0.059619 
0.000000 0.934745 0.355322 1.834633 
0.000000 0.000000 0.000000 1.000000 

neck
-1.000000 -0.000000 -0.000001 0.000000 
-0.000001 -0.412263 0.911065 0.110027 
-0.000000 0.911065 0.412264 2.280921 
0.000000 0.000000 0.000000 1.000000 

head
1.000000 0.000000 0.000000 0.000000 
0.000000 -0.283265 -0.959042 0.045301 
-0.000000 0.959042 -0.283266 2.423959 
0.000000 0.000000 0.000000 1.000000 

shoulder.L
0.174220 0.970485 0.166754 0.000000 
-0.975016 0.146314 0.167145 0.110027 
0.137813 -0.191708 0.971729 2.280921 
0.000000 0.000000 0.000000 1.000000 

shoulder.L.001
0.000000 0.894428 0.447213 0.283239 
-1.000000 0.000000 0.000000 0.152729 
0.000000 -0.447214 0.894428 2.224970 
0.000000 0.000000 0.000000 1.000000 

shoulder.L.002
0.163021 0.976435 0.141421 0.357966 
-0.986348 0.164676 -0.000000 0.152729 
-0.023289 -0.139490 0.989950 2.187606 
0.000000 0.000000 0.000000 1.000000 

shoulder.L.003
-0.281117 0.959674 -0.000000 0.595734 
-0.959674 -0.281117 0.000000 0.192829 
-0.000000 -0.000000 1.000001 2.153640 
0.000000 0.000000 0.000000 1.000000 

shoulder.L.004
-0.164634 0.982242 0.089986 0.829256 
-0.986355 -0.164011 -0.014327 0.124424 
0.000685 -0.091117 0.995841 2.153640 
0.000000 0.000000 0.000000 1.000000 

shoulder.L.005
-0.054465 0.998516 -0.000000 1.041156 
-0.998516 -0.054465 0.000000 0.089041 
-0.000000 -0.000000 1.000001 2.133983 
0.000000 0.000000 0.000000 1.000000 

shoulder.L.006
-0.738005 0.563027 0.371955 1.076793 
-0.636211 -0.764277 -0.105438 0.001700 
0.224912 -0.314456 0.922244 2.103269 
0.000000 0.000000 0.000000 1.000000 

shoulder.L.007
-0.727014 0.656106 0.202428 1.105308 
-0.686623 -0.694701 -0.214336 -0.037007 
0.000000 -0.294818 0.955554 2.087344 
0.000000 0.000000 0.000000 1.000000 

shoulder.L.008
-0.267380 0.915743 0.299872 1.178732 
-0.962876 -0.265902 -0.046539 0.035841 
0.037119 -0.301184 0.952844 2.123745 
0.000000 0.000000 0.000000 1.000000 

shoulder.L.009
-0.328525 0.944495 0.001067 1.227154 
-0.728355 -0.252625 -0.636929 0.021781 
-0.601307 -0.210025 0.770922 2.107820 
0.000000 0.000000 0.000000 1.000000 

shoulder.L.010
-0.199393 0.956268 0.213995 1.262964 
-0.979912 -0.193739 -0.047297 0.012203 
-0.003770 -0.219128 0.975690 2.099857 
0.000000 0.000000 0.000000 1.000000 

shoulder.L.011
-0.059339 0.952378 0.299091 1.193678 
-0.997788 -0.047594 -0.046408 0.076748 
-0.029963 -0.301184 0.953096 2.133345 
0.000000 0.000000 0.000000 1.000000 

shoulder.L.012
-0.158808 0.977294 0.140274 1.244037 
-0.753142 -0.028046 -0.657260 0.074232 
-0.638403 -0.210025 0.740495 2.117420 
0.000000 0.000000 0.000000 1.000000 

shoulder.L.013
0.020661 0.975173 0.220481 1.281090 
-0.998344 0.031969 -0.047840 0.073168 
-0.053701 -0.219128 0.974218 2.109457 
0.000000 0.000000 0.000000 1.000000 

shoulder.L.014
0.094880 0.946673 0.307911 1.182985 
-0.992359 0.114452 -0.046098 0.113191 
-0.078881 -0.301185 0.950299 2.130159 
0.000000 0.000000 0.000000 1.000000 

shoulder.L.015
-0.037838 0.967916 0.248410 1.224367 
-0.746307 0.137939 -0.651152 0.118194 
-0.664526 -0.210029 0.717144 2.116993 
0.000000 0.000000 0.000000 1.000000 

shoulder.L.016
0.078613 0.970607 0.227470 1.254706 
-0.994677 0.091615 -0.047164 0.122518 
-0.066618 -0.222552 0.972643 2.110409 
0.000000 0.000000 0.000000 1.000000 

shoulder.L.017
0.172547 0.882644 0.437228 1.165921 
-0.979545 0.200417 -0.018021 0.144051 
-0.103535 -0.425175 0.899171 2.120103 
0.000000 0.000000 0.000000 1.000000 

shoulder.L.018
-0.055530 0.913879 0.402173 1.193282 
-0.753838 0.225747 -0.617063 0.150264 
-0.654711 -0.337439 0.676381 2.106923 
0.000000 0.000000 0.000000 1.000000 

shoulder.L.019
0.159981 0.919015 0.360302 1.213594 
-0.983444 0.179861 -0.022102 0.155281 
-0.085117 -0.350801 0.932575 2.099423 
0.000000 0.000000 0.000000 1.000000 

shoulder.R
0.174220 -0.970485 -0.166754 -0.000000 
0.975015 0.146314 0.167145 0.110027 
-0.137813 -0.191708 0.971729 2.280921 
0.000000 0.000000 0.000000 1.000000 

shoulder.R.001
0.000000 -0.894427 -0.447213 -0.283239 
1.000000 0.000000 0.000000 0.152729 
-0.000000 -0.447214 0.894428 2.224970 
0.000000 0.000000 0.000000 1.000000 

shoulder.R.002
0.163021 -0.976435 -0.141421 -0.357966 
0.986348 0.164676 -0.000000 0.152729 
0.023289 -0.139490 0.989950 2.187606 
0.000000 0.000000 0.000000 1.000000 

shoulder.R.003
-0.281117 -0.959674 0.000000 -0.595734 
0.959674 -0.281117 0.000000 0.192829 
0.000000 0.000000 1.000001 2.153640 
0.000000 0.000000 0.000000 1.000000 

shoulder.R.004
-0.164634 -0.982242 -0.089986 -0.829256 
0.986354 -0.164011 -0.014327 0.124424 
-0.000685 -0.091117 0.995841 2.153640 
0.000000 0.000000 0.000000 1.000000 

shoulder.R.005
-0.054465 -0.998516 0.000000 -1.041156 
0.998516 -0.054464 0.000000 0.089041 
0.000000 -0.000000 1.000001 2.133983 
0.000000 0.000000 0.000000 1.000000 

shoulder.R.006
-0.738005 -0.563027 -0.371955 -1.076793 
0.636211 -0.764277 -0.105439 0.001700 
-0.224912 -0.314456 0.922244 2.103269 
0.000000 0.000000 0.000000 1.000000 

shoulder.R.007
-0.727014 -0.656105 -0.202428 -1.105308 
0.686623 -0.694700 -0.214336 -0.037007 
-0.000000 -0.294817 0.955554 2.087344 
0.000000 0.000000 0.000000 1.000000 

shoulder.R.008
-0.267380 -0.915743 -0.299873 -1.178732 
0.962876 -0.265902 -0.046539 0.035841 
-0.037119 -0.301184 0.952844 2.123745 
0.000000 0.000000 0.000000 1.000000 

shoulder.R.009
-0.328525 -0.944495 -0.001067 -1.227154 
0.728355 -0.252625 -0.636929 0.021781 
0.601307 -0.210025 0.770922 2.107820 
0.000000 0.000000 0.000000 1.000000 

shoulder.R.010
-0.199393 -0.956268 -0.213995 -1.262964 
0.979912 -0.193739 -0.047297 0.012203 
0.003770 -0.219128 0.975690 2.099857 
0.000000 0.000000 0.000000 1.000000 

shoulder.R.011
-0.059339 -0.952378 -0.299092 -1.193678 
0.997788 -0.047594 -0.046408 0.076748 
0.029963 -0.301184 0.953096 2.133345 
0.000000 0.000000 0.000000 1.000000 

shoulder.R.012
-0.158808 -0.977294 -0.140274 -1.244037 
0.753142 -0.028046 -0.657260 0.074232 
0.638403 -0.210025 0.740495 2.117420 
0.000000 0.000000 0.000000 1.000000 

shoulder.R.013
0.020661 -0.975172 -0.220481 -1.281090 
0.998343 0.031969 -0.047841 0.073168 
0.053702 -0.219128 0.974218 2.109457 
0.000000 0.000000 0.000000 1.000000 

shoulder.R.014
0.094880 -0.946672 -0.307911 -1.182985 
0.992359 0.114452 -0.046098 0.113191 
0.078881 -0.301185 0.950298 2.130159 
0.000000 0.000000 0.000000 1.000000 

shoulder.R.015
-0.037838 -0.967916 -0.248410 -1.224367 
0.746307 0.137939 -0.651151 0.118194 
0.664526 -0.210029 0.717144 2.116993 
0.000000 0.000000 0.000000 1.000000 

shoulder.R.016
0.078613 -0.970607 -0.227470 -1.254706 
0.994677 0.091615 -0.047164 0.122518 
0.066618 -0.222552 0.972643 2.110409 
0.000000 0.000000 0.000000 1.000000 

shoulder.R.017
0.172547 -0.882643 -0.437228 -1.165921 
0.979545 0.200417 -0.018021 0.144051 
0.103534 -0.425176 0.899171 2.120103 
0.000000 0.000000 0.000000 1.000000 

shoulder.R.018
-0.055530 -0.913879 -0.402173 -1.193282 
0.753838 0.225747 -0.617063 0.150263 
0.654710 -0.337439 0.676380 2.106923 
0.000000 0.000000 0.000000 1.000000 

shoulder.R.019
0.159981 -0.919015 -0.360302 -1.213594 
0.983443 0.179861 -0.022102 0.155281 
0.085117 -0.350801 0.932574 2.099423 
0.000000 0.000000 0.000000 1.000000 

leg.L
0.079618 0.959365 0.270701 0.000000 
-0.959365 0.000000 0.282167 0.083423 
0.270701 -0.282166 0.920382 1.501009 
0.000000 0.000000 0.000000 1.000000 

leg.L.002
-0.026957 0.128409 0.991355 0.167082 
-0.978667 -0.205455 0.000000 0.083423 
0.203679 -0.970206 0.131209 1.451867 
0.000000 0.000000 0.000000 1.000000 

leg.L.003
-0.998780 0.049371 -0.000068 0.181825 
-0.003227 -0.066651 -0.997771 0.059835 
-0.049266 -0.996554 0.066729 1.340479 
0.000000 0.000000 0.000000 1.000000 

leg.L.004
-0.993591 0.113038 -0.000017 0.208034 
-0.005075 -0.044763 -0.998985 0.024452 
-0.112924 -0.992582 0.045050 0.811450 
0.000000 0.000000 0.000000 1.000000 

leg.L.005
-0.990223 0.139491 -0.000066 0.273556 
-0.059510 -0.422878 -0.904230 -0.001495 
-0.126160 -0.895386 0.427045 0.236097 
0.000000 0.000000 0.000000 1.000000 

leg.R
0.079620 -0.959364 -0.270704 0.000000 
0.959364 -0.000000 0.282170 0.083423 
-0.270704 -0.282170 0.920380 1.501009 
0.000000 0.000000 0.000000 1.000000 

leg.R.002
-0.026981 -0.128429 -0.991351 -0.167080 
0.978667 -0.205455 -0.000020 0.083423 
-0.203675 -0.970203 0.131233 1.451867 
0.000000 0.000000 0.000000 1.000000 

leg.R.003
-0.998780 -0.049371 0.000068 -0.181825 
0.003227 -0.066651 -0.997771 0.059835 
0.049265 -0.996554 0.066729 1.340479 
0.000000 0.000000 0.000000 1.000000 

leg.R.004
-0.993591 -0.113038 0.000017 -0.208034 
0.005075 -0.044763 -0.998985 0.024452 
0.112923 -0.992582 0.045050 0.811450 
0.000000 0.000000 0.000000 1.000000 

leg.R.005
-0.990223 -0.139491 0.000066 -0.273556 
0.059509 -0.422878 -0.904230 -0.001495 
0.126160 -0.895386 0.427045 0.236098 
0.000000 0.000000 0.000000 1.000000 

Frame 3
base
1.000000 0.000000 0.000000 0.000000 
0.000000 0.000000 -1.000000 0.000000 
0.000000 1.000000 0.000000 0.000000 
0.000000 0.000000 0.000000 1.000000 

ass
1.000000 0.000000 -0.000000 0.000000 
-0.000000 -0.616559 -0.787309 0.083423 
-0.000000 0.787309 -0.616559 1.501009 
0.000000 0.000000 0.000000 1.000000 

waist
-1.000000 -0.000000 -0.000000 0.000000 
-0.000000 -0.042515 0.999096 -0.052825 
-0.000000 0.999096 0.042515 1.674989 
0.000000 0.000000 0.000000 1.000000 

torso
1.000000 -0.000000 -0.000000 -0.000000 
-0.000000 0.355322 -0.934744 -0.059619 
0.000000 0.934745 0.355322 1.834633 
0.000000 0.000000 0.000000 1.000000 

neck
-1.000000 -0.000000 -0.000001 0.000000 
-0.000001 -0.412263 0.911065 0.110027 
-0.000000 0.911065 0.412264 2.280921 
0.000000 0.000000 0.000000 1.000000 

head
1.000000 0.000000 0.000000 0.000000 
0.000000 -0.283265 -0.959042 0.045301 
-0.000000 0.959042 -0.283266 2.423959 
0.000000 0.000000 0.000000 1.000000 

shoulder.L
0.174220 0.970485 0.166754 0.000000 
-0.975016 0.146314 0.167145 0.110027 
0.137813 -0.191708 0.971729 2.280921 
0.000000 0.000000 0.000000 1.000000 

shoulder.L.001
0.000000 0.894428 0.447213 0.283239 
-1.000000 0.000000 0.000000 0.152729 
0.000000 -0.447214 0.894428 2.224970 
0.000000 0.000000 0.000000 1.000000 

shoulder.L.002
0.163021 0.976435 0.141421 0.357966 
-0.986348 0.164676 -0.000000 0.152729 
-0.023289 -0.139490 0.989950 2.187606 
0.000000 0.000000 0.000000 1.000000 

shoulder.L.003
-0.281117 0.959674 -0.000000 0.595734 
-0.959674 -0.281117 0.000000 0.192829 
-0.000000 -0.000000 1.000001 2.153640 
0.000000 0.000000 0.000000 1.000000 

shoulder.L.004
-0.164634 0.982242 0.089986 0.829256 
-0.986355 -0.164011 -0.014327 0.124424 
0.000685 -0.091117 0.995841 2.153640 
0.000000 0.000000 0.000000 1.000000 

shoulder.L.005
-0.054465 0.998516 -0.000000 1.041156 
-0.998516 -0.054465 0.000000 0.089041 
-0.000000 -0.000000 1.000001 2.133983 
0.000000 0.000000 0.000000 1.000000 

shoulder.L.006
-0.738005 0.563027 0.371955 1.076793 
-0.636211 -0.764277 -0.105438 0.001700 
0.224912 -0.314456 0.922244 2.103269 
0.000000 0.000000 0.000000 1.000000 

shoulder.L.007
-0.727014 0.656106 0.202428 1.105308 
-0.686623 -0.694701 -0.214336 -0.037007 
0.000000 -0.294818 0.955554 2.087344 
0.000000 0.000000 0.000000 1.000000 

shoulder.L.008
-0.267380 0.915743 0.299872 1.178732 
-0.962876 -0.265902 -0.046539 0.035841 
0.037119 -0.301184 0.952844 2.123745 
0.000000 0.000000 0.000000 1.000000 

shoulder.L.009
-0.328525 0.944495 0.001067 1.227154 
-0.728355 -0.252625 -0.636929 0.021781 
-0.601307 -0.210025 0.770922 2.107820 
0.000000 0.000000 0.000000 1.000000 

shoulder.L.010
-0.199393 0.956268 0.213995 1.262964 
-0.979912 -0.193739 -0.047297 0.012203 
-0.003770 -0.219128 0.975690 2.099857 
0.000000 0.000000 0.000000 1.000000 

shoulder.L.011
-0.059339 0.952378 0.299091 1.193678 
-0.997788 -0.047594 -0.046408 0.076748 
-0.029963 -0.301184 0.953096 2.133345 
0.000000 0.000000 0.000000 1.000000 

shoulder.L.012
-0.158808 0.977294 0.140274 1.244037 
-0.753142 -0.028046 -0.657260 0.074232 
-0.638403 -0.210025 0.740495 2.117420 
0.000000 0.000000 0.000000 1.000000 

shoulder.L.013
0.020661 0.975173 0.220481 1.281090 
-0.998344 0.031969 -0.047840 0.073168 
-0.053701 -0.219128 0.974218 2.109457 
0.000000 0.000000 0.000000 1.000000 

shoulder.L.014
0.094880 0.946673 0.307911 1.182985 
-0.992359 0.114452 -0.046098 0.113191 
-0.078881 -0.301185 0.950299 2.130159 
0.000000 0.000000 0.000000 1.000000 

shoulder.L.015
-0.037838 0.967916 0.248410 1.224367 
-0.746307 0.137939 -0.651152 0.118194 
-0.664526 -0.210029 0.717144 2.116993 
0.000000 0.000000 0.000000 1.000000 

shoulder.L.016
0.078613 0.970607 0.227470 1.254706 
-0.994677 0.091615 -0.047164 0.122518 
-0.066618 -0.222552 0.972643 2.110409 
0.000000 0.000000 0.000000 1.000000 

shoulder.L.017
0.172547 0.882644 0.437228 1.165921 
-0.979545 0.200417 -0.018021 0.144051 
-0.103535 -0.425175 0.899171 2.120103 
0.000000 0.000000 0.000000 1.000000 

shoulder.L.018
-0.055530 0.913879 0.402173 1.193282 
-0.753838 0.225747 -0.617063 0.150264 
-0.654711 -0.337439 0.676381 2.106923 
0.000000 0.000000 0.000000 1.000000 

shoulder.L.019
0.159981 0.919015 0.360302 1.213594 
-0.983444 0.179861 -0.022102 0.155281 
-0.085117 -0.350801 0.932575 2.099423 
0.000000 0.000000 0.000000 1.000000 

shoulder.R
0.174220 -0.970485 -0.166754 -0.000000 
0.975015 0.146314 0.167145 0.110027 
-0.137813 -0.191708 0.971729 2.280921 
0.000000 0.000000 0.000000 1.000000 

shoulder.R.001
0.000000 -0.894427 -0.447213 -0.283239 
1.000000 0.000000 0.000000 0.152729 
-0.000000 -0.447214 0.894428 2.224970 
0.000000 0.000000 0.000000 1.000000 

shoulder.R.002
0.163021 -0.976435 -0.141421 -0.357966 
0.986348 0.164676 -0.000000 0.152729 
0.023289 -0.139490 0.989950 2.187606 
0.000000 0.000000 0.000000 1.000000 

shoulder.R.003
-0.281117 -0.959674 0.000000 -0.595734 
0.959674 -0.281117 0.000000 0.192829 
0.000000 0.000000 1.000001 2.153640 
0.000000 0.000000 0.000000 1.000000 

shoulder.R.004
-0.164634 -0.982242 -0.089986 -0.829256 
0.986354 -0.164011 -0.014327 0.124424 
-0.000685 -0.091117 0.995841 2.153640 
0.000000 0.000000 0.000000 1.000000 

shoulder.R.005
-0.054465 -0.998516 0.000000 -1.041156 
0.998516 -0.054464 0.000000 0.089041 
0.000000 -0.000000 1.000001 2.133983 
0.000000 0.000000 0.000000 1.000000 

shoulder.R.006
-0.738005 -0.563027 -0.371955 -1.076793 
0.636211 -0.764277 -0.105439 0.001700 
-0.224912 -0.314456 0.922244 2.103269 
0.000000 0.000000 0.000000 1.000000 

shoulder.R.007
-0.727014 -0.656105 -0.202428 -1.105308 
0.686623 -0.694700 -0.214336 -0.037007 
-0.000000 -0.294817 0.955554 2.087344 
0.000000 0.000000 0.000000 1.000000 

shoulder.R.008
-0.267380 -0.915743 -0.299873 -1.178732 
0.962876 -0.265902 -0.046539 0.035841 
-0.037119 -0.301184 0.952844 2.123745 
0.000000 0.000000 0.000000 1.000000 

shoulder.R.009
-0.328525 -0.944495 -0.001067 -1.227154 
0.728355 -0.252625 -0.636929 0.021781 
0.601307 -0.210025 0.770922 2.107820 
0.000000 0.000000 0.000000 1.000000 

shoulder.R.010
-0.199393 -0.956268 -0.213995 -1.262964 
0.979912 -0.193739 -0.047297 0.012203 
0.003770 -0.219128 0.975690 2.099857 
0.000000 0.000000 0.000000 1.000000 

shoulder.R.011
-0.059339 -0.952378 -0.299092 -1.193678 
0.997788 -0.047594 -0.046408 0.076748 
0.029963 -0.301184 0.953096 2.133345 
0.000000 0.000000 0.000000 1.000000 

shoulder.R.012
-0.158808 -0.977294 -0.140274 -1.244037 
0.753142 -0.028046 -0.657260 0.074232 
0.638403 -0.210025 0.740495 2.117420 
0.000000 0.000000 0.000000 1.000000 

shoulder.R.013
0.020661 -0.975172 -0.220481 -1.281090 
0.998343 0.031969 -0.047841 0.073168 
0.053702 -0.219128 0.974218 2.109457 
0.000000 0.000000 0.000000 1.000000 

shoulder.R.014
0.094880 -0.946672 -0.307911 -1.182985 
0.992359 0.114452 -0.046098 0.113191 
0.078881 -0.301185 0.950298 2.130159 
0.000000 0.000000 0.000000 1.000000 

shoulder.R.015
-0.037838 -0.967916 -0.248410 -1.224367 
0.746307 0.137939 -0.651151 0.118194 
0.664526 -0.210029 0.717144 2.116993 
0.000000 0.000000 0.000000 1.000000 

shoulder.R.016
0.078613 -0.970607 -0.227470 -1.254706 
0.994677 0.091615 -0.047164 0.122518 
0.066618 -0.222552 0.972643 2.110409 
0.000000 0.000000 0.000000 1.000000 

shoulder.R.017
0.172547 -0.882643 -0.437228 -1.165921 
0.979545 0.200417 -0.018021 0.144051 
0.103534 -0.425176 0.899171 2.120103 
0.000000 0.000000 0.000000 1.000000 

shoulder.R.018
-0.055530 -0.913879 -0.402173 -1.193282 
0.753838 0.225747 -0.617063 0.150263 
0.654710 -0.337439 0.676380 2.106923 
0.000000 0.000000 0.000000 1.000000 

shoulder.R.019
0.159981 -0.919015 -0.360302 -1.213594 
0.983443 0.179861 -0.022102 0.155281 
0.085117 -0.350801 0.932574 2.099423 
0.000000 0.000000 0.000000 1.000000 

leg.L
0.079618 0.959365 0.270701 0.000000 
-0.959365 0.000000 0.282167 0.083423 
0.270701 -0.282166 0.920382 1.501009 
0.000000 0.000000 0.000000 1.000000 

leg.L.002
-0.026957 0.128409 0.991355 0.167082 
-0.978667 -0.205455 0.000000 0.083423 
0.203679 -0.970206 0.131209 1.451867 
0.000000 0.000000 0.000000 1.000000 

leg.L.003
-0.998780 0.049371 -0.000068 0.181825 
-0.003227 -0.066651 -0.997771 0.059835 
-0.049266 -0.996554 0.066729 1.340479 
0.000000 0.000000 0.000000 1.000000 

leg.L.004
-0.993591 0.113038 -0.000017 0.208034 
-0.005075 -0.044763 -0.998985 0.024452 
-0.112924 -0.992582 0.045050 0.811450 
0.000000 0.000000 0.000000 1.000000 

leg.L.005
-0.990223 0.139491 -0.000066 0.273556 
-0.059510 -0.422878 -0.904230 -0.001495 
-0.126160 -0.895386 0.427045 0.236097 
0.000000 0.000000 0.000000 1.000000 

leg.R
0.079620 -0.959364 -0.270704 0.000000 
0.959364 -0.000000 0.282170 0.083423 
-0.270704 -0.282170 0.920380 1.501009 
0.000000 0.000000 0.000000 1.000000 

leg.R.002
-0.026981 -0.128429 -0.991351 -0.167080 
0.978667 -0.205455 -0.000020 0.083423 
-0.203675 -0.970203 0.131233 1.451867 
0.000000 0.000000 0.000000 1.000000 

leg.R.003
-0.998780 -0.049371 0.000068 -0.181825 
0.003227 -0.066651 -0.997771 0.059835 
0.049265 -0.996554 0.066729 1.340479 
0.000000 0.000000 0.000000 1.000000 

leg.R.004
-0.993591 -0.113038 0.000017 -0.208034 
0.005075 -0.044763 -0.998985 0.024452 
0.112923 -0.992582 0.045050 0.811450 
0.000000 0.000000 0.000000 1.000000 

leg.R.005
-0.990223 -0.139491 0.000066 -0.273556 
0.059509 -0.422878 -0.904230 -0.001495 
0.126160 -0.895386 0.427045 0.236098 
0.000000 0.000000 0.000000 1.000000 

Frame 4
base
1.000000 0.000000 0.000000 0.000000 
0.000000 0.000000 -1.000000 0.000000 
0.000000 1.000000 0.000000 0.000000 
0.000000 0.000000 0.000000 1.000000 

ass
1.000000 0.000000 -0.000000 0.000000 
-0.000000 -0.616559 -0.787309 0.083423 
-0.000000 0.787309 -0.616559 1.501009 
0.000000 0.000000 0.000000 1.000000 

waist
-1.000000 -0.000000 -0.000000 0.000000 
-0.000000 -0.042515 0.999096 -0.052825 
-0.000000 0.999096 0.042515 1.674989 
0.000000 0.000000 0.000000 1.000000 

torso
1.000000 -0.000000 -0.000000 -0.000000 
-0.000000 0.355322 -0.934744 -0.059619 
0.000000 0.934745 0.355322 1.834633 
0.000000 0.000000 0.000000 1.000000 

neck
-1.000000 -0.000000 -0.000001 0.000000 
-0.000001 -0.412263 0.911065 0.110027 
-0.000000 0.911065 0.412264 2.280921 
0.000000 0.000000 0.000000 1.000000 

head
1.000000 0.000000 0.000000 0.000000 
0.000000 -0.283265 -0.959042 0.045301 
-0.000000 0.959042 -0.283266 2.423959 
0.000000 0.000000 0.000000 1.000000 

shoulder.L
0.174220 0.970485 0.166754 0.000000 
-0.975016 0.146314 0.167145 0.110027 
0.137813 -0.191708 0.971729 2.280921 
0.000000 0.000000 0.000000 1.000000 

shoulder.L.001
0.000000 0.894428 0.447213 0.283239 
-1.000000 0.000000 0.000000 0.152729 
0.000000 -0.447214 0.894428 2.224970 
0.000000 0.000000 0.000000 1.000000 

shoulder.L.002
0.163021 0.976435 0.141421 0.357966 
-0.986348 0.164676 -0.000000 0.152729 
-0.023289 -0.139490 0.989950 2.187606 
0.000000 0.000000 0.000000 1.000000 

shoulder.L.003
-0.281117 0.959674 -0.000000 0.595734 
-0.959674 -0.281117 0.000000 0.192829 
-0.000000 -0.000000 1.000001 2.153640 
0.000000 0.000000 0.000000 1.000000 

shoulder.L.004
-0.164634 0.982242 0.089986 0.829256 
-0.986355 -0.164011 -0.014327 0.124424 
0.000685 -0.091117 0.995841 2.153640 
0.000000 0.000000 0.000000 1.000000 

shoulder.L.005
-0.054465 0.998516 -0.000000 1.041156 
-0.998516 -0.054465 0.000000 0.089041 
-0.000000 -0.000000 1.000001 2.133983 
0.000000 0.000000 0.000000 1.000000 

shoulder.L.006
-0.738005 0.563027 0.371955 1.076793 
-0.636211 -0.764277 -0.105438 0.001700 
0.224912 -0.314456 0.922244 2.103269 
0.000000 0.000000 0.000000 1.000000 

shoulder.L.007
-0.727014 0.656106 0.202428 1.105308 
-0.686623 -0.694701 -0.214336 -0.037007 
0.000000 -0.294818 0.955554 2.087344 
0.000000 0.000000 0.000000 1.000000 

shoulder.L.008
-0.267380 0.915743 0.299872 1.178732 
-0.962876 -0.265902 -0.046539 0.035841 
0.037119 -0.301184 0.952844 2.123745 
0.000000 0.000000 0.000000 1.000000 

shoulder.L.009
-0.328525 0.944495 0.001067 1.227154 
-0.728355 -0.252625 -0.636929 0.021781 
-0.601307 -0.210025 0.770922 2.107820 
0.000000 0.000000 0.000000 1.000000 

shoulder.L.010
-0.199393 0.956268 0.213995 1.262964 
-0.979912 -0.193739 -0.047297 0.012203 
-0.003770 -0.219128 0.975690 2.099857 
0.000000 0.000000 0.000000 1.000000 

shoulder.L.011
-0.059339 0.952378 0.299091 1.193678 
-0.997788 -0.047594 -0.046408 0.076748 
-0.029963 -0.301184 0.953096 2.133345 
0.000000 0.000000 0.000000 1.000000 

shoulder.L.012
-0.158808 0.977294 0.140274 1.244037 
-0.753142 -0.028046 -0.657260 0.074232 
-0.638403 -0.210025 0.740495 2.117420 
0.000000 0.000000 0.000000 1.000000 

shoulder.L.013
0.020661 0.975173 0.220481 1.281090 
-0.998344 0.031969 -0.047840 0.073168 
-0.053701 -0.219128 0.974218 2.109457 
0.000000 0.000000 0.000000 1.000000 

shoulder.L.014
0.094880 0.946673 0.307911 1.182985 
-0.992359 0.114452 -0.046098 0.113191 
-0.078881 -0.301185 0.950299 2.130159 
0.000000 0.000000 0.000000 1.000000 

shoulder.L.015
-0.037838 0.967916 0.248410 1.224367 
-0.746307 0.137939 -0.651152 0.118194 
-0.664526 -0.210029 0.717144 2.116993 
0.000000 0.000000 0.000000 1.000000 

shoulder.L.016
0.078613 0.970607 0.227470 1.254706 
-0.994677 0.091615 -0.047164 0.122518 
-0.066618 -0.222552 0.972643 2.110409 
0.000000 0.000000 0.000000 1.000000 

shoulder.L.017
0.172547 0.882644 0.437228 1.165921 
-0.979545 0.200417 -0.018021 0.144051 
-0.103535 -0.425175 0.899171 2.120103 
0.000000 0.000000 0.000000 1.000000 

shoulder.L.018
-0.055530 0.913879 0.402173 1.193282 
-0.753838 0.225747 -0.617063 0.150264 
-0.654711 -0.337439 0.676381 2.106923 
0.000000 0.000000 0.000000 1.000000 

shoulder.L.019
0.159981 0.919015 0.360302 1.213594 
-0.983444 0.179861 -0.022102 0.155281 
-0.085117 -0.350801 0.932575 2.099423 
0.000000 0.000000 0.000000 1.000000 

shoulder.R
0.174220 -0.970485 -0.166754 -0.000000 
0.975015 0.146314 0.167145 0.110027 
-0.137813 -0.191708 0.971729 2.280921 
0.000000 0.000000 0.000000 1.000000 

shoulder.R.001
0.000000 -0.894427 -0.447213 -0.283239 
1.000000 0.000000 0.000000 0.152729 
-0.000000 -0.447214 0.894428 2.224970 
0.000000 0.000000 0.000000 1.000000 

shoulder.R.002
0.163021 -0.976435 -0.141421 -0.357966 
0.986348 0.164676 -0.000000 0.152729 
0.023289 -0.139490 0.989950 2.187606 
0.000000 0.000000 0.000000 1.000000 

shoulder.R.003
-0.281117 -0.959674 0.000000 -0.595734 
0.959674 -0.281117 0.000000 0.192829 
0.000000 0.000000 1.000001 2.153640 
0.000000 0.000000 0.000000 1.000000 

shoulder.R.004
-0.164634 -0.982242 -0.089986 -0.829256 
0.986354 -0.164011 -0.014327 0.124424 
-0.000685 -0.091117 0.995841 2.153640 
0.000000 0.000000 0.000000 1.000000 

shoulder.R.005
-0.054465 -0.998516 0.000000 -1.041156 
0.998516 -0.054464 0.000000 0.089041 
0.000000 -0.000000 1.000001 2.133983 
0.000000 0.000000 0.000000 1.000000 

shoulder.R.006
-0.738005 -0.563027 -0.371955 -1.076793 
0.636211 -0.764277 -0.105439 0.001700 
-0.224912 -0.314456 0.922244 2.103269 
0.000000 0.000000 0.000000 1.000000 

shoulder.R.007
-0.727014 -0.656105 -0.202428 -1.105308 
0.686623 -0.694700 -0.214336 -0.037007 
-0.000000 -0.294817 0.955554 2.087344 
0.000000 0.000000 0.000000 1.000000 

shoulder.R.008
-0.267380 -0.915743 -0.299873 -1.178732 
0.962876 -0.265902 -0.046539 0.035841 
-0.037119 -0.301184 0.952844 2.123745 
0.000000 0.000000 0.000000 1.000000 

shoulder.R.009
-0.328525 -0.944495 -0.001067 -1.227154 
0.728355 -0.252625 -0.636929 0.021781 
0.601307 -0.210025 0.770922 2.107820 
0.000000 0.000000 0.000000 1.000000 

shoulder.R.010
-0.199393 -0.956268 -0.213995 -1.262964 
0.979912 -0.193739 -0.047297 0.012203 
0.003770 -0.219128 0.975690 2.099857 
0.000000 0.000000 0.000000 1.000000 

shoulder.R.011
-0.059339 -0.952378 -0.299092 -1.193678 
0.997788 -0.047594 -0.046408 0.076748 
0.029963 -0.301184 0.953096 2.133345 
0.000000 0.000000 0.000000 1.000000 

shoulder.R.012
-0.158808 -0.977294 -0.140274 -1.244037 
0.753142 -0.028046 -0.657260 0.074232 
0.638403 -0.210025 0.740495 2.117420 
0.000000 0.000000 0.000000 1.000000 

shoulder.R.013
0.020661 -0.975172 -0.220481 -1.281090 
0.998343 0.031969 -0.047841 0.073168 
0.053702 -0.219128 0.974218 2.109457 
0.000000 0.000000 0.000000 1.000000 

shoulder.R.014
0.094880 -0.946672 -0.307911 -1.182985 
0.992359 0.114452 -0.046098 0.113191 
0.078881 -0.301185 0.950298 2.130159 
0.000000 0.000000 0.000000 1.000000 

shoulder.R.015
-0.037838 -0.967916 -0.248410 -1.224367 
0.746307 0.137939 -0.651151 0.118194 
0.664526 -0.210029 0.717144 2.116993 
0.000000 0.000000 0.000000 1.000000 

shoulder.R.016
0.078613 -0.970607 -0.227470 -1.254706 
0.994677 0.091615 -0.047164 0.122518 
0.066618 -0.222552 0.972643 2.110409 
0.000000 0.000000 0.000000 1.000000 

shoulder.R.017
0.172547 -0.882643 -0.437228 -1.165921 
0.979545 0.200417 -0.018021 0.144051 
0.103534 -0.425176 0.899171 2.120103 
0.000000 0.000000 0.000000 1.000000 

shoulder.R.018
-0.055530 -0.913879 -0.402173 -1.193282 
0.753838 0.225747 -0.617063 0.150263 
0.654710 -0.337439 0.676380 2.106923 
0.000000 0.000000 0.000000 1.000000 

shoulder.R.019
0.159981 -0.919015 -0.360302 -1.213594 
0.983443 0.179861 -0.022102 0.155281 
0.085117 -0.350801 0.932574 2.099423 
0.000000 0.000000 0.000000 1.000000 

leg.L
0.079618 0.959365 0.270701 0.000000 
-0.959365 0.000000 0.282167 0.083423 
0.270701 -0.282166 0.920382 1.501009 
0.000000 0.000000 0.000000 1.000000 

leg.L.002
-0.026957 0.128409 0.991355 0.167082 
-0.978667 -0.205455 0.000000 0.083423 
0.203679 -0.970206 0.131209 1.451867 
0.000000 0.000000 0.000000 1.000000 

leg.L.003
-0.998780 0.049371 -0.000068 0.181825 
-0.003227 -0.066651 -0.997771 0.059835 
-0.049266 -0.996554 0.066729 1.340479 
0.000000 0.000000 0.000000 1.000000 

leg.L.004
-0.993591 0.113038 -0.000017 0.208034 
-0.005075 -0.044763 -0.998985 0.024452 
-0.112924 -0.992582 0.045050 0.811450 
0.000000 0.000000 0.000000 1.000000 

leg.L.005
-0.990223 0.139491 -0.000066 0.273556 
-0.059510 -0.422878 -0.904230 -0.001495 
-0.126160 -0.895386 0.427045 0.236097 
0.000000 0.000000 0.000000 1.000000 

leg.R
0.079620 -0.959364 -0.270704 0.000000 
0.959364 -0.000000 0.282170 0.083423 
-0.270704 -0.282170 0.920380 1.501009 
0.000000 0.000000 0.000000 1.000000 

leg.R.002
-0.026981 -0.128429 -0.991351 -0.167080 
0.978667 -0.205455 -0.000020 0.083423 
-0.203675 -0.970203 0.131233 1.451867 
0.000000 0.000000 0.000000 1.000000 

leg.R.003
-0.998780 -0.049371 0.000068 -0.181825 
0.003227 -0.066651 -0.997771 0.059835 
0.049265 -0.996554 0.066729 1.340479 
0.000000 0.000000 0.000000 1.000000 

leg.R.004
-0.993591 -0.113038 0.000017 -0.208034 
0.005075 -0.044763 -0.998985 0.024452 
0.112923 -0.992582 0.045050 0.811450 
0.000000 0.000000 0.000000 1.000000 

leg.R.005
-0.990223 -0.139491 0.000066 -0.273556 
0.059509 -0.422878 -0.904230 -0.001495 
0.126160 -0.895386 0.427045 0.236098 
0.000000 0.000000 0.000000 1.000000 

Frame 5
base
1.000000 0.000000 0.000000 0.000000 
0.000000 0.000000 -1.000000 0.000000 
0.000000 1.000000 0.000000 0.000000 
0.000000 0.000000 0.000000 1.000000 

ass
1.000000 0.000000 -0.000000 0.000000 
-0.000000 -0.616559 -0.787309 0.083423 
-0.000000 0.787309 -0.616559 1.501009 
0.000000 0.000000 0.000000 1.000000 

waist
-1.000000 -0.000000 -0.000000 0.000000 
-0.000000 -0.042515 0.999096 -0.052825 
-0.000000 0.999096 0.042515 1.674989 
0.000000 0.000000 0.000000 1.000000 

torso
1.000000 -0.000000 -0.000000 -0.000000 
-0.000000 0.355322 -0.934744 -0.059619 
0.000000 0.934745 0.355322 1.834633 
0.000000 0.000000 0.000000 1.000000 

neck
-1.000000 -0.000000 -0.000001 0.000000 
-0.000001 -0.412263 0.911065 0.110027 
-0.000000 0.911065 0.412264 2.280921 
0.000000 0.000000 0.000000 1.000000 

head
1.000000 0.000000 0.000000 0.000000 
0.000000 -0.283265 -0.959042 0.045301 
-0.000000 0.959042 -0.283266 2.423959 
0.000000 0.000000 0.000000 1.000000 

shoulder.L
0.174220 0.970485 0.166754 0.000000 
-0.975016 0.146314 0.167145 0.110027 
0.137813 -0.191708 0.971729 2.280921 
0.000000 0.000000 0.000000 1.000000 

shoulder.L.001
0.000000 0.894428 0.447213 0.283239 
-1.000000 0.000000 0.000000 0.152729 
0.000000 -0.447214 0.894428 2.224970 
0.000000 0.000000 0.000000 1.000000 

shoulder.L.002
0.163021 0.976435 0.141421 0.357966 
-0.986348 0.164676 -0.000000 0.152729 
-0.023289 -0.139490 0.989950 2.187606 
0.000000 0.000000 0.000000 1.000000 

shoulder.L.003
-0.281117 0.959674 -0.000000 0.595734 
-0.959674 -0.281117 0.000000 0.192829 
-0.000000 -0.000000 1.000001 2.153640 
0.000000 0.000000 0.000000 1.000000 

shoulder.L.004
-0.164634 0.982242 0.089986 0.829256 
-0.986355 -0.164011 -0.014327 0.124424 
0.000685 -0.091117 0.995841 2.153640 
0.000000 0.000000 0.000000 1.000000 

shoulder.L.005
-0.054465 0.998516 -0.000000 1.041156 
-0.998516 -0.054465 0.000000 0.089041 
-0.000000 -0.000000 1.000001 2.133983 
0.000000 0.000000 0.000000 1.000000 

shoulder.L.006
-0.738005 0.563027 0.371955 1.076793 
-0.636211 -0.764277 -0.105438 0.001700 
0.224912 -0.314456 0.922244 2.103269 
0.000000 0.000000 0.000000 1.000000 

shoulder.L.007
-0.727014 0.656106 0.202428 1.105308 
-0.686623 -0.694701 -0.214336 -0.037007 
0.000000 -0.294818 0.955554 2.087344 
0.000000 0.000000 0.000000 1.000000 

shoulder.L.008
-0.267380 0.915743 0.299872 1.178732 
-0.962876 -0.265902 -0.046539 0.035841 
0.037119 -0.301184 0.952844 2.123745 
