simple game object export addon
Bones 56
[
Frames 250
Frame 1
base
1.000000 0.000000 0.000000 0.000000 
0.000000 0.000000 -1.000000 0.000000 
0.000000 1.000000 0.000000 0.000000 
0.000000 0.000000 0.000000 1.000000 

ass
1.000000 -0.000000 -0.000000 0.030489 
-0.000000 -0.334096 -0.942539 0.086027 
-0.000000 0.942539 -0.334096 1.514123 
0.000000 0.000000 0.000000 1.000000 

waist
-1.000000 0.000000 -0.000000 0.030489 
-0.000000 -0.071274 0.997457 0.012198 
-0.000000 0.997457 0.071274 1.722407 
0.000000 0.000000 0.000000 1.000000 

torso
1.000000 -0.000000 -0.000000 0.030489 
-0.000000 0.277516 -0.960721 0.000809 
0.000000 0.960722 0.277516 1.881789 
0.000000 0.000000 0.000000 1.000000 

neck
-1.000000 -0.000000 -0.000001 0.030489 
-0.000001 -0.051266 0.998685 0.133307 
-0.000000 0.998686 0.051267 2.340478 
0.000000 0.000000 0.000000 1.000000 

head
1.000000 0.000000 0.000000 0.030489 
0.000000 -0.353316 -0.935504 0.125258 
-0.000000 0.935504 -0.353317 2.497273 
0.000000 0.000000 0.000000 1.000000 

shoulder.L
0.174220 0.970485 0.166754 0.030489 
-0.983030 0.161534 0.086941 0.133307 
0.057438 -0.179071 0.982159 2.340478 
0.000000 0.000000 0.000000 1.000000 

shoulder.L.001
-0.011203 0.561164 0.827629 0.313728 
-0.993208 -0.102110 0.055790 0.180451 
0.115816 -0.821383 0.558497 2.288216 
0.000000 0.000000 0.000000 1.000000 

shoulder.L.002
0.172254 0.785090 0.594947 0.360612 
-0.981483 0.085412 0.171457 0.171920 
0.083794 -0.613465 0.785265 2.219592 
0.000000 0.000000 0.000000 1.000000 

shoulder.L.003
-0.644155 0.599182 0.475444 0.551787 
-0.595071 -0.783101 0.180678 0.192719 
0.480579 -0.166539 0.860994 2.070209 
0.000000 0.000000 0.000000 1.000000 

shoulder.L.004
-0.567755 0.625591 0.535061 0.697588 
-0.684111 -0.720093 0.116017 0.002163 
0.457872 -0.300172 0.836811 2.029685 
0.000000 0.000000 0.000000 1.000000 

shoulder.L.005
-0.490252 0.730484 0.475444 0.832548 
-0.758222 -0.626463 0.180678 -0.153183 
0.429830 -0.271914 0.860994 1.964928 
0.000000 0.000000 0.000000 1.000000 

shoulder.L.006
-0.737202 -0.067525 0.672291 0.805609 
-0.031574 -0.990464 -0.134106 -0.248659 
0.674935 -0.120090 0.728040 1.964167 
0.000000 0.000000 0.000000 1.000000 

shoulder.L.007
-0.858497 0.043480 0.510973 0.802190 
-0.118519 -0.986247 -0.115205 -0.298821 
0.498936 -0.159464 0.851842 1.958085 
0.000000 0.000000 0.000000 1.000000 

shoulder.L.008
-0.617560 0.429612 0.658827 0.907776 
-0.598924 -0.799814 -0.039861 -0.277503 
0.509814 -0.419204 0.751238 1.937585 
0.000000 0.000000 0.000000 1.000000 

shoulder.L.009
-0.861855 0.500664 0.080885 0.930492 
-0.492993 -0.789637 -0.365284 -0.319794 
-0.119015 -0.354698 0.927376 1.915419 
0.000000 0.000000 0.000000 1.000000 

shoulder.L.010
-0.593258 0.531721 0.604416 0.949474 
-0.659511 -0.751568 0.013839 -0.349733 
0.461618 -0.390409 0.796550 1.901971 
0.000000 0.000000 0.000000 1.000000 

shoulder.L.011
-0.507856 0.555494 0.658415 0.942038 
-0.760212 -0.648489 -0.039256 -0.252134 
0.405168 -0.520472 0.751631 1.924491 
0.000000 0.000000 0.000000 1.000000 

shoulder.L.012
-0.762316 0.626465 0.162530 0.971411 
-0.618461 -0.631108 -0.468198 -0.286424 
-0.190736 -0.457433 0.868549 1.896970 
0.000000 0.000000 0.000000 1.000000 

shoulder.L.013
-0.458903 0.647524 0.608376 0.995163 
-0.811679 -0.584029 0.009354 -0.310352 
0.361366 -0.489514 0.793595 1.879627 
0.000000 0.000000 0.000000 1.000000 

shoulder.L.014
-0.412066 0.624058 0.663893 0.948827 
-0.854855 -0.516942 -0.044669 -0.217628 
0.315318 -0.585939 0.746493 1.909800 
0.000000 0.000000 0.000000 1.000000 

shoulder.L.015
-0.680197 0.694022 0.235937 0.976107 
-0.688449 -0.494300 -0.530760 -0.240226 
-0.251736 -0.523452 0.814020 1.884186 
0.000000 0.000000 0.000000 1.000000 

shoulder.L.016
-0.419578 0.669269 0.613216 0.997861 
-0.844970 -0.534787 0.005521 -0.255719 
0.331635 -0.515832 0.789897 1.867779 
0.000000 0.000000 0.000000 1.000000 

shoulder.L.017
-0.359301 0.555356 0.749989 0.945023 
-0.894547 -0.433920 -0.107244 -0.185059 
0.265876 -0.709433 0.652700 1.893387 
0.000000 0.000000 0.000000 1.000000 

shoulder.L.018
-0.692294 0.632079 0.348147 0.962238 
-0.682297 -0.416275 -0.600988 -0.198510 
-0.234947 -0.653600 0.719450 1.871396 
0.000000 0.000000 0.000000 1.000000 

shoulder.L.019
-0.361799 0.608973 0.705871 0.976288 
-0.886962 -0.457995 -0.059494 -0.207762 
0.287055 -0.647606 0.705838 1.856868 
0.000000 0.000000 0.000000 1.000000 

shoulder.R
0.174220 -0.970485 -0.166754 0.030489 
0.983030 0.161534 0.086941 0.133307 
-0.057439 -0.179071 0.982159 2.340478 
0.000000 0.000000 0.000000 1.000000 

shoulder.R.001
-0.598500 -0.405299 -0.691035 -0.252750 
0.790646 -0.437875 -0.427954 0.180451 
-0.129137 -0.802495 0.582517 2.288216 
0.000000 0.000000 0.000000 1.000000 

shoulder.R.002
-0.462937 -0.693352 -0.552225 -0.286612 
0.883278 -0.413016 -0.221897 0.143868 
-0.074225 -0.590493 0.803623 2.221169 
0.000000 0.000000 0.000000 1.000000 

shoulder.R.003
-0.859371 -0.221812 -0.460741 -0.455447 
0.317840 -0.937529 -0.141484 0.043296 
-0.400575 -0.268030 0.876185 2.077380 
0.000000 0.000000 0.000000 1.000000 

shoulder.R.004
-0.826460 -0.279364 -0.488795 -0.509422 
0.427502 -0.876342 -0.221964 -0.184838 
-0.366343 -0.392405 0.843689 2.012159 
0.000000 0.000000 0.000000 1.000000 

shoulder.R.005
-0.785980 -0.412254 -0.460741 -0.569689 
0.523597 -0.840136 -0.141484 -0.373892 
-0.328757 -0.352447 0.876185 1.927505 
0.000000 0.000000 0.000000 1.000000 

shoulder.R.006
-0.716782 0.471669 -0.513568 -0.505148 
-0.204501 -0.846321 -0.491855 -0.448086 
-0.666636 -0.247528 0.703084 1.914410 
0.000000 0.000000 0.000000 1.000000 

shoulder.R.007
-0.853846 0.367279 -0.368855 -0.481260 
-0.198752 -0.884968 -0.421105 -0.490948 
-0.481088 -0.286248 0.828624 1.901874 
0.000000 0.000000 0.000000 1.000000 

shoulder.R.008
-0.838467 -0.074679 -0.539812 -0.586936 
0.336045 -0.850665 -0.404282 -0.514179 
-0.429007 -0.520378 0.738349 1.884098 
0.000000 0.000000 0.000000 1.000000 

shoulder.R.009
-0.981614 -0.139868 0.129890 -0.590885 
0.062824 -0.879314 -0.472082 -0.559160 
0.180243 -0.455243 0.871933 1.856582 
0.000000 0.000000 0.000000 1.000000 

shoulder.R.010
-0.839397 -0.185916 -0.510732 -0.596188 
0.395040 -0.854085 -0.338353 -0.592498 
-0.373303 -0.485773 0.790361 1.839322 
0.000000 0.000000 0.000000 1.000000 

shoulder.R.011
-0.801446 -0.257757 -0.539672 -0.629337 
0.514994 -0.756228 -0.403610 -0.504391 
-0.304082 -0.601400 0.738819 1.874339 
0.000000 0.000000 0.000000 1.000000 

shoulder.R.012
-0.940474 -0.325984 0.096146 -0.642967 
0.209202 -0.778202 -0.592146 -0.544377 
0.267851 -0.536784 0.800075 1.842539 
0.000000 0.000000 0.000000 1.000000 

shoulder.R.013
-0.776450 -0.366578 -0.512587 -0.655326 
0.576781 -0.741072 -0.343710 -0.573882 
-0.253868 -0.562525 0.786841 1.822187 
0.000000 0.000000 0.000000 1.000000 

shoulder.R.014
-0.749760 -0.378701 -0.542628 -0.650792 
0.629961 -0.659468 -0.410185 -0.474553 
-0.202508 -0.649375 0.733010 1.864238 
0.000000 0.000000 0.000000 1.000000 

shoulder.R.015
-0.892324 -0.448260 0.053105 -0.667347 
0.299651 -0.676226 -0.672999 -0.503381 
0.337590 -0.584621 0.737735 1.835851 
0.000000 0.000000 0.000000 1.000000 

shoulder.R.016
-0.753270 -0.408398 -0.515554 -0.681397 
0.619831 -0.702974 -0.348766 -0.524577 
-0.219985 -0.582272 0.782667 1.817527 
0.000000 0.000000 0.000000 1.000000 

shoulder.R.017
-0.716055 -0.358012 -0.599244 -0.661931 
0.682126 -0.541161 -0.491782 -0.441757 
-0.148223 -0.760903 0.631709 1.852200 
0.000000 0.000000 0.000000 1.000000 

shoulder.R.018
-0.901583 -0.431941 -0.023979 -0.673028 
0.290984 -0.564484 -0.772455 -0.458532 
0.320120 -0.703410 0.634617 1.828613 
0.000000 0.000000 0.000000 1.000000 

shoulder.R.019
-0.716252 -0.393138 -0.576564 -0.682629 
0.676765 -0.592845 -0.436490 -0.471078 
-0.170213 -0.702836 0.690688 1.812979 
0.000000 0.000000 0.000000 1.000000 

leg.L
0.342622 0.891649 -0.295926 0.030489 
-0.206943 0.378884 0.902010 0.086027 
0.916398 -0.247809 0.314334 1.514123 
0.000000 0.000000 0.000000 1.000000 

leg.L.002
0.302109 0.397407 0.866486 0.185778 
-0.182362 -0.868078 0.461720 0.152013 
0.935668 -0.297504 -0.189782 1.470965 
0.000000 0.000000 0.000000 1.000000 

leg.L.003
-0.924191 0.120642 0.362375 0.231404 
-0.237630 -0.924422 -0.298287 0.052350 
0.299002 -0.361786 0.883012 1.436809 
0.000000 0.000000 0.000000 1.000000 

leg.L.004
-0.915477 -0.019752 0.401885 0.295448 
-0.295423 -0.645114 -0.704666 -0.438387 
0.273180 -0.763832 0.584751 1.244752 
0.000000 0.000000 0.000000 1.000000 

leg.L.005
-0.884464 0.079829 0.459728 0.283998 
-0.252441 -0.910480 -0.327568 -0.812329 
0.392423 -0.405776 0.825439 0.801995 
0.000000 0.000000 0.000000 1.000000 

leg.R
-0.003545 -0.889626 -0.456676 0.030489 
0.678922 -0.337438 0.652074 0.086027 
-0.734202 -0.307735 0.605183 1.514123 
0.000000 0.000000 0.000000 1.000000 

leg.R.002
-0.128879 0.013946 -0.991562 -0.124445 
0.708036 -0.698792 -0.101856 0.027260 
-0.694316 -0.715189 0.080185 1.460529 
0.000000 0.000000 0.000000 1.000000 

leg.R.003
-0.988005 -0.096040 0.120920 -0.122844 
-0.039690 -0.598817 -0.799902 -0.052968 
0.149232 -0.795107 0.587822 1.378418 
0.000000 0.000000 0.000000 1.000000 

leg.R.004
-0.979568 -0.161520 0.119818 -0.173828 
-0.003317 -0.582729 -0.812660 -0.370855 
0.201082 -0.796454 0.570287 0.956330 
0.000000 0.000000 0.000000 1.000000 

leg.R.005
-0.994917 -0.061007 0.080115 -0.267453 
-0.014205 -0.702615 -0.711428 -0.708635 
0.099693 -0.708950 0.698177 0.494663 
0.000000 0.000000 0.000000 1.000000 

Frame 2
base
1.000000 0.000000 0.000000 0.000000 
0.000000 0.000000 -1.000000 0.000000 
0.000000 1.000000 0.000000 0.000000 
0.000000 0.000000 0.000000 1.000000 

ass
1.000000 -0.000000 -0.000000 0.030489 
-0.000000 -0.334096 -0.942539 0.086027 
-0.000000 0.942539 -0.334096 1.514123 
0.000000 0.000000 0.000000 1.000000 

waist
-1.000000 0.000000 -0.000000 0.030489 
-0.000000 -0.071274 0.997457 0.012198 
-0.000000 0.997457 0.071274 1.722407 
0.000000 0.000000 0.000000 1.000000 

torso
1.000000 -0.000000 -0.000000 0.030489 
-0.000000 0.277516 -0.960721 0.000809 
0.000000 0.960722 0.277516 1.881789 
0.000000 0.000000 0.000000 1.000000 

neck
-1.000000 -0.000000 -0.000001 0.030489 
-0.000001 -0.051266 0.998685 0.133307 
-0.000000 0.998686 0.051267 2.340478 
0.000000 0.000000 0.000000 1.000000 

head
1.000000 0.000000 0.000000 0.030489 
0.000000 -0.353316 -0.935504 0.125258 
-0.000000 0.935504 -0.353317 2.497273 
0.000000 0.000000 0.000000 1.000000 

shoulder.L
0.174220 0.970485 0.166754 0.030489 
-0.983030 0.161534 0.086941 0.133307 
0.057438 -0.179071 0.982159 2.340478 
0.000000 0.000000 0.000000 1.000000 

shoulder.L.001
-0.011203 0.561164 0.827629 0.313728 
-0.993208 -0.102110 0.055790 0.180451 
0.115816 -0.821383 0.558497 2.288216 
0.000000 0.000000 0.000000 1.000000 

shoulder.L.002
0.172254 0.785090 0.594947 0.360612 
-0.981483 0.085412 0.171457 0.171920 
0.083794 -0.613465 0.785265 2.219592 
0.000000 0.000000 0.000000 1.000000 

shoulder.L.003
-0.644155 0.599182 0.475444 0.551787 
-0.595071 -0.783101 0.180678 0.192719 
0.480579 -0.166539 0.860994 2.070209 
0.000000 0.000000 0.000000 1.000000 

shoulder.L.004
-0.567755 0.625591 0.535061 0.697588 
-0.684111 -0.720093 0.116017 0.002163 
0.457872 -0.300172 0.836811 2.029685 
0.000000 0.000000 0.000000 1.000000 

shoulder.L.005
-0.490252 0.730484 0.475444 0.832548 
-0.758222 -0.626463 0.180678 -0.153183 
0.429830 -0.271914 0.860994 1.964928 
0.000000 0.000000 0.000000 1.000000 

shoulder.L.006
-0.737202 -0.067525 0.672291 0.805609 
-0.031574 -0.990464 -0.134106 -0.248659 
0.674935 -0.120090 0.728040 1.964167 
0.000000 0.000000 0.000000 1.000000 

shoulder.L.007
-0.858497 0.043480 0.510973 0.802190 
-0.118519 -0.986247 -0.115205 -0.298821 
0.498936 -0.159464 0.851842 1.958085 
0.000000 0.000000 0.000000 1.000000 

shoulder.L.008
-0.617560 0.429612 0.658827 0.907776 
-0.598924 -0.799814 -0.039861 -0.277503 
0.509814 -0.419204 0.751238 1.937585 
0.000000 0.000000 0.000000 1.000000 

shoulder.L.009
-0.861855 0.500664 0.080885 0.930492 
-0.492993 -0.789637 -0.365284 -0.319794 
-0.119015 -0.354698 0.927376 1.915419 
0.000000 0.000000 0.000000 1.000000 

shoulder.L.010
-0.593258 0.531721 0.604416 0.949474 
-0.659511 -0.751568 0.013839 -0.349733 
0.461618 -0.390409 0.796550 1.901971 
0.000000 0.000000 0.000000 1.000000 

shoulder.L.011
-0.507856 0.555494 0.658415 0.942038 
-0.760212 -0.648489 -0.039256 -0.252134 
0.405168 -0.520472 0.751631 1.924491 
0.000000 0.000000 0.000000 1.000000 

shoulder.L.012
-0.762316 0.626465 0.162530 0.971411 
-0.618461 -0.631108 -0.468198 -0.286424 
-0.190736 -0.457433 0.868549 1.896970 
0.000000 0.000000 0.000000 1.000000 

shoulder.L.013
-0.458903 0.647524 0.608376 0.995163 
-0.811679 -0.584029 0.009354 -0.310352 
0.361366 -0.489514 0.793595 1.879627 
0.000000 0.000000 0.000000 1.000000 

shoulder.L.014
-0.412066 0.624058 0.663893 0.948827 
-0.854855 -0.516942 -0.044669 -0.217628 
0.315318 -0.585939 0.746493 1.909800 
0.000000 0.000000 0.000000 1.000000 

shoulder.L.015
-0.680197 0.694022 0.235937 0.976107 
-0.688449 -0.494300 -0.530760 -0.240226 
-0.251736 -0.523452 0.814020 1.884186 
0.000000 0.000000 0.000000 1.000000 

shoulder.L.016
-0.419578 0.669269 0.613216 0.997861 
-0.844970 -0.534787 0.005521 -0.255719 
0.331635 -0.515832 0.789897 1.867779 
0.000000 0.000000 0.000000 1.000000 

shoulder.L.017
-0.359301 0.555356 0.749989 0.945023 
-0.894547 -0.433920 -0.107244 -0.185059 
0.265876 -0.709433 0.652700 1.893387 
0.000000 0.000000 0.000000 1.000000 

shoulder.L.018
-0.692294 0.632079 0.348147 0.962238 
-0.682297 -0.416275 -0.600988 -0.198510 
-0.234947 -0.653600 0.719450 1.871396 
0.000000 0.000000 0.000000 1.000000 

shoulder.L.019
-0.361799 0.608973 0.705871 0.976288 
-0.886962 -0.457995 -0.059494 -0.207762 
0.287055 -0.647606 0.705838 1.856868 
0.000000 0.000000 0.000000 1.000000 

shoulder.R
0.174220 -0.970485 -0.166754 0.030489 
0.983030 0.161534 0.086941 0.133307 
-0.057439 -0.179071 0.982159 2.340478 
0.000000 0.000000 0.000000 1.000000 

shoulder.R.001
-0.598500 -0.405299 -0.691035 -0.252750 
0.790646 -0.437875 -0.427954 0.180451 
-0.129137 -0.802495 0.582517 2.288216 
0.000000 0.000000 0.000000 1.000000 

shoulder.R.002
-0.462937 -0.693352 -0.552225 -0.286612 
0.883278 -0.413016 -0.221897 0.143868 
-0.074225 -0.590493 0.803623 2.221169 
0.000000 0.000000 0.000000 1.000000 

shoulder.R.003
-0.859371 -0.221812 -0.460741 -0.455447 
0.317840 -0.937529 -0.141484 0.043296 
-0.400575 -0.268030 0.876185 2.077380 
0.000000 0.000000 0.000000 1.000000 

shoulder.R.004
-0.826460 -0.279364 -0.488795 -0.509422 
0.427502 -0.876342 -0.221964 -0.184838 
-0.366343 -0.392405 0.843689 2.012159 
0.000000 0.000000 0.000000 1.000000 

shoulder.R.005
-0.785980 -0.412254 -0.460741 -0.569689 
0.523597 -0.840136 -0.141484 -0.373892 
-0.328757 -0.352447 0.876185 1.927505 
0.000000 0.000000 0.000000 1.000000 

shoulder.R.006
-0.716782 0.471669 -0.513568 -0.505148 
-0.204501 -0.846321 -0.491855 -0.448086 
-0.666636 -0.247528 0.703084 1.914410 
0.000000 0.000000 0.000000 1.000000 

shoulder.R.007
-0.853846 0.367279 -0.368855 -0.481260 
-0.198752 -0.884968 -0.421105 -0.490948 
-0.481088 -0.286248 0.828624 1.901874 
0.000000 0.000000 0.000000 1.000000 

shoulder.R.008
-0.838467 -0.074679 -0.539812 -0.586936 
0.336045 -0.850665 -0.404282 -0.514179 
-0.429007 -0.520378 0.738349 1.884098 
0.000000 0.000000 0.000000 1.000000 

shoulder.R.009
-0.981614 -0.139868 0.129890 -0.590885 
0.062824 -0.879314 -0.472082 -0.559160 
0.180243 -0.455243 0.871933 1.856582 
0.000000 0.000000 0.000000 1.000000 

shoulder.R.010
-0.839397 -0.185916 -0.510732 -0.596188 
0.395040 -0.854085 -0.338353 -0.592498 
-0.373303 -0.485773 0.790361 1.839322 
0.000000 0.000000 0.000000 1.000000 

shoulder.R.011
-0.801446 -0.257757 -0.539672 -0.629337 
0.514994 -0.756228 -0.403610 -0.504391 
-0.304082 -0.601400 0.738819 1.874339 
0.000000 0.000000 0.000000 1.000000 

shoulder.R.012
-0.940474 -0.325984 0.096146 -0.642967 
0.209202 -0.778202 -0.592146 -0.544377 
0.267851 -0.536784 0.800075 1.842539 
0.000000 0.000000 0.000000 1.000000 

shoulder.R.013
-0.776450 -0.366578 -0.512587 -0.655326 
0.576781 -0.741072 -0.343710 -0.573882 
-0.253868 -0.562525 0.786841 1.822187 
0.000000 0.000000 0.000000 1.000000 

shoulder.R.014
-0.749760 -0.378701 -0.542628 -0.650792 
0.629961 -0.659468 -0.410185 -0.474553 
-0.202508 -0.649375 0.733010 1.864238 
0.000000 0.000000 0.000000 1.000000 

shoulder.R.015
-0.892324 -0.448260 0.053105 -0.667347 
0.299651 -0.676226 -0.672999 -0.503381 
0.337590 -0.584621 0.737735 1.835851 
0.000000 0.000000 0.000000 1.000000 

shoulder.R.016
-0.753270 -0.408398 -0.515554 -0.681397 
0.619831 -0.702974 -0.348766 -0.524577 
-0.219985 -0.582272 0.782667 1.817527 
0.000000 0.000000 0.000000 1.000000 

shoulder.R.017
-0.716055 -0.358012 -0.599244 -0.661931 
0.682126 -0.541161 -0.491782 -0.441757 
-0.148223 -0.760903 0.631709 1.852200 
0.000000 0.000000 0.000000 1.000000 

shoulder.R.018
-0.901583 -0.431941 -0.023979 -0.673028 
0.290984 -0.564484 -0.772455 -0.458532 
0.320120 -0.703410 0.634617 1.828613 
0.000000 0.000000 0.000000 1.000000 

shoulder.R.019
-0.716252 -0.393138 -0.576564 -0.682629 
0.676765 -0.592845 -0.436490 -0.471078 
-0.170213 -0.702836 0.690688 1.812979 
0.000000 0.000000 0.000000 1.000000 

leg.L
0.342622 0.891649 -0.295926 0.030489 
-0.206943 0.378884 0.902010 0.086027 
0.916398 -0.247809 0.314334 1.514123 
0.000000 0.000000 0.000000 1.000000 

leg.L.002
0.302109 0.397407 0.866486 0.185778 
-0.182362 -0.868078 0.461720 0.152013 
0.935668 -0.297504 -0.189782 1.470965 
0.000000 0.000000 0.000000 1.000000 

leg.L.003
-0.924191 0.120642 0.362375 0.231404 
-0.237630 -0.924422 -0.298287 0.052350 
0.299002 -0.361786 0.883012 1.436809 
0.000000 0.000000 0.000000 1.000000 

leg.L.004
-0.915477 -0.019752 0.401885 0.295448 
-0.295423 -0.645114 -0.704666 -0.438387 
0.273180 -0.763832 0.584751 1.244752 
0.000000 0.000000 0.000000 1.000000 

leg.L.005
-0.884464 0.079829 0.459728 0.283998 
-0.252441 -0.910480 -0.327568 -0.812329 
0.392423 -0.405776 0.825439 0.801995 
0.000000 0.000000 0.000000 1.000000 

leg.R
-0.003545 -0.889626 -0.456676 0.030489 
0.678922 -0.337438 0.652074 0.086027 
-0.734202 -0.307735 0.605183 1.514123 
0.000000 0.000000 0.000000 1.000000 

leg.R.002
-0.128879 0.013946 -0.991562 -0.124445 
0.708036 -0.698792 -0.101856 0.027260 
-0.694316 -0.715189 0.080185 1.460529 
0.000000 0.000000 0.000000 1.000000 

leg.R.003
-0.988005 -0.096040 0.120920 -0.122844 
-0.039690 -0.598817 -0.799902 -0.052968 
0.149232 -0.795107 0.587822 1.378418 
0.000000 0.000000 0.000000 1.000000 

leg.R.004
-0.979568 -0.161520 0.119818 -0.173828 
-0.003317 -0.582729 -0.812660 -0.370855 
0.201082 -0.796454 0.570287 0.956330 
0.000000 0.000000 0.000000 1.000000 

leg.R.005
-0.994917 -0.061007 0.080115 -0.267453 
-0.014205 -0.702615 -0.711428 -0.708635 
0.099693 -0.708950 0.698177 0.494663 
0.000000 0.000000 0.000000 1.000000 

Frame 3
base
1.000000 0.000000 0.000000 0.000000 
0.000000 0.000000 -1.000000 0.000000 
0.000000 1.000000 0.000000 0.000000 
0.000000 0.000000 0.000000 1.000000 

ass
0.973248 0.216557 -0.076762 0.030489 
-0.000000 -0.334096 -0.942539 0.086027 
-0.229759 0.917324 -0.325158 1.445928 
0.000000 0.000000 0.000000 1.000000 

waist
-0.999986 -0.005347 -0.000382 0.078344 
-0.000000 -0.071274 0.997457 0.012198 
-0.005360 0.997443 0.071273 1.648639 
0.000000 0.000000 0.000000 1.000000 

torso
0.986459 -0.157565 -0.045515 0.077490 
-0.000000 0.277516 -0.960721 0.000809 
0.164007 0.947713 0.273758 1.808020 
0.000000 0.000000 0.000000 1.000000 

neck
-0.999894 -0.014545 -0.000747 0.002262 
-0.000001 -0.051266 0.998685 0.133307 
-0.014565 0.998580 0.051261 2.260498 
0.000000 0.000000 0.000000 1.000000 

head
0.993835 0.103719 -0.039172 -0.000022 
-0.000000 -0.353316 -0.935504 0.125258 
-0.110870 0.929737 -0.351139 2.417276 
0.000000 0.000000 0.000000 1.000000 

shoulder.L
0.162441 0.986713 0.003416 0.002262 
-0.983030 0.161534 0.086941 0.133307 
0.085234 -0.017480 0.996208 2.260498 
0.000000 0.000000 0.000000 1.000000 

shoulder.L.001
-0.191865 -0.080335 0.978128 0.290237 
-0.917103 0.369539 -0.149544 0.180451 
-0.349443 -0.925737 -0.144577 2.255396 
0.000000 0.000000 0.000000 1.000000 

shoulder.L.002
-0.080405 0.261512 0.961846 0.283525 
-0.871339 0.450170 -0.195233 0.211325 
-0.484050 -0.853791 0.191670 2.178053 
0.000000 0.000000 0.000000 1.000000 

shoulder.L.003
-0.351055 0.186604 0.917573 0.347205 
-0.858411 -0.455567 -0.235773 0.320944 
0.374020 -0.870425 0.320112 1.970150 
0.000000 0.000000 0.000000 1.000000 

shoulder.L.004
-0.325660 0.142576 0.934676 0.392612 
-0.906787 -0.327036 -0.266057 0.210089 
0.267739 -0.934195 0.235789 1.758345 
0.000000 0.000000 0.000000 1.000000 

shoulder.L.005
-0.299147 0.261862 0.917573 0.423370 
-0.939781 -0.247434 -0.235773 0.139537 
0.165299 -0.932848 0.320112 1.556810 
0.000000 0.000000 0.000000 1.000000 

shoulder.L.006
-0.179584 -0.349538 0.919551 0.380244 
-0.514051 -0.763632 -0.390662 0.056661 
0.838750 -0.542853 -0.042544 1.523441 
0.000000 0.000000 0.000000 1.000000 

shoulder.L.007
-0.397243 -0.285874 0.872052 0.362541 
-0.511162 -0.720268 -0.468964 0.017987 
0.762176 -0.632053 0.139994 1.495949 
0.000000 0.000000 0.000000 1.000000 

shoulder.L.008
-0.314091 -0.097629 0.944360 0.437058 
-0.872902 -0.361468 -0.327693 0.064363 
0.373349 -0.927260 0.028313 1.430225 
0.000000 0.000000 0.000000 1.000000 

shoulder.L.009
-0.850170 -0.002221 0.526504 0.431896 
-0.487170 -0.375956 -0.788241 0.045250 
0.199693 -0.926636 0.318545 1.381195 
0.000000 0.000000 0.000000 1.000000 

shoulder.L.010
-0.337571 0.009446 0.941253 0.431812 
-0.892795 -0.320064 -0.316980 0.030996 
0.298267 -0.947350 0.116478 1.346062 
0.000000 0.000000 0.000000 1.000000 

shoulder.L.011
-0.327787 -0.025357 0.944412 0.461654 
-0.931069 -0.160845 -0.327475 0.098110 
0.160208 -0.986655 0.029114 1.414569 
0.000000 0.000000 0.000000 1.000000 

shoulder.L.012
-0.844117 0.070769 0.531469 0.460313 
-0.535261 -0.168611 -0.827687 0.089605 
0.031037 -0.983140 0.180208 1.362397 
0.000000 0.000000 0.000000 1.000000 

shoulder.L.013
-0.327506 0.078897 0.941550 0.462997 
-0.941671 -0.108924 -0.318420 0.083212 
0.077435 -0.990915 0.109969 1.325122 
0.000000 0.000000 0.000000 1.000000 

shoulder.L.014
-0.328292 0.019149 0.944383 0.466126 
-0.944576 -0.005482 -0.328248 0.135645 
-0.001109 -0.999802 0.019888 1.419442 
0.000000 0.000000 0.000000 1.000000 

shoulder.L.015
-0.832541 0.115373 0.541817 0.466963 
-0.546293 -0.008779 -0.837549 0.135405 
-0.091874 -0.993284 0.070336 1.375737 
0.000000 0.000000 0.000000 1.000000 

shoulder.L.016
-0.322217 0.091453 0.942238 0.470579 
-0.946487 -0.050447 -0.318774 0.135130 
0.018380 -0.994531 0.102814 1.344603 
0.000000 0.000000 0.000000 1.000000 

shoulder.L.017
-0.325695 -0.087954 0.941375 0.460937 
-0.941780 0.118120 -0.314799 0.170732 
-0.083508 -0.989097 -0.121305 1.428745 
0.000000 0.000000 0.000000 1.000000 

shoulder.L.018
-0.830591 0.008431 0.556820 0.458210 
-0.552309 0.115427 -0.825610 0.174394 
-0.071233 -0.993281 -0.091216 1.398085 
0.000000 0.000000 0.000000 1.000000 

shoulder.L.019
-0.313395 -0.015455 0.949497 0.458398 
-0.947372 0.073894 -0.311490 0.176959 
-0.065349 -0.997147 -0.037799 1.376007 
0.000000 0.000000 0.000000 1.000000 

shoulder.R
0.181282 -0.927975 -0.325577 0.002262 
0.983030 0.161534 0.086941 0.133307 
-0.028087 -0.335813 0.941511 2.260498 
0.000000 0.000000 0.000000 1.000000 

shoulder.R.001
-0.467880 -0.385684 -0.795196 -0.268571 
0.659340 0.446825 -0.604663 0.180451 
0.588523 -0.807215 0.045236 2.162490 
0.000000 0.000000 0.000000 1.000000 

shoulder.R.002
-0.249990 -0.685975 -0.683332 -0.300794 
0.722089 0.338086 -0.603561 0.217782 
0.645054 -0.644311 0.410817 2.095049 
0.000000 0.000000 0.000000 1.000000 

shoulder.R.003
-0.765078 0.265623 -0.586600 -0.467833 
0.222414 -0.745889 -0.627838 0.300109 
-0.604307 -0.610814 0.511585 1.938155 
0.000000 0.000000 0.000000 1.000000 

shoulder.R.004
-0.790898 0.225245 -0.568985 -0.403197 
0.310231 -0.653875 -0.690075 0.118608 
-0.527482 -0.722297 0.447271 1.789523 
0.000000 0.000000 0.000000 1.000000 

shoulder.R.005
-0.805526 0.083832 -0.586600 -0.354605 
0.386918 -0.675362 -0.627838 -0.022453 
-0.448801 -0.732707 0.511585 1.633701 
0.000000 0.000000 0.000000 1.000000 

shoulder.R.006
-0.353297 0.825109 -0.440882 -0.264519 
-0.071722 -0.493776 -0.866626 -0.063408 
-0.932759 -0.274556 0.233627 1.626700 
0.000000 0.000000 0.000000 1.000000 

shoulder.R.007
-0.526446 0.761017 -0.379088 -0.222731 
-0.184419 -0.537473 -0.822868 -0.088415 
-0.829967 -0.363285 0.423296 1.612795 
0.000000 0.000000 0.000000 1.000000 

shoulder.R.008
-0.746442 0.428241 -0.509347 -0.300086 
0.256048 -0.521657 -0.813826 -0.128413 
-0.614218 -0.737892 0.279736 1.546165 
0.000000 0.000000 0.000000 1.000000 

shoulder.R.009
-0.928804 0.365173 0.063030 -0.277442 
-0.283958 -0.592056 -0.754213 -0.155996 
-0.238101 -0.718414 0.653598 1.507148 
0.000000 0.000000 0.000000 1.000000 

shoulder.R.010
-0.786916 0.323348 -0.525555 -0.263597 
0.282000 -0.569116 -0.772388 -0.178444 
-0.548853 -0.756012 0.356662 1.479910 
0.000000 0.000000 0.000000 1.000000 

shoulder.R.011
-0.822320 0.253111 -0.509632 -0.338212 
0.364614 -0.453218 -0.813419 -0.126895 
-0.436860 -0.854710 0.280402 1.523077 
0.000000 0.000000 0.000000 1.000000 

shoulder.R.012
-0.977374 0.184817 0.102870 -0.324828 
-0.185886 -0.518458 -0.834654 -0.150860 
-0.100925 -0.834892 0.541082 1.477882 
0.000000 0.000000 0.000000 1.000000 

shoulder.R.013
-0.839881 0.141527 -0.523994 -0.317821 
0.402208 -0.485963 -0.775931 -0.170517 
-0.364458 -0.862445 0.351227 1.446228 
0.000000 0.000000 0.000000 1.000000 

shoulder.R.014
-0.852767 0.121806 -0.507890 -0.366247 
0.432353 -0.380924 -0.817293 -0.102489 
-0.293019 -0.916548 0.272176 1.514654 
0.000000 0.000000 0.000000 1.000000 

shoulder.R.015
-0.991988 0.050181 0.115934 -0.360922 
-0.126151 -0.442096 -0.888052 -0.119140 
0.006690 -0.895564 0.444884 1.474589 
0.000000 0.000000 0.000000 1.000000 

shoulder.R.016
-0.846800 0.095106 -0.523339 -0.359349 
0.430406 -0.455592 -0.779222 -0.132998 
-0.312538 -0.885094 0.344861 1.446518 
0.000000 0.000000 0.000000 1.000000 

shoulder.R.017
-0.859957 0.122452 -0.495458 -0.385990 
0.462191 -0.224875 -0.857794 -0.071970 
-0.216455 -0.966663 0.136786 1.509814 
0.000000 0.000000 0.000000 1.000000 

shoulder.R.018
-0.991617 0.051740 0.118397 -0.382194 
-0.128360 -0.289647 -0.948487 -0.078941 
-0.014782 -0.955735 0.293860 1.479849 
0.000000 0.000000 0.000000 1.000000 

shoulder.R.019
-0.851806 0.096900 -0.514816 -0.381044 
0.467195 -0.304029 -0.830238 -0.085379 
-0.236969 -0.947723 0.213702 1.458606 
0.000000 0.000000 0.000000 1.000000 

leg.L
0.467940 0.852138 0.234293 0.030489 
-0.731750 0.224933 0.643387 0.086027 
0.495554 -0.472510 0.728808 1.445928 
0.000000 0.000000 0.000000 1.000000 

leg.L.002
0.266780 0.470266 0.841236 0.178897 
-0.741369 -0.457583 0.490907 0.125201 
0.615793 -0.754630 0.226567 1.363636 
0.000000 0.000000 0.000000 1.000000 

leg.L.003
-0.919530 0.201565 0.337396 0.232888 
-0.393004 -0.463933 -0.793923 0.072666 
-0.003498 -0.862634 0.505816 1.276998 
0.000000 0.000000 0.000000 1.000000 

leg.L.004
-0.905601 0.148163 0.397410 0.339890 
-0.419900 -0.181181 -0.889302 -0.173616 
-0.059759 -0.972225 0.226291 0.819062 
0.000000 0.000000 0.000000 1.000000 

leg.L.005
-0.900225 0.130731 0.415337 0.425773 
-0.432516 -0.378546 -0.818311 -0.278638 
0.050245 -0.916303 0.397320 0.255510 
0.000000 0.000000 0.000000 1.000000 

leg.R
0.417687 -0.886276 0.200134 0.030489 
0.879198 0.449820 0.157072 0.086027 
-0.229234 0.110351 0.967096 1.445928 
0.000000 0.000000 0.000000 1.000000 

leg.R.002
0.355361 0.038346 -0.933942 -0.123862 
0.923891 -0.166121 0.344716 0.164366 
-0.141930 -0.985359 -0.094461 1.465147 
0.000000 0.000000 0.000000 1.000000 

leg.R.003
-0.935020 0.001351 -0.354592 -0.119459 
0.354588 -0.002121 -0.935020 0.145294 
-0.002016 -0.999997 0.001504 1.352018 
0.000000 0.000000 0.000000 1.000000 

leg.R.004
-0.934050 -0.050706 -0.353524 -0.118742 
0.351752 0.040702 -0.935208 0.144167 
0.061810 -0.997884 -0.020182 0.821162 
0.000000 0.000000 0.000000 1.000000 

leg.R.005
-0.919929 -0.126565 -0.371095 -0.148134 
0.386283 -0.454762 -0.802481 0.167761 
-0.067194 -0.881574 0.467239 0.242736 
0.000000 0.000000 0.000000 1.000000 

Frame 4
base
1.000000 0.000000 0.000000 0.000000 
0.000000 0.000000 -1.000000 0.000000 
0.000000 1.000000 0.000000 0.000000 
0.000000 0.000000 0.000000 1.000000 

ass
0.973248 0.216557 -0.076762 0.030489 
-0.000000 -0.334096 -0.942539 0.086027 
-0.229759 0.917324 -0.325158 1.445928 
0.000000 0.000000 0.000000 1.000000 

waist
-0.999986 -0.005347 -0.000382 0.078344 
-0.000000 -0.071274 0.997457 0.012198 
-0.005360 0.997443 0.071273 1.648639 
0.000000 0.000000 0.000000 1.000000 

torso
0.986459 -0.157565 -0.045515 0.077490 
-0.000000 0.277516 -0.960721 0.000809 
0.164007 0.947713 0.273758 1.808020 
0.000000 0.000000 0.000000 1.000000 

neck
-0.999894 -0.014545 -0.000747 0.002262 
-0.000001 -0.051266 0.998685 0.133307 
-0.014565 0.998580 0.051261 2.260498 
0.000000 0.000000 0.000000 1.000000 

head
0.993835 0.103719 -0.039172 -0.000022 
-0.000000 -0.353316 -0.935504 0.125258 
-0.110870 0.929737 -0.351139 2.417276 
0.000000 0.000000 0.000000 1.000000 

shoulder.L
0.162441 0.986713 0.003416 0.002262 
-0.983030 0.161534 0.086941 0.133307 
0.085234 -0.017480 0.996208 2.260498 
0.000000 0.000000 0.000000 1.000000 

shoulder.L.001
-0.191865 -0.080335 0.978128 0.290237 
-0.917103 0.369539 -0.149544 0.180451 
-0.349443 -0.925737 -0.144577 2.255396 
0.000000 0.000000 0.000000 1.000000 

shoulder.L.002
-0.080405 0.261512 0.961846 0.283525 
-0.871339 0.450170 -0.195233 0.211325 
-0.484050 -0.853791 0.191670 2.178053 
0.000000 0.000000 0.000000 1.000000 

shoulder.L.003
-0.351055 0.186604 0.917573 0.347205 
-0.858411 -0.455567 -0.235773 0.320944 
0.374020 -0.870425 0.320112 1.970150 
0.000000 0.000000 0.000000 1.000000 

shoulder.L.004
-0.325660 0.142576 0.934676 0.392612 
-0.906787 -0.327036 -0.266057 0.210089 
0.267739 -0.934195 0.235789 1.758345 
0.000000 0.000000 0.000000 1.000000 

shoulder.L.005
-0.299147 0.261862 0.917573 0.423370 
-0.939781 -0.247434 -0.235773 0.139537 
0.165299 -0.932848 0.320112 1.556810 
0.000000 0.000000 0.000000 1.000000 

shoulder.L.006
-0.179584 -0.349538 0.919551 0.380244 
-0.514051 -0.763632 -0.390662 0.056661 
0.838750 -0.542853 -0.042544 1.523441 
0.000000 0.000000 0.000000 1.000000 

shoulder.L.007
-0.397243 -0.285874 0.872052 0.362541 
-0.511162 -0.720268 -0.468964 0.017987 
0.762176 -0.632053 0.139994 1.495949 
0.000000 0.000000 0.000000 1.000000 

shoulder.L.008
-0.314091 -0.097629 0.944360 0.437058 
-0.872902 -0.361468 -0.327693 0.064363 
0.373349 -0.927260 0.028313 1.430225 
0.000000 0.000000 0.000000 1.000000 

shoulder.L.009
-0.850170 -0.002221 0.526504 0.431896 
-0.487170 -0.375956 -0.788241 0.045250 
0.199693 -0.926636 0.318545 1.381195 
0.000000 0.000000 0.000000 1.000000 

shoulder.L.010
-0.337571 0.009446 0.941253 0.431812 
-0.892795 -0.320064 -0.316980 0.030996 
0.298267 -0.947350 0.116478 1.346062 
0.000000 0.000000 0.000000 1.000000 

shoulder.L.011
-0.327787 -0.025357 0.944412 0.461654 
-0.931069 -0.160845 -0.327475 0.098110 
0.160208 -0.986655 0.029114 1.414569 
0.000000 0.000000 0.000000 1.000000 

shoulder.L.012
-0.844117 0.070769 0.531469 0.460313 
-0.535261 -0.168611 -0.827687 0.089605 
0.031037 -0.983140 0.180208 1.362397 
0.000000 0.000000 0.000000 1.000000 

shoulder.L.013
-0.327506 0.078897 0.941550 0.462997 
-0.941671 -0.108924 -0.318420 0.083212 
0.077435 -0.990915 0.109969 1.325122 
0.000000 0.000000 0.000000 1.000000 

shoulder.L.014
-0.328292 0.019149 0.944383 0.466126 
-0.944576 -0.005482 -0.328248 0.135645 
-0.001109 -0.999802 0.019888 1.419442 
0.000000 0.000000 0.000000 1.000000 

shoulder.L.015
-0.832541 0.115373 0.541817 0.466963 
-0.546293 -0.008779 -0.837549 0.135405 
-0.091874 -0.993284 0.070336 1.375737 
0.000000 0.000000 0.000000 1.000000 

shoulder.L.016
-0.322217 0.091453 0.942238 0.470579 
-0.946487 -0.050447 -0.318774 0.135130 
0.018380 -0.994531 0.102814 1.344603 
0.000000 0.000000 0.000000 1.000000 

shoulder.L.017
-0.325695 -0.087954 0.941375 0.460937 
-0.941780 0.118120 -0.314799 0.170732 
-0.083508 -0.989097 -0.121305 1.428745 
0.000000 0.000000 0.000000 1.000000 

shoulder.L.018
-0.830591 0.008431 0.556820 0.458210 
-0.552309 0.115427 -0.825610 0.174394 
-0.071233 -0.993281 -0.091216 1.398085 
0.000000 0.000000 0.000000 1.000000 

shoulder.L.019
-0.313395 -0.015455 0.949497 0.458398 
-0.947372 0.073894 -0.311490 0.176959 
-0.065349 -0.997147 -0.037799 1.376007 
0.000000 0.000000 0.000000 1.000000 

shoulder.R
0.181282 -0.927975 -0.325577 0.002262 
0.983030 0.161534 0.086941 0.133307 
-0.028087 -0.335813 0.941511 2.260498 
0.000000 0.000000 0.000000 1.000000 

shoulder.R.001
-0.467880 -0.385684 -0.795196 -0.268571 
0.659340 0.446825 -0.604663 0.180451 
0.588523 -0.807215 0.045236 2.162490 
0.000000 0.000000 0.000000 1.000000 

shoulder.R.002
-0.249990 -0.685975 -0.683332 -0.300794 
0.722089 0.338086 -0.603561 0.217782 
0.645054 -0.644311 0.410817 2.095049 
0.000000 0.000000 0.000000 1.000000 

shoulder.R.003
-0.765078 0.265623 -0.586600 -0.467833 
0.222414 -0.745889 -0.627838 0.300109 
-0.604307 -0.610814 0.511585 1.938155 
0.000000 0.000000 0.000000 1.000000 

shoulder.R.004
-0.790898 0.225245 -0.568985 -0.403197 
0.310231 -0.653875 -0.690075 0.118608 
-0.527482 -0.722297 0.447271 1.789523 
0.000000 0.000000 0.000000 1.000000 

shoulder.R.005
-0.805526 0.083832 -0.586600 -0.354605 
0.386918 -0.675362 -0.627838 -0.022453 
-0.448801 -0.732707 0.511585 1.633701 
0.000000 0.000000 0.000000 1.000000 

shoulder.R.006
-0.353297 0.825109 -0.440882 -0.264519 
-0.071722 -0.493776 -0.866626 -0.063408 
-0.932759 -0.274556 0.233627 1.626700 
0.000000 0.000000 0.000000 1.000000 

shoulder.R.007
-0.526446 0.761017 -0.379088 -0.222731 
-0.184419 -0.537473 -0.822868 -0.088415 
-0.829967 -0.363285 0.423296 1.612795 
0.000000 0.000000 0.000000 1.000000 

shoulder.R.008
-0.746442 0.428241 -0.509347 -0.300086 
0.256048 -0.521657 -0.813826 -0.128413 
-0.614218 -0.737892 0.279736 1.546165 
0.000000 0.000000 0.000000 1.000000 

shoulder.R.009
-0.928804 0.365173 0.063030 -0.277442 
-0.283958 -0.592056 -0.754213 -0.155996 
-0.238101 -0.718414 0.653598 1.507148 
0.000000 0.000000 0.000000 1.000000 

shoulder.R.010
-0.786916 0.323348 -0.525555 -0.263597 
0.282000 -0.569116 -0.772388 -0.178444 
-0.548853 -0.756012 0.356662 1.479910 
0.000000 0.000000 0.000000 1.000000 

shoulder.R.011
-0.822320 0.253111 -0.509632 -0.338212 
0.364614 -0.453218 -0.813419 -0.126895 
-0.436860 -0.854710 0.280402 1.523077 
0.000000 0.000000 0.000000 1.000000 

shoulder.R.012
-0.977374 0.184817 0.102870 -0.324828 
-0.185886 -0.518458 -0.834654 -0.150860 
-0.100925 -0.834892 0.541082 1.477882 
0.000000 0.000000 0.000000 1.000000 

shoulder.R.013
-0.839881 0.141527 -0.523994 -0.317821 
0.402208 -0.485963 -0.775931 -0.170517 
-0.364458 -0.862445 0.351227 1.446228 
0.000000 0.000000 0.000000 1.000000 

shoulder.R.014
-0.852767 0.121806 -0.507890 -0.366247 
0.432353 -0.380924 -0.817293 -0.102489 
-0.293019 -0.916548 0.272176 1.514654 
0.000000 0.000000 0.000000 1.000000 

shoulder.R.015
-0.991988 0.050181 0.115934 -0.360922 
-0.126151 -0.442096 -0.888052 -0.119140 
0.006690 -0.895564 0.444884 1.474589 
0.000000 0.000000 0.000000 1.000000 

shoulder.R.016
-0.846800 0.095106 -0.523339 -0.359349 
0.430406 -0.455592 -0.779222 -0.132998 
-0.312538 -0.885094 0.344861 1.446518 
0.000000 0.000000 0.000000 1.000000 

shoulder.R.017
-0.859957 0.122452 -0.495458 -0.385990 
0.462191 -0.224875 -0.857794 -0.071970 
-0.216455 -0.966663 0.136786 1.509814 
0.000000 0.000000 0.000000 1.000000 

shoulder.R.018
-0.991617 0.051740 0.118397 -0.382194 
-0.128360 -0.289647 -0.948487 -0.078941 
-0.014782 -0.955735 0.293860 1.479849 
0.000000 0.000000 0.000000 1.000000 

shoulder.R.019
-0.851806 0.096900 -0.514816 -0.381044 
0.467195 -0.304029 -0.830238 -0.085379 
-0.236969 -0.947723 0.213702 1.458606 
0.000000 0.000000 0.000000 1.000000 

leg.L
0.467940 0.852138 0.234293 0.030489 
-0.731750 0.224933 0.643387 0.086027 
0.495554 -0.472510 0.728808 1.445928 
0.000000 0.000000 0.000000 1.000000 

leg.L.002
0.266780 0.470266 0.841236 0.178897 
-0.741369 -0.457583 0.490907 0.125201 
0.615793 -0.754630 0.226567 1.363636 
0.000000 0.000000 0.000000 1.000000 

leg.L.003
-0.919530 0.201565 0.337396 0.232888 
-0.393004 -0.463933 -0.793923 0.072666 
-0.003498 -0.862634 0.505816 1.276998 
0.000000 0.000000 0.000000 1.000000 

leg.L.004
-0.905601 0.148163 0.397410 0.339890 
-0.419900 -0.181181 -0.889302 -0.173616 
-0.059759 -0.972225 0.226291 0.819062 
0.000000 0.000000 0.000000 1.000000 

leg.L.005
-0.900225 0.130731 0.415337 0.425773 
-0.432516 -0.378546 -0.818311 -0.278638 
0.050245 -0.916303 0.397320 0.255510 
0.000000 0.000000 0.000000 1.000000 

leg.R
0.417687 -0.886276 0.200134 0.030489 
0.879198 0.449820 0.157072 0.086027 
-0.229234 0.110351 0.967096 1.445928 
0.000000 0.000000 0.000000 1.000000 

leg.R.002
0.355361 0.038346 -0.933942 -0.123862 
0.923891 -0.166121 0.344716 0.164366 
-0.141930 -0.985359 -0.094461 1.465147 
0.000000 0.000000 0.000000 1.000000 

leg.R.003
-0.935020 0.001351 -0.354592 -0.119459 
0.354588 -0.002121 -0.935020 0.145294 
-0.002016 -0.999997 0.001504 1.352018 
0.000000 0.000000 0.000000 1.000000 

leg.R.004
-0.934050 -0.050706 -0.353524 -0.118742 
0.351752 0.040702 -0.935208 0.144167 
0.061810 -0.997884 -0.020182 0.821162 
0.000000 0.000000 0.000000 1.000000 

leg.R.005
-0.919929 -0.126565 -0.371095 -0.148134 
0.386283 -0.454762 -0.802481 0.167761 
-0.067194 -0.881574 0.467239 0.242736 
0.000000 0.000000 0.000000 1.000000 

Frame 5
base
1.000000 0.000000 0.000000 0.000000 
0.000000 0.000000 -1.000000 0.000000 
0.000000 1.000000 0.000000 0.000000 
0.000000 0.000000 0.000000 1.000000 

ass
0.973248 0.216557 -0.076762 0.030489 
-0.000000 -0.334096 -0.942539 0.086027 
-0.229759 0.917324 -0.325158 1.445928 
0.000000 0.000000 0.000000 1.000000 

waist
-0.999986 -0.005347 -0.000382 0.078344 
-0.000000 -0.071274 0.997457 0.012198 
-0.005360 0.997443 0.071273 1.648639 
0.000000 0.000000 0.000000 1.000000 

torso
0.986459 -0.157565 -0.045515 0.077490 
-0.000000 0.277516 -0.960721 0.000809 
0.164007 0.947713 0.273758 1.808020 
0.000000 0.000000 0.000000 1.000000 

neck
-0.999894 -0.014545 -0.000747 0.002262 
-0.000001 -0.051266 0.998685 0.133307 
-0.014565 0.998580 0.051261 2.260498 
0.000000 0.000000 0.000000 1.000000 

head
0.993835 0.103719 -0.039172 -0.000022 
-0.000000 -0.353316 -0.935504 0.125258 
-0.110870 0.929737 -0.351139 2.417276 
0.000000 0.000000 0.000000 1.000000 

shoulder.L
0.162441 0.986713 0.003416 0.002262 
-0.983030 0.161534 0.086941 0.133307 
0.085234 -0.017480 0.996208 2.260498 
0.000000 0.000000 0.000000 1.000000 

shoulder.L.001
-0.191865 -0.080335 0.978128 0.290237 
-0.917103 0.369539 -0.149544 0.180451 
-0.349443 -0.925737 -0.144577 2.255396 
0.000000 0.000000 0.000000 1.000000 

shoulder.L.002
-0.080405 0.261512 0.961846 0.283525 
-0.871339 0.450170 -0.195233 0.211325 
-0.484050 -0.853791 0.191670 2.178053 
0.000000 0.000000 0.000000 1.000000 

shoulder.L.003
-0.351055 0.186604 0.917573 0.347205 
-0.858411 -0.455567 -0.235773 0.320944 
0.374020 -0.870425 0.320112 1.970150 
0.000000 0.000000 0.000000 1.000000 

shoulder.L.004
-0.325660 0.142576 0.934676 0.392612 
-0.906787 -0.327036 -0.266057 0.210089 
0.267739 -0.934195 0.235789 1.758345 
0.000000 0.000000 0.000000 1.000000 

shoulder.L.005
-0.299147 0.261862 0.917573 0.423370 
-0.939781 -0.247434 -0.235773 0.139537 
0.165299 -0.932848 0.320112 1.556810 
0.000000 0.000000 0.000000 1.000000 

shoulder.L.006
-0.179584 -0.349538 0.919551 0.380244 
-0.514051 -0.763632 -0.390662 0.056661 
0.838750 -0.542853 -0.042544 1.523441 
0.000000 0.000000 0.000000 1.000000 

shoulder.L.007
-0.397243 -0.285874 0.872052 0.362541 
-0.511162 -0.720268 -0.468964 0.017987 
