simple game object export addon
Bones 56
[
Frames 256
Frame 0
base
1.000000 0.000000 0.000000 0.000000 
0.000000 0.000000 -1.000000 0.000000 
0.000000 1.000000 0.000000 0.000000 
0.000000 0.000000 0.000000 1.000000 

ass
1.000000 -0.000000 -0.000000 0.030489 
-0.000000 -0.334096 -0.942539 0.086027 
-0.000000 0.942539 -0.334096 1.514123 
0.000000 0.000000 0.000000 1.000000 

waist
-1.000000 0.000000 -0.000000 0.030489 
-0.000000 -0.071274 0.997457 0.012198 
-0.000000 0.997457 0.071274 1.722407 
0.000000 0.000000 0.000000 1.000000 

torso
1.000000 -0.000000 -0.000000 0.030489 
-0.000000 0.277516 -0.960721 0.000809 
0.000000 0.960722 0.277516 1.881789 
0.000000 0.000000 0.000000 1.000000 

neck
-1.000000 -0.000000 -0.000001 0.030489 
-0.000001 -0.051266 0.998685 0.133307 
-0.000000 0.998686 0.051267 2.340478 
0.000000 0.000000 0.000000 1.000000 

head
1.000000 0.000000 0.000000 0.030489 
0.000000 -0.353316 -0.935504 0.125258 
-0.000000 0.935504 -0.353317 2.497273 
0.000000 0.000000 0.000000 1.000000 

shoulder.L
0.174220 0.970485 0.166754 0.030489 
-0.983030 0.161534 0.086941 0.133307 
0.057438 -0.179071 0.982159 2.340478 
0.000000 0.000000 0.000000 1.000000 

shoulder.L.001
-0.011203 0.561164 0.827629 0.313728 
-0.993208 -0.102110 0.055790 0.180451 
0.115816 -0.821383 0.558497 2.288216 
0.000000 0.000000 0.000000 1.000000 

shoulder.L.002
0.172254 0.785090 0.594947 0.360612 
-0.981483 0.085412 0.171457 0.171920 
0.083794 -0.613465 0.785265 2.219592 
0.000000 0.000000 0.000000 1.000000 

shoulder.L.003
-0.644155 0.599182 0.475444 0.551787 
-0.595071 -0.783101 0.180678 0.192719 
0.480579 -0.166539 0.860994 2.070209 
0.000000 0.000000 0.000000 1.000000 

shoulder.L.004
-0.567755 0.625591 0.535061 0.697588 
-0.684111 -0.720093 0.116017 0.002163 
0.457872 -0.300172 0.836811 2.029685 
0.000000 0.000000 0.000000 1.000000 

shoulder.L.005
-0.490252 0.730484 0.475444 0.832548 
-0.758222 -0.626463 0.180678 -0.153183 
0.429830 -0.271914 0.860994 1.964928 
0.000000 0.000000 0.000000 1.000000 

shoulder.L.006
-0.737202 -0.067525 0.672291 0.805609 
-0.031574 -0.990464 -0.134106 -0.248659 
0.674935 -0.120090 0.728040 1.964167 
0.000000 0.000000 0.000000 1.000000 

shoulder.L.007
-0.858497 0.043480 0.510973 0.802190 
-0.118519 -0.986247 -0.115205 -0.298821 
0.498936 -0.159464 0.851842 1.958085 
0.000000 0.000000 0.000000 1.000000 

shoulder.L.008
-0.617560 0.429612 0.658827 0.907776 
-0.598924 -0.799814 -0.039861 -0.277503 
0.509814 -0.419204 0.751238 1.937585 
0.000000 0.000000 0.000000 1.000000 

shoulder.L.009
-0.861855 0.500664 0.080885 0.930492 
-0.492993 -0.789637 -0.365284 -0.319794 
-0.119015 -0.354698 0.927376 1.915419 
0.000000 0.000000 0.000000 1.000000 

shoulder.L.010
-0.593258 0.531721 0.604416 0.949474 
-0.659511 -0.751568 0.013839 -0.349733 
0.461618 -0.390409 0.796550 1.901971 
0.000000 0.000000 0.000000 1.000000 

shoulder.L.011
-0.507856 0.555494 0.658415 0.942038 
-0.760212 -0.648489 -0.039256 -0.252134 
0.405168 -0.520472 0.751631 1.924491 
0.000000 0.000000 0.000000 1.000000 

shoulder.L.012
-0.762316 0.626465 0.162530 0.971411 
-0.618461 -0.631108 -0.468198 -0.286424 
-0.190736 -0.457433 0.868549 1.896970 
0.000000 0.000000 0.000000 1.000000 

shoulder.L.013
-0.458903 0.647524 0.608376 0.995163 
-0.811679 -0.584029 0.009354 -0.310352 
0.361366 -0.489514 0.793595 1.879627 
0.000000 0.000000 0.000000 1.000000 

shoulder.L.014
-0.412066 0.624058 0.663893 0.948827 
-0.854855 -0.516942 -0.044669 -0.217628 
0.315318 -0.585939 0.746493 1.909800 
0.000000 0.000000 0.000000 1.000000 

shoulder.L.015
-0.680197 0.694022 0.235937 0.976107 
-0.688449 -0.494300 -0.530760 -0.240226 
-0.251736 -0.523452 0.814020 1.884186 
0.000000 0.000000 0.000000 1.000000 

shoulder.L.016
-0.419578 0.669269 0.613216 0.997861 
-0.844970 -0.534787 0.005521 -0.255719 
0.331635 -0.515832 0.789897 1.867779 
0.000000 0.000000 0.000000 1.000000 

shoulder.L.017
-0.359301 0.555356 0.749989 0.945023 
-0.894547 -0.433920 -0.107244 -0.185059 
0.265876 -0.709433 0.652700 1.893387 
0.000000 0.000000 0.000000 1.000000 

shoulder.L.018
-0.692294 0.632079 0.348147 0.962238 
-0.682297 -0.416275 -0.600988 -0.198510 
-0.234947 -0.653600 0.719450 1.871396 
0.000000 0.000000 0.000000 1.000000 

shoulder.L.019
-0.361799 0.608973 0.705871 0.976288 
-0.886962 -0.457995 -0.059494 -0.207762 
0.287055 -0.647606 0.705838 1.856868 
0.000000 0.000000 0.000000 1.000000 

shoulder.R
0.174220 -0.970485 -0.166754 0.030489 
0.983030 0.161534 0.086941 0.133307 
-0.057439 -0.179071 0.982159 2.340478 
0.000000 0.000000 0.000000 1.000000 

shoulder.R.001
-0.598500 -0.405299 -0.691035 -0.252750 
0.790646 -0.437875 -0.427954 0.180451 
-0.129137 -0.802495 0.582517 2.288216 
0.000000 0.000000 0.000000 1.000000 

shoulder.R.002
-0.462937 -0.693352 -0.552225 -0.286612 
0.883278 -0.413016 -0.221897 0.143868 
-0.074225 -0.590493 0.803623 2.221169 
0.000000 0.000000 0.000000 1.000000 

shoulder.R.003
-0.859371 -0.221812 -0.460741 -0.455447 
0.317840 -0.937529 -0.141484 0.043296 
-0.400575 -0.268030 0.876185 2.077380 
0.000000 0.000000 0.000000 1.000000 

shoulder.R.004
-0.826460 -0.279364 -0.488795 -0.509422 
0.427502 -0.876342 -0.221964 -0.184838 
-0.366343 -0.392405 0.843689 2.012159 
0.000000 0.000000 0.000000 1.000000 

shoulder.R.005
-0.785980 -0.412254 -0.460741 -0.569689 
0.523597 -0.840136 -0.141484 -0.373892 
-0.328757 -0.352447 0.876185 1.927505 
0.000000 0.000000 0.000000 1.000000 

shoulder.R.006
-0.716782 0.471669 -0.513568 -0.505148 
-0.204501 -0.846321 -0.491855 -0.448086 
-0.666636 -0.247528 0.703084 1.914410 
0.000000 0.000000 0.000000 1.000000 

shoulder.R.007
-0.853846 0.367279 -0.368855 -0.481260 
-0.198752 -0.884968 -0.421105 -0.490948 
-0.481088 -0.286248 0.828624 1.901874 
0.000000 0.000000 0.000000 1.000000 

shoulder.R.008
-0.838467 -0.074679 -0.539812 -0.586936 
0.336045 -0.850665 -0.404282 -0.514179 
-0.429007 -0.520378 0.738349 1.884098 
0.000000 0.000000 0.000000 1.000000 

shoulder.R.009
-0.981614 -0.139868 0.129890 -0.590885 
0.062824 -0.879314 -0.472082 -0.559160 
0.180243 -0.455243 0.871933 1.856582 
0.000000 0.000000 0.000000 1.000000 

shoulder.R.010
-0.839397 -0.185916 -0.510732 -0.596188 
0.395040 -0.854085 -0.338353 -0.592498 
-0.373303 -0.485773 0.790361 1.839322 
0.000000 0.000000 0.000000 1.000000 

shoulder.R.011
-0.801446 -0.257757 -0.539672 -0.629337 
0.514994 -0.756228 -0.403610 -0.504391 
-0.304082 -0.601400 0.738819 1.874339 
0.000000 0.000000 0.000000 1.000000 

shoulder.R.012
-0.940474 -0.325984 0.096146 -0.642967 
0.209202 -0.778202 -0.592146 -0.544377 
0.267851 -0.536784 0.800075 1.842539 
0.000000 0.000000 0.000000 1.000000 

shoulder.R.013
-0.776450 -0.366578 -0.512587 -0.655326 
0.576781 -0.741072 -0.343710 -0.573882 
-0.253868 -0.562525 0.786841 1.822187 
0.000000 0.000000 0.000000 1.000000 

shoulder.R.014
-0.749760 -0.378701 -0.542628 -0.650792 
0.629961 -0.659468 -0.410185 -0.474553 
-0.202508 -0.649375 0.733010 1.864238 
0.000000 0.000000 0.000000 1.000000 

shoulder.R.015
-0.892324 -0.448260 0.053105 -0.667347 
0.299651 -0.676226 -0.672999 -0.503381 
0.337590 -0.584621 0.737735 1.835851 
0.000000 0.000000 0.000000 1.000000 

shoulder.R.016
-0.753270 -0.408398 -0.515554 -0.681397 
0.619831 -0.702974 -0.348766 -0.524577 
-0.219985 -0.582272 0.782667 1.817527 
0.000000 0.000000 0.000000 1.000000 

shoulder.R.017
-0.716055 -0.358012 -0.599244 -0.661931 
0.682126 -0.541161 -0.491782 -0.441757 
-0.148223 -0.760903 0.631709 1.852200 
0.000000 0.000000 0.000000 1.000000 

shoulder.R.018
-0.901583 -0.431941 -0.023979 -0.673028 
0.290984 -0.564484 -0.772455 -0.458532 
0.320120 -0.703410 0.634617 1.828613 
0.000000 0.000000 0.000000 1.000000 

shoulder.R.019
-0.716252 -0.393138 -0.576564 -0.682629 
0.676765 -0.592845 -0.436490 -0.471078 
-0.170213 -0.702836 0.690688 1.812979 
0.000000 0.000000 0.000000 1.000000 

leg.L
0.342622 0.891649 -0.295926 0.030489 
-0.206943 0.378884 0.902010 0.086027 
0.916398 -0.247809 0.314334 1.514123 
0.000000 0.000000 0.000000 1.000000 

leg.L.002
0.302109 0.397407 0.866486 0.185778 
-0.182362 -0.868078 0.461720 0.152013 
0.935668 -0.297504 -0.189782 1.470965 
0.000000 0.000000 0.000000 1.000000 

leg.L.003
-0.924191 0.120642 0.362375 0.231404 
-0.237630 -0.924422 -0.298287 0.052350 
0.299002 -0.361786 0.883012 1.436809 
0.000000 0.000000 0.000000 1.000000 

leg.L.004
-0.915477 -0.019752 0.401885 0.295448 
-0.295423 -0.645114 -0.704666 -0.438387 
0.273180 -0.763832 0.584751 1.244752 
0.000000 0.000000 0.000000 1.000000 

leg.L.005
-0.884464 0.079829 0.459728 0.283998 
-0.252441 -0.910480 -0.327568 -0.812329 
0.392423 -0.405776 0.825439 0.801995 
0.000000 0.000000 0.000000 1.000000 

leg.R
-0.003545 -0.889626 -0.456676 0.030489 
0.678922 -0.337438 0.652074 0.086027 
-0.734202 -0.307735 0.605183 1.514123 
0.000000 0.000000 0.000000 1.000000 

leg.R.002
-0.128879 0.013946 -0.991562 -0.124445 
0.708036 -0.698792 -0.101856 0.027260 
-0.694316 -0.715189 0.080185 1.460529 
0.000000 0.000000 0.000000 1.000000 

leg.R.003
-0.988005 -0.096040 0.120920 -0.122844 
-0.039690 -0.598817 -0.799902 -0.052968 
0.149232 -0.795107 0.587822 1.378418 
0.000000 0.000000 0.000000 1.000000 

leg.R.004
-0.979568 -0.161520 0.119818 -0.173828 
-0.003317 -0.582729 -0.812660 -0.370855 
0.201082 -0.796454 0.570287 0.956330 
0.000000 0.000000 0.000000 1.000000 

leg.R.005
-0.994917 -0.061007 0.080115 -0.267453 
-0.014205 -0.702615 -0.711428 -0.708635 
0.099693 -0.708950 0.698177 0.494663 
0.000000 0.000000 0.000000 1.000000 

Frame 1
base
1.000000 0.000000 0.000000 0.000000 
0.000000 0.000000 -1.000000 0.000000 
0.000000 1.000000 0.000000 0.000000 
0.000000 0.000000 0.000000 1.000000 

ass
1.000000 -0.000000 -0.000000 0.030489 
-0.000000 -0.334096 -0.942539 0.086027 
-0.000000 0.942539 -0.334096 1.514123 
0.000000 0.000000 0.000000 1.000000 

waist
-1.000000 0.000000 -0.000000 0.030489 
-0.000000 -0.071274 0.997457 0.012198 
-0.000000 0.997457 0.071274 1.722407 
0.000000 0.000000 0.000000 1.000000 

torso
1.000000 -0.000000 -0.000000 0.030489 
-0.000000 0.277516 -0.960721 0.000809 
0.000000 0.960722 0.277516 1.881789 
0.000000 0.000000 0.000000 1.000000 

neck
-1.000000 -0.000000 -0.000001 0.030489 
-0.000001 -0.051266 0.998685 0.133307 
-0.000000 0.998686 0.051267 2.340478 
0.000000 0.000000 0.000000 1.000000 

head
1.000000 0.000000 0.000000 0.030489 
0.000000 -0.353316 -0.935504 0.125258 
-0.000000 0.935504 -0.353317 2.497273 
0.000000 0.000000 0.000000 1.000000 

shoulder.L
0.174220 0.970485 0.166754 0.030489 
-0.983030 0.161534 0.086941 0.133307 
0.057438 -0.179071 0.982159 2.340478 
0.000000 0.000000 0.000000 1.000000 

shoulder.L.001
-0.011203 0.561164 0.827629 0.313728 
-0.993208 -0.102110 0.055790 0.180451 
0.115816 -0.821383 0.558497 2.288216 
0.000000 0.000000 0.000000 1.000000 

shoulder.L.002
0.172254 0.785090 0.594947 0.360612 
-0.981483 0.085412 0.171457 0.171920 
0.083794 -0.613465 0.785265 2.219592 
0.000000 0.000000 0.000000 1.000000 

shoulder.L.003
-0.644155 0.599182 0.475444 0.551787 
-0.595071 -0.783101 0.180678 0.192719 
0.480579 -0.166539 0.860994 2.070209 
0.000000 0.000000 0.000000 1.000000 

shoulder.L.004
-0.567755 0.625591 0.535061 0.697588 
-0.684111 -0.720093 0.116017 0.002163 
0.457872 -0.300172 0.836811 2.029685 
0.000000 0.000000 0.000000 1.000000 

shoulder.L.005
-0.490252 0.730484 0.475444 0.832548 
-0.758222 -0.626463 0.180678 -0.153183 
0.429830 -0.271914 0.860994 1.964928 
0.000000 0.000000 0.000000 1.000000 

shoulder.L.006
-0.737202 -0.067525 0.672291 0.805609 
-0.031574 -0.990464 -0.134106 -0.248659 
0.674935 -0.120090 0.728040 1.964167 
0.000000 0.000000 0.000000 1.000000 

shoulder.L.007
-0.858497 0.043480 0.510973 0.802190 
-0.118519 -0.986247 -0.115205 -0.298821 
0.498936 -0.159464 0.851842 1.958085 
0.000000 0.000000 0.000000 1.000000 

shoulder.L.008
-0.617560 0.429612 0.658827 0.907776 
-0.598924 -0.799814 -0.039861 -0.277503 
0.509814 -0.419204 0.751238 1.937585 
0.000000 0.000000 0.000000 1.000000 

shoulder.L.009
-0.861855 0.500664 0.080885 0.930492 
-0.492993 -0.789637 -0.365284 -0.319794 
-0.119015 -0.354698 0.927376 1.915419 
0.000000 0.000000 0.000000 1.000000 

shoulder.L.010
-0.593258 0.531721 0.604416 0.949474 
-0.659511 -0.751568 0.013839 -0.349733 
0.461618 -0.390409 0.796550 1.901971 
0.000000 0.000000 0.000000 1.000000 

shoulder.L.011
-0.507856 0.555494 0.658415 0.942038 
-0.760212 -0.648489 -0.039256 -0.252134 
0.405168 -0.520472 0.751631 1.924491 
0.000000 0.000000 0.000000 1.000000 

shoulder.L.012
-0.762316 0.626465 0.162530 0.971411 
-0.618461 -0.631108 -0.468198 -0.286424 
-0.190736 -0.457433 0.868549 1.896970 
0.000000 0.000000 0.000000 1.000000 

shoulder.L.013
-0.458903 0.647524 0.608376 0.995163 
-0.811679 -0.584029 0.009354 -0.310352 
0.361366 -0.489514 0.793595 1.879627 
0.000000 0.000000 0.000000 1.000000 

shoulder.L.014
-0.412066 0.624058 0.663893 0.948827 
-0.854855 -0.516942 -0.044669 -0.217628 
0.315318 -0.585939 0.746493 1.909800 
0.000000 0.000000 0.000000 1.000000 

shoulder.L.015
-0.680197 0.694022 0.235937 0.976107 
-0.688449 -0.494300 -0.530760 -0.240226 
-0.251736 -0.523452 0.814020 1.884186 
0.000000 0.000000 0.000000 1.000000 

shoulder.L.016
-0.419578 0.669269 0.613216 0.997861 
-0.844970 -0.534787 0.005521 -0.255719 
0.331635 -0.515832 0.789897 1.867779 
0.000000 0.000000 0.000000 1.000000 

shoulder.L.017
-0.359301 0.555356 0.749989 0.945023 
-0.894547 -0.433920 -0.107244 -0.185059 
0.265876 -0.709433 0.652700 1.893387 
0.000000 0.000000 0.000000 1.000000 

shoulder.L.018
-0.692294 0.632079 0.348147 0.962238 
-0.682297 -0.416275 -0.600988 -0.198510 
-0.234947 -0.653600 0.719450 1.871396 
0.000000 0.000000 0.000000 1.000000 

shoulder.L.019
-0.361799 0.608973 0.705871 0.976288 
-0.886962 -0.457995 -0.059494 -0.207762 
0.287055 -0.647606 0.705838 1.856868 
0.000000 0.000000 0.000000 1.000000 

shoulder.R
0.174220 -0.970485 -0.166754 0.030489 
0.983030 0.161534 0.086941 0.133307 
-0.057439 -0.179071 0.982159 2.340478 
0.000000 0.000000 0.000000 1.000000 

shoulder.R.001
-0.598500 -0.405299 -0.691035 -0.252750 
0.790646 -0.437875 -0.427954 0.180451 
-0.129137 -0.802495 0.582517 2.288216 
0.000000 0.000000 0.000000 1.000000 

shoulder.R.002
-0.462937 -0.693352 -0.552225 -0.286612 
0.883278 -0.413016 -0.221897 0.143868 
-0.074225 -0.590493 0.803623 2.221169 
0.000000 0.000000 0.000000 1.000000 

shoulder.R.003
-0.859371 -0.221812 -0.460741 -0.455447 
0.317840 -0.937529 -0.141484 0.043296 
-0.400575 -0.268030 0.876185 2.077380 
0.000000 0.000000 0.000000 1.000000 

shoulder.R.004
-0.826460 -0.279364 -0.488795 -0.509422 
0.427502 -0.876342 -0.221964 -0.184838 
-0.366343 -0.392405 0.843689 2.012159 
0.000000 0.000000 0.000000 1.000000 

shoulder.R.005
-0.785980 -0.412254 -0.460741 -0.569689 
0.523597 -0.840136 -0.141484 -0.373892 
-0.328757 -0.352447 0.876185 1.927505 
0.000000 0.000000 0.000000 1.000000 

shoulder.R.006
-0.716782 0.471669 -0.513568 -0.505148 
-0.204501 -0.846321 -0.491855 -0.448086 
-0.666636 -0.247528 0.703084 1.914410 
0.000000 0.000000 0.000000 1.000000 

shoulder.R.007
-0.853846 0.367279 -0.368855 -0.481260 
-0.198752 -0.884968 -0.421105 -0.490948 
-0.481088 -0.286248 0.828624 1.901874 
0.000000 0.000000 0.000000 1.000000 

shoulder.R.008
-0.838467 -0.074679 -0.539812 -0.586936 
0.336045 -0.850665 -0.404282 -0.514179 
-0.429007 -0.520378 0.738349 1.884098 
0.000000 0.000000 0.000000 1.000000 

shoulder.R.009
-0.981614 -0.139868 0.129890 -0.590885 
0.062824 -0.879314 -0.472082 -0.559160 
0.180243 -0.455243 0.871933 1.856582 
0.000000 0.000000 0.000000 1.000000 

shoulder.R.010
-0.839397 -0.185916 -0.510732 -0.596188 
0.395040 -0.854085 -0.338353 -0.592498 
-0.373303 -0.485773 0.790361 1.839322 
0.000000 0.000000 0.000000 1.000000 

shoulder.R.011
-0.801446 -0.257757 -0.539672 -0.629337 
0.514994 -0.756228 -0.403610 -0.504391 
-0.304082 -0.601400 0.738819 1.874339 
0.000000 0.000000 0.000000 1.000000 

shoulder.R.012
-0.940474 -0.325984 0.096146 -0.642967 
0.209202 -0.778202 -0.592146 -0.544377 
0.267851 -0.536784 0.800075 1.842539 
0.000000 0.000000 0.000000 1.000000 

shoulder.R.013
-0.776450 -0.366578 -0.512587 -0.655326 
0.576781 -0.741072 -0.343710 -0.573882 
-0.253868 -0.562525 0.786841 1.822187 
0.000000 0.000000 0.000000 1.000000 

shoulder.R.014
-0.749760 -0.378701 -0.542628 -0.650792 
0.629961 -0.659468 -0.410185 -0.474553 
-0.202508 -0.649375 0.733010 1.864238 
0.000000 0.000000 0.000000 1.000000 

shoulder.R.015
-0.892324 -0.448260 0.053105 -0.667347 
0.299651 -0.676226 -0.672999 -0.503381 
0.337590 -0.584621 0.737735 1.835851 
0.000000 0.000000 0.000000 1.000000 

shoulder.R.016
-0.753270 -0.408398 -0.515554 -0.681397 
0.619831 -0.702974 -0.348766 -0.524577 
-0.219985 -0.582272 0.782667 1.817527 
0.000000 0.000000 0.000000 1.000000 

shoulder.R.017
-0.716055 -0.358012 -0.599244 -0.661931 
0.682126 -0.541161 -0.491782 -0.441757 
-0.148223 -0.760903 0.631709 1.852200 
0.000000 0.000000 0.000000 1.000000 

shoulder.R.018
-0.901583 -0.431941 -0.023979 -0.673028 
0.290984 -0.564484 -0.772455 -0.458532 
0.320120 -0.703410 0.634617 1.828613 
0.000000 0.000000 0.000000 1.000000 

shoulder.R.019
-0.716252 -0.393138 -0.576564 -0.682629 
0.676765 -0.592845 -0.436490 -0.471078 
-0.170213 -0.702836 0.690688 1.812979 
0.000000 0.000000 0.000000 1.000000 

leg.L
0.342622 0.891649 -0.295926 0.030489 
-0.206943 0.378884 0.902010 0.086027 
0.916398 -0.247809 0.314334 1.514123 
0.000000 0.000000 0.000000 1.000000 

leg.L.002
0.302109 0.397407 0.866486 0.185778 
-0.182362 -0.868078 0.461720 0.152013 
0.935668 -0.297504 -0.189782 1.470965 
0.000000 0.000000 0.000000 1.000000 

leg.L.003
-0.924191 0.120642 0.362375 0.231404 
-0.237630 -0.924422 -0.298287 0.052350 
0.299002 -0.361786 0.883012 1.436809 
0.000000 0.000000 0.000000 1.000000 

leg.L.004
-0.915477 -0.019752 0.401885 0.295448 
-0.295423 -0.645114 -0.704666 -0.438387 
0.273180 -0.763832 0.584751 1.244752 
0.000000 0.000000 0.000000 1.000000 

leg.L.005
-0.884464 0.079829 0.459728 0.283998 
-0.252441 -0.910480 -0.327568 -0.812329 
0.392423 -0.405776 0.825439 0.801995 
0.000000 0.000000 0.000000 1.000000 

leg.R
-0.003545 -0.889626 -0.456676 0.030489 
0.678922 -0.337438 0.652074 0.086027 
-0.734202 -0.307735 0.605183 1.514123 
0.000000 0.000000 0.000000 1.000000 

leg.R.002
-0.128879 0.013946 -0.991562 -0.124445 
0.708036 -0.698792 -0.101856 0.027260 
-0.694316 -0.715189 0.080185 1.460529 
0.000000 0.000000 0.000000 1.000000 

leg.R.003
-0.988005 -0.096040 0.120920 -0.122844 
-0.039690 -0.598817 -0.799902 -0.052968 
0.149232 -0.795107 0.587822 1.378418 
0.000000 0.000000 0.000000 1.000000 

leg.R.004
-0.979568 -0.161520 0.119818 -0.173828 
-0.003317 -0.582729 -0.812660 -0.370855 
0.201082 -0.796454 0.570287 0.956330 
0.000000 0.000000 0.000000 1.000000 

leg.R.005
-0.994917 -0.061007 0.080115 -0.267453 
-0.014205 -0.702615 -0.711428 -0.708635 
0.099693 -0.708950 0.698177 0.494663 
0.000000 0.000000 0.000000 1.000000 

Frame 2
base
1.000000 0.000000 0.000000 0.000000 
0.000000 0.000000 -1.000000 0.000000 
0.000000 1.000000 0.000000 0.000000 
0.000000 0.000000 0.000000 1.000000 

ass
1.000000 -0.000000 -0.000000 0.030489 
-0.000000 -0.334096 -0.942539 0.086027 
-0.000000 0.942539 -0.334096 1.514123 
0.000000 0.000000 0.000000 1.000000 

waist
-1.000000 0.000000 -0.000000 0.030489 
-0.000000 -0.071274 0.997457 0.012198 
-0.000000 0.997457 0.071274 1.722407 
0.000000 0.000000 0.000000 1.000000 

torso
1.000000 -0.000000 -0.000000 0.030489 
-0.000000 0.277516 -0.960721 0.000809 
0.000000 0.960722 0.277516 1.881789 
0.000000 0.000000 0.000000 1.000000 

neck
-1.000000 -0.000000 -0.000001 0.030489 
-0.000001 -0.051266 0.998685 0.133307 
-0.000000 0.998686 0.051267 2.340478 
0.000000 0.000000 0.000000 1.000000 

head
1.000000 0.000000 0.000000 0.030489 
0.000000 -0.353316 -0.935504 0.125258 
-0.000000 0.935504 -0.353317 2.497273 
0.000000 0.000000 0.000000 1.000000 

shoulder.L
0.174220 0.970485 0.166754 0.030489 
-0.983030 0.161534 0.086941 0.133307 
0.057438 -0.179071 0.982159 2.340478 
0.000000 0.000000 0.000000 1.000000 

shoulder.L.001
-0.011203 0.561164 0.827629 0.313728 
-0.993208 -0.102110 0.055790 0.180451 
0.115816 -0.821383 0.558497 2.288216 
0.000000 0.000000 0.000000 1.000000 

shoulder.L.002
0.172254 0.785090 0.594947 0.360612 
-0.981483 0.085412 0.171457 0.171920 
0.083794 -0.613465 0.785265 2.219592 
0.000000 0.000000 0.000000 1.000000 

shoulder.L.003
-0.644155 0.599182 0.475444 0.551787 
-0.595071 -0.783101 0.180678 0.192719 
0.480579 -0.166539 0.860994 2.070209 
0.000000 0.000000 0.000000 1.000000 

shoulder.L.004
-0.567755 0.625591 0.535061 0.697588 
-0.684111 -0.720093 0.116017 0.002163 
0.457872 -0.300172 0.836811 2.029685 
0.000000 0.000000 0.000000 1.000000 

shoulder.L.005
-0.490252 0.730484 0.475444 0.832548 
-0.758222 -0.626463 0.180678 -0.153183 
0.429830 -0.271914 0.860994 1.964928 
0.000000 0.000000 0.000000 1.000000 

shoulder.L.006
-0.737202 -0.067525 0.672291 0.805609 
-0.031574 -0.990464 -0.134106 -0.248659 
0.674935 -0.120090 0.728040 1.964167 
0.000000 0.000000 0.000000 1.000000 

shoulder.L.007
-0.858497 0.043480 0.510973 0.802190 
-0.118519 -0.986247 -0.115205 -0.298821 
0.498936 -0.159464 0.851842 1.958085 
0.000000 0.000000 0.000000 1.000000 

shoulder.L.008
-0.617560 0.429612 0.658827 0.907776 
-0.598924 -0.799814 -0.039861 -0.277503 
0.509814 -0.419204 0.751238 1.937585 
0.000000 0.000000 0.000000 1.000000 

shoulder.L.009
-0.861855 0.500664 0.080885 0.930492 
-0.492993 -0.789637 -0.365284 -0.319794 
-0.119015 -0.354698 0.927376 1.915419 
0.000000 0.000000 0.000000 1.000000 

shoulder.L.010
-0.593258 0.531721 0.604416 0.949474 
-0.659511 -0.751568 0.013839 -0.349733 
0.461618 -0.390409 0.796550 1.901971 
0.000000 0.000000 0.000000 1.000000 

shoulder.L.011
-0.507856 0.555494 0.658415 0.942038 
-0.760212 -0.648489 -0.039256 -0.252134 
0.405168 -0.520472 0.751631 1.924491 
0.000000 0.000000 0.000000 1.000000 

shoulder.L.012
-0.762316 0.626465 0.162530 0.971411 
-0.618461 -0.631108 -0.468198 -0.286424 
-0.190736 -0.457433 0.868549 1.896970 
0.000000 0.000000 0.000000 1.000000 

shoulder.L.013
-0.458903 0.647524 0.608376 0.995163 
-0.811679 -0.584029 0.009354 -0.310352 
0.361366 -0.489514 0.793595 1.879627 
0.000000 0.000000 0.000000 1.000000 

shoulder.L.014
-0.412066 0.624058 0.663893 0.948827 
-0.854855 -0.516942 -0.044669 -0.217628 
0.315318 -0.585939 0.746493 1.909800 
0.000000 0.000000 0.000000 1.000000 

shoulder.L.015
-0.680197 0.694022 0.235937 0.976107 
-0.688449 -0.494300 -0.530760 -0.240226 
-0.251736 -0.523452 0.814020 1.884186 
0.000000 0.000000 0.000000 1.000000 

shoulder.L.016
-0.419578 0.669269 0.613216 0.997861 
-0.844970 -0.534787 0.005521 -0.255719 
0.331635 -0.515832 0.789897 1.867779 
0.000000 0.000000 0.000000 1.000000 

shoulder.L.017
-0.359301 0.555356 0.749989 0.945023 
-0.894547 -0.433920 -0.107244 -0.185059 
0.265876 -0.709433 0.652700 1.893387 
0.000000 0.000000 0.000000 1.000000 

shoulder.L.018
-0.692294 0.632079 0.348147 0.962238 
-0.682297 -0.416275 -0.600988 -0.198510 
-0.234947 -0.653600 0.719450 1.871396 
0.000000 0.000000 0.000000 1.000000 

shoulder.L.019
-0.361799 0.608973 0.705871 0.976288 
-0.886962 -0.457995 -0.059494 -0.207762 
0.287055 -0.647606 0.705838 1.856868 
0.000000 0.000000 0.000000 1.000000 

shoulder.R
0.174220 -0.970485 -0.166754 0.030489 
0.983030 0.161534 0.086941 0.133307 
-0.057439 -0.179071 0.982159 2.340478 
0.000000 0.000000 0.000000 1.000000 

shoulder.R.001
-0.598500 -0.405299 -0.691035 -0.252750 
0.790646 -0.437875 -0.427954 0.180451 
-0.129137 -0.802495 0.582517 2.288216 
0.000000 0.000000 0.000000 1.000000 

shoulder.R.002
-0.462937 -0.693352 -0.552225 -0.286612 
0.883278 -0.413016 -0.221897 0.143868 
-0.074225 -0.590493 0.803623 2.221169 
0.000000 0.000000 0.000000 1.000000 

shoulder.R.003
-0.859371 -0.221812 -0.460741 -0.455447 
0.317840 -0.937529 -0.141484 0.043296 
-0.400575 -0.268030 0.876185 2.077380 
0.000000 0.000000 0.000000 1.000000 

shoulder.R.004
-0.826460 -0.279364 -0.488795 -0.509422 
0.427502 -0.876342 -0.221964 -0.184838 
-0.366343 -0.392405 0.843689 2.012159 
0.000000 0.000000 0.000000 1.000000 

shoulder.R.005
-0.785980 -0.412254 -0.460741 -0.569689 
0.523597 -0.840136 -0.141484 -0.373892 
-0.328757 -0.352447 0.876185 1.927505 
0.000000 0.000000 0.000000 1.000000 

shoulder.R.006
-0.716782 0.471669 -0.513568 -0.505148 
-0.204501 -0.846321 -0.491855 -0.448086 
-0.666636 -0.247528 0.703084 1.914410 
0.000000 0.000000 0.000000 1.000000 

shoulder.R.007
-0.853846 0.367279 -0.368855 -0.481260 
-0.198752 -0.884968 -0.421105 -0.490948 
-0.481088 -0.286248 0.828624 1.901874 
0.000000 0.000000 0.000000 1.000000 

shoulder.R.008
-0.838467 -0.074679 -0.539812 -0.586936 
0.336045 -0.850665 -0.404282 -0.514179 
-0.429007 -0.520378 0.738349 1.884098 
0.000000 0.000000 0.000000 1.000000 

shoulder.R.009
-0.981614 -0.139868 0.129890 -0.590885 
0.062824 -0.879314 -0.472082 -0.559160 
0.180243 -0.455243 0.871933 1.856582 
0.000000 0.000000 0.000000 1.000000 

shoulder.R.010
-0.839397 -0.185916 -0.510732 -0.596188 
0.395040 -0.854085 -0.338353 -0.592498 
-0.373303 -0.485773 0.790361 1.839322 
0.000000 0.000000 0.000000 1.000000 

shoulder.R.011
-0.801446 -0.257757 -0.539672 -0.629337 
0.514994 -0.756228 -0.403610 -0.504391 
-0.304082 -0.601400 0.738819 1.874339 
0.000000 0.000000 0.000000 1.000000 

shoulder.R.012
-0.940474 -0.325984 0.096146 -0.642967 
0.209202 -0.778202 -0.592146 -0.544377 
0.267851 -0.536784 0.800075 1.842539 
0.000000 0.000000 0.000000 1.000000 

shoulder.R.013
-0.776450 -0.366578 -0.512587 -0.655326 
0.576781 -0.741072 -0.343710 -0.573882 
-0.253868 -0.562525 0.786841 1.822187 
0.000000 0.000000 0.000000 1.000000 

shoulder.R.014
-0.749760 -0.378701 -0.542628 -0.650792 
0.629961 -0.659468 -0.410185 -0.474553 
-0.202508 -0.649375 0.733010 1.864238 
0.000000 0.000000 0.000000 1.000000 

shoulder.R.015
-0.892324 -0.448260 0.053105 -0.667347 
0.299651 -0.676226 -0.672999 -0.503381 
0.337590 -0.584621 0.737735 1.835851 
0.000000 0.000000 0.000000 1.000000 

shoulder.R.016
-0.753270 -0.408398 -0.515554 -0.681397 
0.619831 -0.702974 -0.348766 -0.524577 
-0.219985 -0.582272 0.782667 1.817527 
0.000000 0.000000 0.000000 1.000000 

shoulder.R.017
-0.716055 -0.358012 -0.599244 -0.661931 
0.682126 -0.541161 -0.491782 -0.441757 
-0.148223 -0.760903 0.631709 1.852200 
0.000000 0.000000 0.000000 1.000000 

shoulder.R.018
-0.901583 -0.431941 -0.023979 -0.673028 
0.290984 -0.564484 -0.772455 -0.458532 
0.320120 -0.703410 0.634617 1.828613 
0.000000 0.000000 0.000000 1.000000 

shoulder.R.019
-0.716252 -0.393138 -0.576564 -0.682629 
0.676765 -0.592845 -0.436490 -0.471078 
-0.170213 -0.702836 0.690688 1.812979 
0.000000 0.000000 0.000000 1.000000 

leg.L
0.342622 0.891649 -0.295926 0.030489 
-0.206943 0.378884 0.902010 0.086027 
0.916398 -0.247809 0.314334 1.514123 
0.000000 0.000000 0.000000 1.000000 

leg.L.002
0.302109 0.397407 0.866486 0.185778 
-0.182362 -0.868078 0.461720 0.152013 
0.935668 -0.297504 -0.189782 1.470965 
0.000000 0.000000 0.000000 1.000000 

leg.L.003
-0.924191 0.120642 0.362375 0.231404 
-0.237630 -0.924422 -0.298287 0.052350 
0.299002 -0.361786 0.883012 1.436809 
0.000000 0.000000 0.000000 1.000000 

leg.L.004
-0.915477 -0.019752 0.401885 0.295448 
-0.295423 -0.645114 -0.704666 -0.438387 
0.273180 -0.763832 0.584751 1.244752 
0.000000 0.000000 0.000000 1.000000 

leg.L.005
-0.884464 0.079829 0.459728 0.283998 
-0.252441 -0.910480 -0.327568 -0.812329 
0.392423 -0.405776 0.825439 0.801995 
0.000000 0.000000 0.000000 1.000000 

leg.R
-0.003545 -0.889626 -0.456676 0.030489 
0.678922 -0.337438 0.652074 0.086027 
-0.734202 -0.307735 0.605183 1.514123 
0.000000 0.000000 0.000000 1.000000 

leg.R.002
-0.128879 0.013946 -0.991562 -0.124445 
0.708036 -0.698792 -0.101856 0.027260 
-0.694316 -0.715189 0.080185 1.460529 
0.000000 0.000000 0.000000 1.000000 

leg.R.003
-0.988005 -0.096040 0.120920 -0.122844 
-0.039690 -0.598817 -0.799902 -0.052968 
0.149232 -0.795107 0.587822 1.378418 
0.000000 0.000000 0.000000 1.000000 

leg.R.004
-0.979568 -0.161520 0.119818 -0.173828 
-0.003317 -0.582729 -0.812660 -0.370855 
0.201082 -0.796454 0.570287 0.956330 
0.000000 0.000000 0.000000 1.000000 

leg.R.005
-0.994917 -0.061007 0.080115 -0.267453 
-0.014205 -0.702615 -0.711428 -0.708635 
0.099693 -0.708950 0.698177 0.494663 
0.000000 0.000000 0.000000 1.000000 

Frame 3
base
1.000000 0.000000 0.000000 0.000000 
0.000000 0.000000 -1.000000 0.000000 
0.000000 1.000000 0.000000 0.000000 
0.000000 0.000000 0.000000 1.000000 

ass
0.973248 0.216557 -0.076762 0.030489 
-0.000000 -0.334096 -0.942539 0.086027 
-0.229759 0.917324 -0.325158 1.445928 
0.000000 0.000000 0.000000 1.000000 

waist
-0.999986 -0.005347 -0.000382 0.078344 
-0.000000 -0.071274 0.997457 0.012198 
-0.005360 0.997443 0.071273 1.648639 
0.000000 0.000000 0.000000 1.000000 

torso
0.986459 -0.157565 -0.045515 0.077490 
-0.000000 0.277516 -0.960721 0.000809 
0.164007 0.947713 0.273758 1.808020 
0.000000 0.000000 0.000000 1.000000 

neck
-0.999894 -0.014545 -0.000747 0.002262 
-0.000001 -0.051266 0.998685 0.133307 
-0.014565 0.998580 0.051261 2.260498 
0.000000 0.000000 0.000000 1.000000 

head
0.993835 0.103719 -0.039172 -0.000022 
-0.000000 -0.353316 -0.935504 0.125258 
-0.110870 0.929737 -0.351139 2.417276 
0.000000 0.000000 0.000000 1.000000 

shoulder.L
0.162441 0.986713 0.003416 0.002262 
-0.983030 0.161534 0.086941 0.133307 
0.085234 -0.017480 0.996208 2.260498 
0.000000 0.000000 0.000000 1.000000 

shoulder.L.001
-0.191865 -0.080335 0.978128 0.290237 
-0.917103 0.369539 -0.149544 0.180451 
-0.349443 -0.925737 -0.144577 2.255396 
0.000000 0.000000 0.000000 1.000000 

shoulder.L.002
-0.080405 0.261512 0.961846 0.283525 
-0.871339 0.450170 -0.195233 0.211325 
-0.484050 -0.853791 0.191670 2.178053 
0.000000 0.000000 0.000000 1.000000 

shoulder.L.003
-0.351055 0.186604 0.917573 0.347205 
-0.858411 -0.455567 -0.235773 0.320944 
0.374020 -0.870425 0.320112 1.970150 
0.000000 0.000000 0.000000 1.000000 

shoulder.L.004
-0.325660 0.142576 0.934676 0.392612 
-0.906787 -0.327036 -0.266057 0.210089 
0.267739 -0.934195 0.235789 1.758345 
0.000000 0.000000 0.000000 1.000000 

shoulder.L.005
-0.299147 0.261862 0.917573 0.423370 
-0.939781 -0.247434 -0.235773 0.139537 
0.165299 -0.932848 0.320112 1.556810 
0.000000 0.000000 0.000000 1.000000 

shoulder.L.006
-0.276116 -0.267455 0.923162 0.381308 
-0.758344 -0.529481 -0.380218 0.061217 
0.590488 -0.805059 -0.056624 1.520653 
0.000000 0.000000 0.000000 1.000000 

shoulder.L.007
-0.622650 0.157573 0.766471 0.367763 
-0.780601 -0.056870 -0.622437 0.034401 
-0.054490 -0.985869 0.158412 1.479880 
0.000000 0.000000 0.000000 1.000000 

shoulder.L.008
-0.245410 -0.256412 0.934894 0.437058 
-0.898767 -0.301241 -0.318548 0.064363 
0.363308 -0.918427 -0.156527 1.430225 
0.000000 0.000000 0.000000 1.000000 

shoulder.L.009
-0.677431 -0.438039 0.590940 0.423500 
-0.561243 -0.211507 -0.800170 0.048435 
0.475494 -0.873721 -0.102565 1.381662 
0.000000 0.000000 0.000000 1.000000 

shoulder.L.010
-0.058211 -0.869738 0.490070 0.406892 
-0.993282 0.001280 -0.115711 0.040416 
0.100011 -0.493514 -0.863970 1.348535 
0.000000 0.000000 0.000000 1.000000 

shoulder.L.011
-0.311874 -0.139108 0.939885 0.461654 
-0.934760 -0.132254 -0.329747 0.098110 
0.170174 -0.981407 -0.088785 1.414569 
0.000000 0.000000 0.000000 1.000000 

shoulder.L.012
-0.774597 -0.345038 0.530047 0.454299 
-0.544236 -0.063304 -0.836541 0.091117 
0.322192 -0.936452 -0.138747 1.362675 
0.000000 0.000000 0.000000 1.000000 

shoulder.L.013
-0.257500 -0.705776 0.659980 0.441217 
-0.957700 0.095602 -0.271424 0.088717 
0.128470 -0.701956 -0.700540 1.327170 
0.000000 0.000000 0.000000 1.000000 

shoulder.L.014
-0.332512 -0.299349 0.894330 0.466126 
-0.942629 0.075553 -0.325180 0.135645 
0.029773 -0.951149 -0.307297 1.419442 
0.000000 0.000000 0.000000 1.000000 

shoulder.L.015
-0.721482 -0.582132 0.374950 0.453040 
-0.559633 0.171340 -0.810835 0.138947 
0.407769 -0.794838 -0.449399 1.377864 
0.000000 0.000000 0.000000 1.000000 

shoulder.L.016
-0.292878 -0.759255 0.581167 0.434794 
-0.951690 0.172845 -0.253792 0.144318 
0.092241 -0.627421 -0.773198 1.352950 
0.000000 0.000000 0.000000 1.000000 

shoulder.L.017
-0.325695 -0.087954 0.941375 0.460937 
-0.941780 0.118120 -0.314799 0.170732 
-0.083508 -0.989097 -0.121305 1.428745 
0.000000 0.000000 0.000000 1.000000 

shoulder.L.018
-0.800468 -0.259492 0.540291 0.458210 
-0.571531 0.058897 -0.818464 0.174394 
0.180564 -0.963948 -0.195453 1.398085 
0.000000 0.000000 0.000000 1.000000 

shoulder.L.019
-0.238143 -0.488292 0.839559 0.452443 
-0.955371 -0.037804 -0.292980 0.175703 
0.174799 -0.871862 -0.457497 1.376659 
0.000000 0.000000 0.000000 1.000000 

shoulder.R
0.181282 -0.927975 -0.325577 0.002262 
0.983030 0.161534 0.086941 0.133307 
-0.028087 -0.335813 0.941511 2.260498 
0.000000 0.000000 0.000000 1.000000 

shoulder.R.001
-0.467880 -0.385684 -0.795196 -0.268571 
0.659340 0.446825 -0.604663 0.180451 
0.588523 -0.807215 0.045236 2.162490 
0.000000 0.000000 0.000000 1.000000 

shoulder.R.002
-0.249990 -0.685975 -0.683332 -0.300794 
0.722089 0.338086 -0.603561 0.217782 
0.645054 -0.644311 0.410817 2.095049 
0.000000 0.000000 0.000000 1.000000 

shoulder.R.003
-0.765078 0.265623 -0.586600 -0.467833 
0.222414 -0.745889 -0.627838 0.300109 
-0.604307 -0.610814 0.511585 1.938155 
0.000000 0.000000 0.000000 1.000000 

shoulder.R.004
-0.790898 0.225245 -0.568985 -0.403197 
0.310231 -0.653875 -0.690075 0.118608 
-0.527482 -0.722297 0.447271 1.789523 
0.000000 0.000000 0.000000 1.000000 

shoulder.R.005
-0.805526 0.083832 -0.586600 -0.354605 
0.386918 -0.675362 -0.627838 -0.022453 
-0.448801 -0.732707 0.511585 1.633701 
0.000000 0.000000 0.000000 1.000000 

shoulder.R.006
-0.759246 0.642461 -0.103871 -0.264519 
-0.179007 -0.359607 -0.915773 -0.063408 
-0.625702 -0.676703 0.388035 1.626700 
0.000000 0.000000 0.000000 1.000000 

shoulder.R.007
-0.976225 0.040171 0.213005 -0.231981 
-0.207006 -0.464231 -0.861184 -0.081620 
0.064288 -0.884803 0.461510 1.592428 
0.000000 0.000000 0.000000 1.000000 

shoulder.R.008
-0.791100 0.465181 -0.397200 -0.300086 
0.282915 -0.297464 -0.911852 -0.128413 
-0.542329 -0.833740 0.103717 1.546165 
0.000000 0.000000 0.000000 1.000000 

shoulder.R.009
-0.846560 0.470113 0.249659 -0.275489 
-0.339164 -0.114910 -0.933683 -0.144142 
-0.410249 -0.875095 0.256723 1.502079 
0.000000 0.000000 0.000000 1.000000 

shoulder.R.010
-0.870274 0.457853 -0.181642 -0.257665 
0.343545 0.299934 -0.889953 -0.148498 
-0.352987 -0.836906 -0.418319 1.468901 
0.000000 0.000000 0.000000 1.000000 

shoulder.R.011
-0.830862 0.289234 -0.475407 -0.338212 
0.369744 -0.351535 -0.860066 -0.126895 
-0.415883 -0.890375 0.185134 1.523077 
0.000000 0.000000 0.000000 1.000000 

shoulder.R.012
-0.935093 0.290112 0.203558 -0.322918 
-0.269725 -0.209997 -0.939760 -0.145483 
-0.229890 -0.933669 0.274617 1.475996 
0.000000 0.000000 0.000000 1.000000 

shoulder.R.013
-0.924531 0.312929 -0.217525 -0.311918 
0.313632 0.300474 -0.900750 -0.153445 
-0.216511 -0.900995 -0.375943 1.440597 
0.000000 0.000000 0.000000 1.000000 

shoulder.R.014
-0.875280 0.173622 -0.451377 -0.366247 
0.412804 -0.218016 -0.884342 -0.102489 
-0.251949 -0.960378 0.119152 1.514654 
0.000000 0.000000 0.000000 1.000000 

shoulder.R.015
-0.895019 0.209212 0.393918 -0.358657 
-0.383913 0.088226 -0.919145 -0.112019 
-0.227050 -0.973883 0.001355 1.472673 
0.000000 0.000000 0.000000 1.000000 

shoulder.R.016
-0.963015 0.267016 -0.036118 -0.352100 
0.143396 0.394391 -0.907685 -0.109254 
-0.228122 -0.879294 -0.418095 1.442147 
0.000000 0.000000 0.000000 1.000000 

shoulder.R.017
-0.859957 0.122452 -0.495458 -0.385990 
0.462191 -0.224875 -0.857794 -0.071970 
-0.216455 -0.966663 0.136786 1.509814 
0.000000 0.000000 0.000000 1.000000 

shoulder.R.018
-0.899362 0.246192 0.361299 -0.382194 
-0.273868 0.326928 -0.904496 -0.078941 
-0.340799 -0.912419 -0.226603 1.479849 
0.000000 0.000000 0.000000 1.000000 

shoulder.R.019
-0.958733 0.224425 0.174539 -0.376722 
0.166373 0.940689 -0.295677 -0.071674 
-0.230545 -0.254436 -0.939208 1.459568 
0.000000 0.000000 0.000000 1.000000 

leg.L
0.467940 0.852138 0.234293 0.030489 
-0.731750 0.224933 0.643387 0.086027 
0.495554 -0.472510 0.728808 1.445928 
0.000000 0.000000 0.000000 1.000000 

leg.L.002
0.266780 0.470266 0.841236 0.178897 
-0.741369 -0.457583 0.490907 0.125201 
0.615793 -0.754630 0.226567 1.363636 
0.000000 0.000000 0.000000 1.000000 

leg.L.003
-0.919530 0.201565 0.337396 0.232888 
-0.393004 -0.463933 -0.793923 0.072666 
-0.003498 -0.862634 0.505816 1.276998 
0.000000 0.000000 0.000000 1.000000 

leg.L.004
-0.905601 0.148163 0.397410 0.339890 
-0.419900 -0.181181 -0.889302 -0.173616 
-0.059759 -0.972225 0.226291 0.819062 
0.000000 0.000000 0.000000 1.000000 

leg.L.005
-0.900225 0.130731 0.415337 0.425773 
-0.432516 -0.378546 -0.818311 -0.278638 
0.050245 -0.916303 0.397320 0.255510 
0.000000 0.000000 0.000000 1.000000 

leg.R
0.417687 -0.886276 0.200134 0.030489 
0.879198 0.449820 0.157072 0.086027 
-0.229234 0.110351 0.967096 1.445928 
0.000000 0.000000 0.000000 1.000000 

leg.R.002
0.355361 0.038346 -0.933942 -0.123862 
0.923891 -0.166121 0.344716 0.164366 
-0.141930 -0.985359 -0.094461 1.465147 
0.000000 0.000000 0.000000 1.000000 

leg.R.003
-0.935020 0.001351 -0.354592 -0.119459 
0.354588 -0.002121 -0.935020 0.145294 
-0.002016 -0.999997 0.001504 1.352018 
0.000000 0.000000 0.000000 1.000000 

leg.R.004
-0.934050 -0.050706 -0.353524 -0.118742 
0.351752 0.040702 -0.935208 0.144167 
0.061810 -0.997884 -0.020182 0.821162 
0.000000 0.000000 0.000000 1.000000 

leg.R.005
-0.919929 -0.126565 -0.371095 -0.148134 
0.386283 -0.454762 -0.802481 0.167761 
-0.067194 -0.881574 0.467239 0.242736 
0.000000 0.000000 0.000000 1.000000 

Frame 4
base
1.000000 0.000000 0.000000 0.000000 
0.000000 0.000000 -1.000000 0.000000 
0.000000 1.000000 0.000000 0.000000 
0.000000 0.000000 0.000000 1.000000 

ass
0.922848 0.375307 0.086587 0.030489 
0.209248 -0.299783 -0.930777 0.086027 
-0.323369 0.877083 -0.355186 1.429317 
0.000000 0.000000 0.000000 1.000000 

waist
-0.975349 0.138055 -0.172146 0.113425 
-0.184578 -0.082879 0.979317 0.019780 
0.120932 0.986951 0.106318 1.623136 
0.000000 0.000000 0.000000 1.000000 

torso
0.982957 -0.078171 0.166390 0.135485 
0.180282 0.232732 -0.955685 0.006537 
0.035983 0.969395 0.242858 1.780839 
0.000000 0.000000 0.000000 1.000000 

neck
-0.974334 0.118451 -0.191422 0.098162 
-0.200172 -0.066902 0.977474 0.117653 
0.102976 0.990704 0.088896 2.243670 
0.000000 0.000000 0.000000 1.000000 

head
0.955037 0.276770 0.106312 0.116759 
0.200754 -0.339798 -0.918823 0.107150 
-0.218178 0.898853 -0.380083 2.399211 
0.000000 0.000000 0.000000 1.000000 

shoulder.L
0.348057 0.929798 0.119720 0.098162 
-0.937039 0.341160 0.074618 0.117653 
0.028536 -0.138153 0.990001 2.243670 
0.000000 0.000000 0.000000 1.000000 

shoulder.L.001
-0.288094 -0.482440 0.827196 0.369527 
-0.929497 0.348629 -0.120394 0.217222 
-0.230302 -0.803561 -0.548864 2.203350 
0.000000 0.000000 0.000000 1.000000 

shoulder.L.002
-0.229839 -0.145981 0.962218 0.329221 
-0.885435 0.441737 -0.144481 0.246349 
-0.403956 -0.885189 -0.230785 2.136214 
0.000000 0.000000 0.000000 1.000000 

shoulder.L.003
-0.092433 -0.185628 0.978263 0.293673 
-0.799580 -0.571671 -0.184026 0.353915 
0.593405 -0.799210 -0.095582 1.920665 
0.000000 0.000000 0.000000 1.000000 

shoulder.L.004
-0.113246 -0.261699 0.958483 0.248503 
-0.862189 -0.453532 -0.225699 0.214807 
0.493768 -0.851953 -0.174273 1.726190 
0.000000 0.000000 0.000000 1.000000 

shoulder.L.005
-0.132393 -0.159606 0.978263 0.192047 
-0.909026 -0.373907 -0.184026 0.116966 
0.395151 -0.913631 -0.095582 1.542397 
0.000000 0.000000 0.000000 1.000000 

shoulder.L.006
0.063271 -0.558505 0.827085 0.143694 
-0.669881 -0.638077 -0.379629 0.034148 
0.739768 -0.530030 -0.414504 1.538664 
0.000000 0.000000 0.000000 1.000000 

shoulder.L.007
-0.529434 -0.289045 0.797592 0.115409 
-0.783767 -0.193155 -0.590255 0.001833 
