simple game object export addon
Bones 8
[
base root
1.000000 0.000000 -0.000000 0.000000 
-0.000000 -0.283265 -0.959042 0.045301 
-0.000000 0.959042 -0.283265 2.423958 
0.000000 0.000000 0.000000 1.000000 

tail base
0.998884 -0.046660 -0.007373 0.000000 
0.018635 0.245810 0.969141 0.206110 
-0.043407 -0.968194 0.246405 2.489302 
0.000000 0.000000 0.000000 1.000000 

tail.001 tail
0.998806 -0.048170 -0.008201 -0.008599 
0.019222 0.233053 0.972276 0.251412 
-0.044923 -0.971270 0.233700 2.310868 
0.000000 0.000000 0.000000 1.000000 

tail.002 tail.001
0.998852 -0.047255 -0.007898 -0.017853 
0.019098 0.241548 0.970203 0.296186 
-0.043939 -0.969237 0.242173 2.124270 
0.000000 0.000000 0.000000 1.000000 

tail.003 tail.002
0.999933 -0.006314 -0.009690 -0.026845 
0.010698 0.186423 0.982413 0.342149 
-0.004396 -0.982449 0.186478 1.939839 
0.000000 0.000000 0.000000 1.000000 

tail.004 tail.003
0.999946 -0.002963 -0.009922 -0.028047 
0.010284 0.172213 0.985008 0.377622 
-0.001210 -0.985055 0.172235 1.752893 
0.000000 0.000000 0.000000 1.000000 

tail.005 tail.004
0.999941 -0.004296 -0.009919 -0.028606 
0.010553 0.189218 0.981881 0.410134 
-0.002341 -0.981925 0.189252 1.566928 
0.000000 0.000000 0.000000 1.000000 

tail.006 tail.005
0.999939 -0.004630 -0.010025 -0.029526 
0.010688 0.177481 0.984068 0.450644 
-0.002777 -0.984113 0.177520 1.356706 
0.000000 0.000000 0.000000 1.000000 

];
