simple game object export addon
Bones 8
[
Frames 251
Frame 0
base
1.000000 0.000000 -0.000000 0.000000 
-0.000000 -0.283265 -0.959042 0.045301 
-0.000000 0.959042 -0.283265 2.423958 
0.000000 0.000000 0.000000 1.000000 

tail
0.998884 -0.046660 -0.007373 0.000000 
0.018635 0.245810 0.969141 0.206110 
-0.043407 -0.968194 0.246405 2.489302 
0.000000 0.000000 0.000000 1.000000 

tail.001
0.998806 -0.048170 -0.008201 -0.008599 
0.019222 0.233053 0.972276 0.251412 
-0.044923 -0.971270 0.233700 2.310868 
0.000000 0.000000 0.000000 1.000000 

tail.002
0.998852 -0.047255 -0.007898 -0.017853 
0.019098 0.241548 0.970203 0.296186 
-0.043939 -0.969237 0.242173 2.124270 
0.000000 0.000000 0.000000 1.000000 

tail.003
0.999933 -0.006314 -0.009690 -0.026845 
0.010698 0.186423 0.982413 0.342149 
-0.004396 -0.982449 0.186478 1.939839 
0.000000 0.000000 0.000000 1.000000 

tail.004
0.999946 -0.002963 -0.009922 -0.028047 
0.010284 0.172213 0.985008 0.377622 
-0.001210 -0.985055 0.172235 1.752893 
0.000000 0.000000 0.000000 1.000000 

tail.005
0.999941 -0.004296 -0.009919 -0.028606 
0.010553 0.189218 0.981881 0.410134 
-0.002341 -0.981925 0.189252 1.566928 
0.000000 0.000000 0.000000 1.000000 

tail.006
0.999939 -0.004630 -0.010025 -0.029526 
0.010688 0.177481 0.984068 0.450644 
-0.002777 -0.984113 0.177520 1.356706 
0.000000 0.000000 0.000000 1.000000 

Frame 1
base
1.000000 0.000000 -0.000000 0.000000 
-0.000000 -0.283265 -0.959042 0.045301 
-0.000000 0.959042 -0.283265 2.423958 
0.000000 0.000000 0.000000 1.000000 

tail
0.998680 -0.050883 -0.007049 0.000000 
0.020976 0.278689 0.960155 0.206110 
-0.046891 -0.959032 0.279388 2.489302 
0.000000 0.000000 0.000000 1.000000 

tail.001
0.998583 -0.052617 -0.008011 -0.009378 
0.021754 0.266137 0.963692 0.257472 
-0.048575 -0.962498 0.266904 2.312556 
0.000000 0.000000 0.000000 1.000000 

tail.002
0.998639 -0.051580 -0.007685 -0.019486 
0.021588 0.274749 0.961276 0.308601 
-0.047471 -0.960131 0.275489 2.127644 
0.000000 0.000000 0.000000 1.000000 

tail.003
0.890935 -0.450806 0.054857 -0.029301 
0.202523 0.502528 0.840508 0.360882 
-0.406472 -0.737726 0.539018 1.944945 
0.000000 0.000000 0.000000 1.000000 

tail.004
0.943294 -0.330614 0.029844 -0.115083 
0.145265 0.491954 0.858420 0.456505 
-0.298486 -0.805404 0.512083 1.804567 
0.000000 0.000000 0.000000 1.000000 

tail.005
0.985211 0.169744 -0.023382 -0.177498 
-0.037874 0.348819 0.936427 0.549380 
0.167109 -0.921689 0.350089 1.652517 
0.000000 0.000000 0.000000 1.000000 

tail.006
0.821900 0.533819 0.198790 -0.141158 
-0.005675 -0.341291 0.939943 0.624059 
0.569603 -0.773666 -0.277476 1.455191 
0.000000 0.000000 0.000000 1.000000 

Frame 2
base
1.000000 0.000000 -0.000000 0.000000 
-0.000000 -0.283265 -0.959042 0.045301 
-0.000000 0.959042 -0.283265 2.423958 
0.000000 0.000000 0.000000 1.000000 

tail
0.998680 -0.050883 -0.007049 0.000000 
0.020976 0.278689 0.960155 0.206110 
-0.046891 -0.959032 0.279388 2.489302 
0.000000 0.000000 0.000000 1.000000 

tail.001
0.998583 -0.052617 -0.008011 -0.009378 
0.021754 0.266137 0.963692 0.257472 
-0.048575 -0.962498 0.266904 2.312556 
0.000000 0.000000 0.000000 1.000000 

tail.002
0.998639 -0.051580 -0.007685 -0.019486 
0.021588 0.274749 0.961276 0.308601 
-0.047471 -0.960131 0.275489 2.127644 
0.000000 0.000000 0.000000 1.000000 

tail.003
0.890935 -0.450806 0.054857 -0.029301 
0.202523 0.502528 0.840508 0.360882 
-0.406472 -0.737726 0.539018 1.944945 
0.000000 0.000000 0.000000 1.000000 

tail.004
0.943294 -0.330614 0.029844 -0.115083 
0.145265 0.491954 0.858420 0.456505 
-0.298486 -0.805404 0.512083 1.804567 
0.000000 0.000000 0.000000 1.000000 

tail.005
0.985211 0.169744 -0.023382 -0.177498 
-0.037874 0.348819 0.936427 0.549380 
0.167109 -0.921689 0.350089 1.652517 
0.000000 0.000000 0.000000 1.000000 

tail.006
0.821900 0.533819 0.198790 -0.141158 
-0.005675 -0.341291 0.939943 0.624059 
0.569603 -0.773666 -0.277476 1.455191 
0.000000 0.000000 0.000000 1.000000 

Frame 3
base
1.000000 0.000000 -0.000000 0.000000 
-0.000000 -0.283265 -0.959042 0.045301 
-0.000000 0.959042 -0.283265 2.423958 
0.000000 0.000000 0.000000 1.000000 

tail
0.999834 0.017825 0.003705 0.000000 
-0.010683 0.409599 0.912206 0.206110 
0.014742 -0.912092 0.409720 2.489302 
0.000000 0.000000 0.000000 1.000000 

tail.001
0.994877 0.096463 0.030246 0.003285 
-0.030254 -0.001386 0.999544 0.281598 
0.096461 -0.995335 0.001540 2.321207 
0.000000 0.000000 0.000000 1.000000 

tail.002
0.985913 0.155870 0.060660 0.021817 
-0.023368 -0.230755 0.972734 0.281332 
0.165617 -0.960446 -0.223861 2.129986 
0.000000 0.000000 0.000000 1.000000 

tail.003
0.987673 0.148287 0.050134 0.051477 
-0.026355 -0.158179 0.987061 0.237422 
0.154298 -0.976212 -0.152321 1.947228 
0.000000 0.000000 0.000000 1.000000 

tail.004
0.991717 0.123474 0.035380 0.079694 
-0.029570 -0.048576 0.998384 0.207323 
0.124993 -0.991158 -0.044523 1.761469 
0.000000 0.000000 0.000000 1.000000 

tail.005
0.995253 0.096395 0.013398 0.103004 
-0.028461 0.156635 0.987249 0.198153 
0.093067 -0.982941 0.158634 1.574352 
0.000000 0.000000 0.000000 1.000000 

tail.006
0.996956 0.076042 0.017231 0.123641 
-0.026444 0.121857 0.992198 0.231687 
0.073348 -0.989630 0.123497 1.363912 
0.000000 0.000000 0.000000 1.000000 

Frame 4
base
1.000000 0.000000 -0.000000 0.000000 
-0.000000 -0.283265 -0.959042 0.045301 
-0.000000 0.959042 -0.283265 2.423958 
0.000000 0.000000 0.000000 1.000000 

tail
0.999834 0.017825 0.003705 0.000000 
-0.010683 0.409599 0.912206 0.206110 
0.014742 -0.912092 0.409720 2.489302 
0.000000 0.000000 0.000000 1.000000 

tail.001
0.994877 0.096463 0.030246 0.003285 
-0.030254 -0.001386 0.999544 0.281598 
0.096461 -0.995335 0.001540 2.321207 
0.000000 0.000000 0.000000 1.000000 

tail.002
0.985913 0.155870 0.060660 0.021817 
-0.023368 -0.230755 0.972734 0.281332 
0.165617 -0.960446 -0.223861 2.129986 
0.000000 0.000000 0.000000 1.000000 

tail.003
0.987673 0.148287 0.050134 0.051477 
-0.026355 -0.158179 0.987061 0.237422 
0.154298 -0.976212 -0.152321 1.947228 
0.000000 0.000000 0.000000 1.000000 

tail.004
0.991717 0.123474 0.035380 0.079694 
-0.029570 -0.048576 0.998384 0.207323 
0.124993 -0.991158 -0.044523 1.761469 
0.000000 0.000000 0.000000 1.000000 

tail.005
0.995253 0.096395 0.013398 0.103004 
-0.028461 0.156635 0.987249 0.198153 
0.093067 -0.982941 0.158634 1.574352 
0.000000 0.000000 0.000000 1.000000 

tail.006
0.996956 0.076042 0.017231 0.123641 
-0.026444 0.121857 0.992198 0.231687 
0.073348 -0.989630 0.123497 1.363912 
0.000000 0.000000 0.000000 1.000000 

Frame 5
base
1.000000 0.000000 -0.000000 0.000000 
-0.000000 -0.283265 -0.959042 0.045301 
-0.000000 0.959042 -0.283265 2.423958 
0.000000 0.000000 0.000000 1.000000 

tail
0.999834 0.017825 0.003705 0.000000 
-0.010683 0.409599 0.912206 0.206110 
0.014742 -0.912092 0.409720 2.489302 
0.000000 0.000000 0.000000 1.000000 

tail.001
0.994877 0.096463 0.030246 0.003285 
-0.030254 -0.001386 0.999544 0.281598 
0.096461 -0.995335 0.001540 2.321207 
0.000000 0.000000 0.000000 1.000000 

tail.002
0.985913 0.155870 0.060660 0.021817 
-0.023368 -0.230755 0.972734 0.281332 
0.165617 -0.960446 -0.223861 2.129986 
0.000000 0.000000 0.000000 1.000000 

tail.003
0.987673 0.148287 0.050134 0.051477 
-0.026355 -0.158179 0.987061 0.237422 
0.154298 -0.976212 -0.152321 1.947228 
0.000000 0.000000 0.000000 1.000000 

tail.004
0.991717 0.123474 0.035380 0.079694 
-0.029570 -0.048576 0.998384 0.207323 
0.124993 -0.991158 -0.044523 1.761469 
0.000000 0.000000 0.000000 1.000000 

tail.005
0.995253 0.096395 0.013398 0.103004 
-0.028461 0.156635 0.987249 0.198153 
0.093067 -0.982941 0.158634 1.574352 
0.000000 0.000000 0.000000 1.000000 

tail.006
0.996956 0.076042 0.017231 0.123641 
-0.026444 0.121857 0.992198 0.231687 
0.073348 -0.989630 0.123497 1.363912 
0.000000 0.000000 0.000000 1.000000 

Frame 6
base
1.000000 0.000000 -0.000000 0.000000 
-0.000000 -0.283265 -0.959042 0.045301 
-0.000000 0.959042 -0.283265 2.423958 
0.000000 0.000000 0.000000 1.000000 

tail
0.999834 0.017825 0.003705 0.000000 
-0.010683 0.409599 0.912206 0.206110 
0.014742 -0.912092 0.409720 2.489302 
0.000000 0.000000 0.000000 1.000000 

tail.001
0.994877 0.096463 0.030246 0.003285 
-0.030254 -0.001386 0.999544 0.281598 
0.096461 -0.995335 0.001540 2.321207 
0.000000 0.000000 0.000000 1.000000 

tail.002
0.985913 0.155870 0.060660 0.021817 
-0.023368 -0.230755 0.972734 0.281332 
0.165617 -0.960446 -0.223861 2.129986 
0.000000 0.000000 0.000000 1.000000 

tail.003
0.987673 0.148287 0.050134 0.051477 
-0.026355 -0.158179 0.987061 0.237422 
0.154298 -0.976212 -0.152321 1.947228 
0.000000 0.000000 0.000000 1.000000 

tail.004
0.991717 0.123474 0.035380 0.079694 
-0.029570 -0.048576 0.998384 0.207323 
0.124993 -0.991158 -0.044523 1.761469 
0.000000 0.000000 0.000000 1.000000 

tail.005
0.995253 0.096395 0.013398 0.103004 
-0.028461 0.156635 0.987249 0.198153 
0.093067 -0.982941 0.158634 1.574352 
0.000000 0.000000 0.000000 1.000000 

tail.006
0.996956 0.076042 0.017231 0.123641 
-0.026444 0.121857 0.992198 0.231687 
0.073348 -0.989630 0.123497 1.363912 
0.000000 0.000000 0.000000 1.000000 

Frame 7
base
1.000000 0.000000 -0.000000 0.000000 
-0.000000 -0.283265 -0.959042 0.045301 
-0.000000 0.959042 -0.283265 2.423958 
0.000000 0.000000 0.000000 1.000000 

tail
0.999834 0.017825 0.003705 0.000000 
-0.010683 0.409599 0.912206 0.206110 
0.014742 -0.912092 0.409720 2.489302 
0.000000 0.000000 0.000000 1.000000 

tail.001
0.994877 0.096463 0.030246 0.003285 
-0.030254 -0.001386 0.999544 0.281598 
0.096461 -0.995335 0.001540 2.321207 
0.000000 0.000000 0.000000 1.000000 

tail.002
0.985913 0.155870 0.060660 0.021817 
-0.023368 -0.230755 0.972734 0.281332 
0.165617 -0.960446 -0.223861 2.129986 
0.000000 0.000000 0.000000 1.000000 

tail.003
0.987673 0.148287 0.050134 0.051477 
-0.026355 -0.158179 0.987061 0.237422 
0.154298 -0.976212 -0.152321 1.947228 
0.000000 0.000000 0.000000 1.000000 

tail.004
0.991717 0.123474 0.035380 0.079694 
-0.029570 -0.048576 0.998384 0.207323 
0.124993 -0.991158 -0.044523 1.761469 
0.000000 0.000000 0.000000 1.000000 

tail.005
0.995253 0.096395 0.013398 0.103004 
-0.028461 0.156635 0.987249 0.198153 
0.093067 -0.982941 0.158634 1.574352 
0.000000 0.000000 0.000000 1.000000 

tail.006
0.996956 0.076042 0.017231 0.123641 
-0.026444 0.121857 0.992198 0.231687 
0.073348 -0.989630 0.123497 1.363912 
0.000000 0.000000 0.000000 1.000000 

Frame 8
base
1.000000 0.000000 -0.000000 0.000000 
-0.000000 -0.283265 -0.959042 0.045301 
-0.000000 0.959042 -0.283265 2.423958 
0.000000 0.000000 0.000000 1.000000 

tail
0.999834 0.017825 0.003705 0.000000 
-0.010683 0.409599 0.912206 0.206110 
0.014742 -0.912092 0.409720 2.489302 
0.000000 0.000000 0.000000 1.000000 

tail.001
0.994877 0.096463 0.030246 0.003285 
-0.030254 -0.001386 0.999544 0.281598 
0.096461 -0.995335 0.001540 2.321207 
0.000000 0.000000 0.000000 1.000000 

tail.002
0.985913 0.155870 0.060660 0.021817 
-0.023368 -0.230755 0.972734 0.281332 
0.165617 -0.960446 -0.223861 2.129986 
0.000000 0.000000 0.000000 1.000000 

tail.003
0.987673 0.148287 0.050134 0.051477 
-0.026355 -0.158179 0.987061 0.237422 
0.154298 -0.976212 -0.152321 1.947228 
0.000000 0.000000 0.000000 1.000000 

tail.004
0.991717 0.123474 0.035380 0.079694 
-0.029570 -0.048576 0.998384 0.207323 
0.124993 -0.991158 -0.044523 1.761469 
0.000000 0.000000 0.000000 1.000000 

tail.005
0.995253 0.096395 0.013398 0.103004 
-0.028461 0.156635 0.987249 0.198153 
0.093067 -0.982941 0.158634 1.574352 
0.000000 0.000000 0.000000 1.000000 

tail.006
0.996956 0.076042 0.017231 0.123641 
-0.026444 0.121857 0.992198 0.231687 
0.073348 -0.989630 0.123497 1.363912 
0.000000 0.000000 0.000000 1.000000 

Frame 9
base
1.000000 0.000000 -0.000000 0.000000 
-0.000000 -0.283265 -0.959042 0.045301 
-0.000000 0.959042 -0.283265 2.423958 
0.000000 0.000000 0.000000 1.000000 

tail
0.999834 0.017825 0.003705 0.000000 
-0.010683 0.409599 0.912206 0.206110 
0.014742 -0.912092 0.409720 2.489302 
0.000000 0.000000 0.000000 1.000000 

tail.001
0.994877 0.096463 0.030246 0.003285 
-0.030254 -0.001386 0.999544 0.281598 
0.096461 -0.995335 0.001540 2.321207 
0.000000 0.000000 0.000000 1.000000 

tail.002
0.985913 0.155870 0.060660 0.021817 
-0.023368 -0.230755 0.972734 0.281332 
0.165617 -0.960446 -0.223861 2.129986 
0.000000 0.000000 0.000000 1.000000 

tail.003
0.987673 0.148287 0.050134 0.051477 
-0.026355 -0.158179 0.987061 0.237422 
0.154298 -0.976212 -0.152321 1.947228 
0.000000 0.000000 0.000000 1.000000 

tail.004
0.991717 0.123474 0.035380 0.079694 
-0.029570 -0.048576 0.998384 0.207323 
0.124993 -0.991158 -0.044523 1.761469 
0.000000 0.000000 0.000000 1.000000 

tail.005
0.995253 0.096395 0.013398 0.103004 
-0.028461 0.156635 0.987249 0.198153 
0.093067 -0.982941 0.158634 1.574352 
0.000000 0.000000 0.000000 1.000000 

tail.006
0.996956 0.076042 0.017231 0.123641 
-0.026444 0.121857 0.992198 0.231687 
0.073348 -0.989630 0.123497 1.363912 
0.000000 0.000000 0.000000 1.000000 

Frame 10
base
1.000000 0.000000 -0.000000 0.000000 
-0.000000 -0.283265 -0.959042 0.045301 
-0.000000 0.959042 -0.283265 2.423958 
0.000000 0.000000 0.000000 1.000000 

tail
0.999834 0.017825 0.003705 0.000000 
-0.010683 0.409599 0.912206 0.206110 
0.014742 -0.912092 0.409720 2.489302 
0.000000 0.000000 0.000000 1.000000 

tail.001
0.994877 0.096463 0.030246 0.003285 
-0.030254 -0.001386 0.999544 0.281598 
0.096461 -0.995335 0.001540 2.321207 
0.000000 0.000000 0.000000 1.000000 

tail.002
0.985913 0.155870 0.060660 0.021817 
-0.023368 -0.230755 0.972734 0.281332 
0.165617 -0.960446 -0.223861 2.129986 
0.000000 0.000000 0.000000 1.000000 

tail.003
0.987673 0.148287 0.050134 0.051477 
-0.026355 -0.158179 0.987061 0.237422 
0.154298 -0.976212 -0.152321 1.947228 
0.000000 0.000000 0.000000 1.000000 

tail.004
0.991717 0.123474 0.035380 0.079694 
-0.029570 -0.048576 0.998384 0.207323 
0.124993 -0.991158 -0.044523 1.761469 
0.000000 0.000000 0.000000 1.000000 

tail.005
0.995253 0.096395 0.013398 0.103004 
-0.028461 0.156635 0.987249 0.198153 
0.093067 -0.982941 0.158634 1.574352 
0.000000 0.000000 0.000000 1.000000 

tail.006
0.996956 0.076042 0.017231 0.123641 
-0.026444 0.121857 0.992198 0.231687 
0.073348 -0.989630 0.123497 1.363912 
0.000000 0.000000 0.000000 1.000000 

Frame 11
base
1.000000 0.000000 -0.000000 0.000000 
-0.000000 -0.283265 -0.959042 0.045301 
-0.000000 0.959042 -0.283265 2.423958 
0.000000 0.000000 0.000000 1.000000 

tail
0.999834 0.017825 0.003705 0.000000 
-0.010683 0.409599 0.912206 0.206110 
0.014742 -0.912092 0.409720 2.489302 
0.000000 0.000000 0.000000 1.000000 

tail.001
0.994877 0.096463 0.030246 0.003285 
-0.030254 -0.001386 0.999544 0.281598 
0.096461 -0.995335 0.001540 2.321207 
0.000000 0.000000 0.000000 1.000000 

tail.002
0.985913 0.155870 0.060660 0.021817 
-0.023368 -0.230755 0.972734 0.281332 
0.165617 -0.960446 -0.223861 2.129986 
0.000000 0.000000 0.000000 1.000000 

tail.003
0.987673 0.148287 0.050134 0.051477 
-0.026355 -0.158179 0.987061 0.237422 
0.154298 -0.976212 -0.152321 1.947228 
0.000000 0.000000 0.000000 1.000000 

tail.004
0.991717 0.123474 0.035380 0.079694 
-0.029570 -0.048576 0.998384 0.207323 
0.124993 -0.991158 -0.044523 1.761469 
0.000000 0.000000 0.000000 1.000000 

tail.005
0.995253 0.096395 0.013398 0.103004 
-0.028461 0.156635 0.987249 0.198153 
0.093067 -0.982941 0.158634 1.574352 
0.000000 0.000000 0.000000 1.000000 

tail.006
0.996956 0.076042 0.017231 0.123641 
-0.026444 0.121857 0.992198 0.231687 
0.073348 -0.989630 0.123497 1.363912 
0.000000 0.000000 0.000000 1.000000 

Frame 12
base
1.000000 0.000000 -0.000000 0.000000 
-0.000000 -0.283265 -0.959042 0.045301 
-0.000000 0.959042 -0.283265 2.423958 
0.000000 0.000000 0.000000 1.000000 

tail
0.999834 0.017825 0.003705 0.000000 
-0.010683 0.409599 0.912206 0.206110 
0.014742 -0.912092 0.409720 2.489302 
0.000000 0.000000 0.000000 1.000000 

tail.001
0.994877 0.096463 0.030246 0.003285 
-0.030254 -0.001386 0.999544 0.281598 
0.096461 -0.995335 0.001540 2.321207 
0.000000 0.000000 0.000000 1.000000 

tail.002
0.985913 0.155870 0.060660 0.021817 
-0.023368 -0.230755 0.972734 0.281332 
0.165617 -0.960446 -0.223861 2.129986 
0.000000 0.000000 0.000000 1.000000 

tail.003
0.987673 0.148287 0.050134 0.051477 
-0.026355 -0.158179 0.987061 0.237422 
0.154298 -0.976212 -0.152321 1.947228 
0.000000 0.000000 0.000000 1.000000 

tail.004
0.991717 0.123474 0.035380 0.079694 
-0.029570 -0.048576 0.998384 0.207323 
0.124993 -0.991158 -0.044523 1.761469 
0.000000 0.000000 0.000000 1.000000 

tail.005
0.995253 0.096395 0.013398 0.103004 
-0.028461 0.156635 0.987249 0.198153 
0.093067 -0.982941 0.158634 1.574352 
0.000000 0.000000 0.000000 1.000000 

tail.006
0.996956 0.076042 0.017231 0.123641 
-0.026444 0.121857 0.992198 0.231687 
0.073348 -0.989630 0.123497 1.363912 
0.000000 0.000000 0.000000 1.000000 

Frame 13
base
1.000000 0.000000 -0.000000 0.000000 
-0.000000 -0.283265 -0.959042 0.045301 
-0.000000 0.959042 -0.283265 2.423958 
0.000000 0.000000 0.000000 1.000000 

tail
0.999834 0.017825 0.003705 0.000000 
-0.010683 0.409599 0.912206 0.206110 
0.014742 -0.912092 0.409720 2.489302 
0.000000 0.000000 0.000000 1.000000 

tail.001
0.994877 0.096463 0.030246 0.003285 
-0.030254 -0.001386 0.999544 0.281598 
0.096461 -0.995335 0.001540 2.321207 
0.000000 0.000000 0.000000 1.000000 

tail.002
0.985913 0.155870 0.060660 0.021817 
-0.023368 -0.230755 0.972734 0.281332 
0.165617 -0.960446 -0.223861 2.129986 
0.000000 0.000000 0.000000 1.000000 

tail.003
0.987673 0.148287 0.050134 0.051477 
-0.026355 -0.158179 0.987061 0.237422 
0.154298 -0.976212 -0.152321 1.947228 
0.000000 0.000000 0.000000 1.000000 

tail.004
0.991717 0.123474 0.035380 0.079694 
-0.029570 -0.048576 0.998384 0.207323 
0.124993 -0.991158 -0.044523 1.761469 
0.000000 0.000000 0.000000 1.000000 

tail.005
0.995253 0.096395 0.013398 0.103004 
-0.028461 0.156635 0.987249 0.198153 
0.093067 -0.982941 0.158634 1.574352 
0.000000 0.000000 0.000000 1.000000 

tail.006
0.996956 0.076042 0.017231 0.123641 
-0.026444 0.121857 0.992198 0.231687 
0.073348 -0.989630 0.123497 1.363912 
0.000000 0.000000 0.000000 1.000000 

Frame 14
base
1.000000 0.000000 -0.000000 0.000000 
-0.000000 -0.283265 -0.959042 0.045301 
-0.000000 0.959042 -0.283265 2.423958 
0.000000 0.000000 0.000000 1.000000 

tail
0.999834 0.017825 0.003705 0.000000 
-0.010683 0.409599 0.912206 0.206110 
0.014742 -0.912092 0.409720 2.489302 
0.000000 0.000000 0.000000 1.000000 

tail.001
0.994877 0.096463 0.030246 0.003285 
-0.030254 -0.001386 0.999544 0.281598 
0.096461 -0.995335 0.001540 2.321207 
0.000000 0.000000 0.000000 1.000000 

tail.002
0.985913 0.155870 0.060660 0.021817 
-0.023368 -0.230755 0.972734 0.281332 
0.165617 -0.960446 -0.223861 2.129986 
0.000000 0.000000 0.000000 1.000000 

tail.003
0.987673 0.148287 0.050134 0.051477 
-0.026355 -0.158179 0.987061 0.237422 
0.154298 -0.976212 -0.152321 1.947228 
0.000000 0.000000 0.000000 1.000000 

tail.004
0.991717 0.123474 0.035380 0.079694 
-0.029570 -0.048576 0.998384 0.207323 
0.124993 -0.991158 -0.044523 1.761469 
0.000000 0.000000 0.000000 1.000000 

tail.005
0.995253 0.096395 0.013398 0.103004 
-0.028461 0.156635 0.987249 0.198153 
0.093067 -0.982941 0.158634 1.574352 
0.000000 0.000000 0.000000 1.000000 

tail.006
0.996956 0.076042 0.017231 0.123641 
-0.026444 0.121857 0.992198 0.231687 
0.073348 -0.989630 0.123497 1.363912 
0.000000 0.000000 0.000000 1.000000 

Frame 15
base
1.000000 0.000000 -0.000000 0.000000 
-0.000000 -0.283265 -0.959042 0.045301 
-0.000000 0.959042 -0.283265 2.423958 
0.000000 0.000000 0.000000 1.000000 

tail
0.999834 0.017825 0.003705 0.000000 
-0.010683 0.409599 0.912206 0.206110 
0.014742 -0.912092 0.409720 2.489302 
0.000000 0.000000 0.000000 1.000000 

tail.001
0.994877 0.096463 0.030246 0.003285 
-0.030254 -0.001386 0.999544 0.281598 
0.096461 -0.995335 0.001540 2.321207 
0.000000 0.000000 0.000000 1.000000 

tail.002
0.985913 0.155870 0.060660 0.021817 
-0.023368 -0.230755 0.972734 0.281332 
0.165617 -0.960446 -0.223861 2.129986 
0.000000 0.000000 0.000000 1.000000 

tail.003
0.987673 0.148287 0.050134 0.051477 
-0.026355 -0.158179 0.987061 0.237422 
0.154298 -0.976212 -0.152321 1.947228 
0.000000 0.000000 0.000000 1.000000 

tail.004
0.991717 0.123474 0.035380 0.079694 
-0.029570 -0.048576 0.998384 0.207323 
0.124993 -0.991158 -0.044523 1.761469 
0.000000 0.000000 0.000000 1.000000 

tail.005
0.995253 0.096395 0.013398 0.103004 
-0.028461 0.156635 0.987249 0.198153 
0.093067 -0.982941 0.158634 1.574352 
0.000000 0.000000 0.000000 1.000000 

tail.006
0.996956 0.076042 0.017231 0.123641 
-0.026444 0.121857 0.992198 0.231687 
0.073348 -0.989630 0.123497 1.363912 
0.000000 0.000000 0.000000 1.000000 

Frame 16
base
1.000000 0.000000 -0.000000 0.000000 
-0.000000 -0.283265 -0.959042 0.045301 
-0.000000 0.959042 -0.283265 2.423958 
0.000000 0.000000 0.000000 1.000000 

tail
0.999834 0.017825 0.003705 0.000000 
-0.010683 0.409599 0.912206 0.206110 
0.014742 -0.912092 0.409720 2.489302 
0.000000 0.000000 0.000000 1.000000 

tail.001
0.994877 0.096463 0.030246 0.003285 
-0.030254 -0.001386 0.999544 0.281598 
0.096461 -0.995335 0.001540 2.321207 
0.000000 0.000000 0.000000 1.000000 

tail.002
0.985913 0.155870 0.060660 0.021817 
-0.023368 -0.230755 0.972734 0.281332 
0.165617 -0.960446 -0.223861 2.129986 
0.000000 0.000000 0.000000 1.000000 

tail.003
0.987673 0.148287 0.050134 0.051477 
-0.026355 -0.158179 0.987061 0.237422 
0.154298 -0.976212 -0.152321 1.947228 
0.000000 0.000000 0.000000 1.000000 

tail.004
0.991717 0.123474 0.035380 0.079694 
-0.029570 -0.048576 0.998384 0.207323 
0.124993 -0.991158 -0.044523 1.761469 
0.000000 0.000000 0.000000 1.000000 

tail.005
0.995253 0.096395 0.013398 0.103004 
-0.028461 0.156635 0.987249 0.198153 
0.093067 -0.982941 0.158634 1.574352 
0.000000 0.000000 0.000000 1.000000 

tail.006
0.996956 0.076042 0.017231 0.123641 
-0.026444 0.121857 0.992198 0.231687 
0.073348 -0.989630 0.123497 1.363912 
0.000000 0.000000 0.000000 1.000000 

Frame 17
base
1.000000 0.000000 -0.000000 0.000000 
-0.000000 -0.283265 -0.959042 0.045301 
-0.000000 0.959042 -0.283265 2.423958 
0.000000 0.000000 0.000000 1.000000 

tail
0.999834 0.017825 0.003705 0.000000 
-0.010683 0.409599 0.912206 0.206110 
0.014742 -0.912092 0.409720 2.489302 
0.000000 0.000000 0.000000 1.000000 

tail.001
0.994877 0.096463 0.030246 0.003285 
-0.030254 -0.001386 0.999544 0.281598 
0.096461 -0.995335 0.001540 2.321207 
0.000000 0.000000 0.000000 1.000000 

tail.002
0.985913 0.155870 0.060660 0.021817 
-0.023368 -0.230755 0.972734 0.281332 
0.165617 -0.960446 -0.223861 2.129986 
0.000000 0.000000 0.000000 1.000000 

tail.003
0.987673 0.148287 0.050134 0.051477 
-0.026355 -0.158179 0.987061 0.237422 
0.154298 -0.976212 -0.152321 1.947228 
0.000000 0.000000 0.000000 1.000000 

tail.004
0.991717 0.123474 0.035380 0.079694 
-0.029570 -0.048576 0.998384 0.207323 
0.124993 -0.991158 -0.044523 1.761469 
0.000000 0.000000 0.000000 1.000000 

tail.005
0.995253 0.096395 0.013398 0.103004 
-0.028461 0.156635 0.987249 0.198153 
0.093067 -0.982941 0.158634 1.574352 
0.000000 0.000000 0.000000 1.000000 

tail.006
0.996956 0.076042 0.017231 0.123641 
-0.026444 0.121857 0.992198 0.231687 
0.073348 -0.989630 0.123497 1.363912 
0.000000 0.000000 0.000000 1.000000 

Frame 18
base
1.000000 0.000000 -0.000000 0.000000 
-0.000000 -0.283265 -0.959042 0.045301 
-0.000000 0.959042 -0.283265 2.423958 
0.000000 0.000000 0.000000 1.000000 

tail
0.999834 0.017825 0.003705 0.000000 
-0.010683 0.409599 0.912206 0.206110 
0.014742 -0.912092 0.409720 2.489302 
0.000000 0.000000 0.000000 1.000000 

tail.001
0.994877 0.096463 0.030246 0.003285 
-0.030254 -0.001386 0.999544 0.281598 
0.096461 -0.995335 0.001540 2.321207 
0.000000 0.000000 0.000000 1.000000 

tail.002
0.985913 0.155870 0.060660 0.021817 
-0.023368 -0.230755 0.972734 0.281332 
0.165617 -0.960446 -0.223861 2.129986 
0.000000 0.000000 0.000000 1.000000 

tail.003
0.987673 0.148287 0.050134 0.051477 
-0.026355 -0.158179 0.987061 0.237422 
0.154298 -0.976212 -0.152321 1.947228 
0.000000 0.000000 0.000000 1.000000 

tail.004
0.991717 0.123474 0.035380 0.079694 
-0.029570 -0.048576 0.998384 0.207323 
0.124993 -0.991158 -0.044523 1.761469 
0.000000 0.000000 0.000000 1.000000 

tail.005
0.995253 0.096395 0.013398 0.103004 
-0.028461 0.156635 0.987249 0.198153 
0.093067 -0.982941 0.158634 1.574352 
0.000000 0.000000 0.000000 1.000000 

tail.006
0.996956 0.076042 0.017231 0.123641 
-0.026444 0.121857 0.992198 0.231687 
0.073348 -0.989630 0.123497 1.363912 
0.000000 0.000000 0.000000 1.000000 

Frame 19
base
1.000000 0.000000 -0.000000 0.000000 
-0.000000 -0.283265 -0.959042 0.045301 
-0.000000 0.959042 -0.283265 2.423958 
0.000000 0.000000 0.000000 1.000000 

tail
0.999834 0.017825 0.003705 0.000000 
-0.010683 0.409599 0.912206 0.206110 
0.014742 -0.912092 0.409720 2.489302 
0.000000 0.000000 0.000000 1.000000 

tail.001
0.994877 0.096463 0.030246 0.003285 
-0.030254 -0.001386 0.999544 0.281598 
0.096461 -0.995335 0.001540 2.321207 
0.000000 0.000000 0.000000 1.000000 

tail.002
0.985913 0.155870 0.060660 0.021817 
-0.023368 -0.230755 0.972734 0.281332 
0.165617 -0.960446 -0.223861 2.129986 
0.000000 0.000000 0.000000 1.000000 

tail.003
0.987673 0.148287 0.050134 0.051477 
-0.026355 -0.158179 0.987061 0.237422 
0.154298 -0.976212 -0.152321 1.947228 
0.000000 0.000000 0.000000 1.000000 

tail.004
0.991717 0.123474 0.035380 0.079694 
-0.029570 -0.048576 0.998384 0.207323 
0.124993 -0.991158 -0.044523 1.761469 
0.000000 0.000000 0.000000 1.000000 

tail.005
0.995253 0.096395 0.013398 0.103004 
-0.028461 0.156635 0.987249 0.198153 
0.093067 -0.982941 0.158634 1.574352 
0.000000 0.000000 0.000000 1.000000 

tail.006
0.996956 0.076042 0.017231 0.123641 
-0.026444 0.121857 0.992198 0.231687 
0.073348 -0.989630 0.123497 1.363912 
0.000000 0.000000 0.000000 1.000000 

Frame 20
base
1.000000 0.000000 -0.000000 0.000000 
-0.000000 -0.283265 -0.959042 0.045301 
-0.000000 0.959042 -0.283265 2.423958 
0.000000 0.000000 0.000000 1.000000 

tail
0.999834 0.017825 0.003705 0.000000 
-0.010683 0.409599 0.912206 0.206110 
0.014742 -0.912092 0.409720 2.489302 
0.000000 0.000000 0.000000 1.000000 

tail.001
0.994877 0.096463 0.030246 0.003285 
-0.030254 -0.001386 0.999544 0.281598 
0.096461 -0.995335 0.001540 2.321207 
0.000000 0.000000 0.000000 1.000000 

tail.002
0.985913 0.155870 0.060660 0.021817 
-0.023368 -0.230755 0.972734 0.281332 
0.165617 -0.960446 -0.223861 2.129986 
0.000000 0.000000 0.000000 1.000000 

tail.003
0.987673 0.148287 0.050134 0.051477 
-0.026355 -0.158179 0.987061 0.237422 
0.154298 -0.976212 -0.152321 1.947228 
0.000000 0.000000 0.000000 1.000000 

tail.004
0.991717 0.123474 0.035380 0.079694 
-0.029570 -0.048576 0.998384 0.207323 
0.124993 -0.991158 -0.044523 1.761469 
0.000000 0.000000 0.000000 1.000000 

tail.005
0.995253 0.096395 0.013398 0.103004 
-0.028461 0.156635 0.987249 0.198153 
0.093067 -0.982941 0.158634 1.574352 
0.000000 0.000000 0.000000 1.000000 

tail.006
0.996956 0.076042 0.017231 0.123641 
-0.026444 0.121857 0.992198 0.231687 
0.073348 -0.989630 0.123497 1.363912 
0.000000 0.000000 0.000000 1.000000 

Frame 21
base
1.000000 0.000000 -0.000000 0.000000 
-0.000000 -0.283265 -0.959042 0.045301 
-0.000000 0.959042 -0.283265 2.423958 
0.000000 0.000000 0.000000 1.000000 

tail
0.999834 0.017825 0.003705 0.000000 
-0.010683 0.409599 0.912206 0.206110 
0.014742 -0.912092 0.409720 2.489302 
0.000000 0.000000 0.000000 1.000000 

tail.001
0.994877 0.096463 0.030246 0.003285 
-0.030254 -0.001386 0.999544 0.281598 
0.096461 -0.995335 0.001540 2.321207 
0.000000 0.000000 0.000000 1.000000 

tail.002
0.985913 0.155870 0.060660 0.021817 
-0.023368 -0.230755 0.972734 0.281332 
0.165617 -0.960446 -0.223861 2.129986 
0.000000 0.000000 0.000000 1.000000 

tail.003
0.987673 0.148287 0.050134 0.051477 
-0.026355 -0.158179 0.987061 0.237422 
0.154298 -0.976212 -0.152321 1.947228 
0.000000 0.000000 0.000000 1.000000 

tail.004
0.991717 0.123474 0.035380 0.079694 
-0.029570 -0.048576 0.998384 0.207323 
0.124993 -0.991158 -0.044523 1.761469 
0.000000 0.000000 0.000000 1.000000 

tail.005
0.995253 0.096395 0.013398 0.103004 
-0.028461 0.156635 0.987249 0.198153 
0.093067 -0.982941 0.158634 1.574352 
0.000000 0.000000 0.000000 1.000000 

tail.006
0.996956 0.076042 0.017231 0.123641 
-0.026444 0.121857 0.992198 0.231687 
0.073348 -0.989630 0.123497 1.363912 
0.000000 0.000000 0.000000 1.000000 

Frame 22
base
1.000000 0.000000 -0.000000 0.000000 
-0.000000 -0.283265 -0.959042 0.045301 
-0.000000 0.959042 -0.283265 2.423958 
0.000000 0.000000 0.000000 1.000000 

tail
0.999834 0.017825 0.003705 0.000000 
-0.010683 0.409599 0.912206 0.206110 
0.014742 -0.912092 0.409720 2.489302 
0.000000 0.000000 0.000000 1.000000 

tail.001
0.994877 0.096463 0.030246 0.003285 
-0.030254 -0.001386 0.999544 0.281598 
0.096461 -0.995335 0.001540 2.321207 
0.000000 0.000000 0.000000 1.000000 

tail.002
0.985913 0.155870 0.060660 0.021817 
-0.023368 -0.230755 0.972734 0.281332 
0.165617 -0.960446 -0.223861 2.129986 
0.000000 0.000000 0.000000 1.000000 

tail.003
0.987673 0.148287 0.050134 0.051477 
-0.026355 -0.158179 0.987061 0.237422 
0.154298 -0.976212 -0.152321 1.947228 
0.000000 0.000000 0.000000 1.000000 

tail.004
0.991717 0.123474 0.035380 0.079694 
-0.029570 -0.048576 0.998384 0.207323 
0.124993 -0.991158 -0.044523 1.761469 
0.000000 0.000000 0.000000 1.000000 

tail.005
0.995253 0.096395 0.013398 0.103004 
-0.028461 0.156635 0.987249 0.198153 
0.093067 -0.982941 0.158634 1.574352 
0.000000 0.000000 0.000000 1.000000 

tail.006
0.996956 0.076042 0.017231 0.123641 
-0.026444 0.121857 0.992198 0.231687 
0.073348 -0.989630 0.123497 1.363912 
0.000000 0.000000 0.000000 1.000000 

Frame 23
base
1.000000 0.000000 -0.000000 0.000000 
-0.000000 -0.283265 -0.959042 0.045301 
-0.000000 0.959042 -0.283265 2.423958 
0.000000 0.000000 0.000000 1.000000 

tail
0.999834 0.017825 0.003705 0.000000 
-0.010683 0.409599 0.912206 0.206110 
0.014742 -0.912092 0.409720 2.489302 
0.000000 0.000000 0.000000 1.000000 

tail.001
0.994877 0.096463 0.030246 0.003285 
-0.030254 -0.001386 0.999544 0.281598 
0.096461 -0.995335 0.001540 2.321207 
0.000000 0.000000 0.000000 1.000000 

tail.002
0.985913 0.155870 0.060660 0.021817 
-0.023368 -0.230755 0.972734 0.281332 
0.165617 -0.960446 -0.223861 2.129986 
0.000000 0.000000 0.000000 1.000000 

tail.003
0.987673 0.148287 0.050134 0.051477 
-0.026355 -0.158179 0.987061 0.237422 
0.154298 -0.976212 -0.152321 1.947228 
0.000000 0.000000 0.000000 1.000000 

tail.004
0.991717 0.123474 0.035380 0.079694 
-0.029570 -0.048576 0.998384 0.207323 
0.124993 -0.991158 -0.044523 1.761469 
0.000000 0.000000 0.000000 1.000000 

tail.005
0.995253 0.096395 0.013398 0.103004 
-0.028461 0.156635 0.987249 0.198153 
0.093067 -0.982941 0.158634 1.574352 
0.000000 0.000000 0.000000 1.000000 

tail.006
0.996956 0.076042 0.017231 0.123641 
-0.026444 0.121857 0.992198 0.231687 
0.073348 -0.989630 0.123497 1.363912 
0.000000 0.000000 0.000000 1.000000 

Frame 24
base
1.000000 0.000000 -0.000000 0.000000 
-0.000000 -0.283265 -0.959042 0.045301 
-0.000000 0.959042 -0.283265 2.423958 
0.000000 0.000000 0.000000 1.000000 

tail
0.999834 0.017825 0.003705 0.000000 
-0.010683 0.409599 0.912206 0.206110 
0.014742 -0.912092 0.409720 2.489302 
0.000000 0.000000 0.000000 1.000000 

tail.001
0.994877 0.096463 0.030246 0.003285 
-0.030254 -0.001386 0.999544 0.281598 
0.096461 -0.995335 0.001540 2.321207 
0.000000 0.000000 0.000000 1.000000 

tail.002
0.985913 0.155870 0.060660 0.021817 
-0.023368 -0.230755 0.972734 0.281332 
0.165617 -0.960446 -0.223861 2.129986 
0.000000 0.000000 0.000000 1.000000 

tail.003
0.987673 0.148287 0.050134 0.051477 
-0.026355 -0.158179 0.987061 0.237422 
0.154298 -0.976212 -0.152321 1.947228 
0.000000 0.000000 0.000000 1.000000 

tail.004
0.991717 0.123474 0.035380 0.079694 
-0.029570 -0.048576 0.998384 0.207323 
0.124993 -0.991158 -0.044523 1.761469 
0.000000 0.000000 0.000000 1.000000 

tail.005
0.995253 0.096395 0.013398 0.103004 
-0.028461 0.156635 0.987249 0.198153 
0.093067 -0.982941 0.158634 1.574352 
0.000000 0.000000 0.000000 1.000000 

tail.006
0.996956 0.076042 0.017231 0.123641 
-0.026444 0.121857 0.992198 0.231687 
0.073348 -0.989630 0.123497 1.363912 
0.000000 0.000000 0.000000 1.000000 

Frame 25
base
1.000000 0.000000 -0.000000 0.000000 
-0.000000 -0.283265 -0.959042 0.045301 
-0.000000 0.959042 -0.283265 2.423958 
0.000000 0.000000 0.000000 1.000000 

tail
0.999834 0.017825 0.003705 0.000000 
-0.010683 0.409599 0.912206 0.206110 
0.014742 -0.912092 0.409720 2.489302 
0.000000 0.000000 0.000000 1.000000 

tail.001
0.994877 0.096463 0.030246 0.003285 
-0.030254 -0.001386 0.999544 0.281598 
0.096461 -0.995335 0.001540 2.321207 
0.000000 0.000000 0.000000 1.000000 

tail.002
0.985913 0.155870 0.060660 0.021817 
-0.023368 -0.230755 0.972734 0.281332 
0.165617 -0.960446 -0.223861 2.129986 
0.000000 0.000000 0.000000 1.000000 

tail.003
0.987673 0.148287 0.050134 0.051477 
-0.026355 -0.158179 0.987061 0.237422 
0.154298 -0.976212 -0.152321 1.947228 
0.000000 0.000000 0.000000 1.000000 

tail.004
0.991717 0.123474 0.035380 0.079694 
-0.029570 -0.048576 0.998384 0.207323 
0.124993 -0.991158 -0.044523 1.761469 
0.000000 0.000000 0.000000 1.000000 

tail.005
0.995253 0.096395 0.013398 0.103004 
-0.028461 0.156635 0.987249 0.198153 
0.093067 -0.982941 0.158634 1.574352 
0.000000 0.000000 0.000000 1.000000 

tail.006
0.996956 0.076042 0.017231 0.123641 
-0.026444 0.121857 0.992198 0.231687 
0.073348 -0.989630 0.123497 1.363912 
0.000000 0.000000 0.000000 1.000000 

Frame 26
base
1.000000 0.000000 -0.000000 0.000000 
-0.000000 -0.283265 -0.959042 0.045301 
-0.000000 0.959042 -0.283265 2.423958 
0.000000 0.000000 0.000000 1.000000 

tail
0.999834 0.017825 0.003705 0.000000 
-0.010683 0.409599 0.912206 0.206110 
0.014742 -0.912092 0.409720 2.489302 
0.000000 0.000000 0.000000 1.000000 

tail.001
0.994877 0.096463 0.030246 0.003285 
-0.030254 -0.001386 0.999544 0.281598 
0.096461 -0.995335 0.001540 2.321207 
0.000000 0.000000 0.000000 1.000000 

tail.002
0.985913 0.155870 0.060660 0.021817 
-0.023368 -0.230755 0.972734 0.281332 
0.165617 -0.960446 -0.223861 2.129986 
0.000000 0.000000 0.000000 1.000000 

tail.003
0.987673 0.148287 0.050134 0.051477 
-0.026355 -0.158179 0.987061 0.237422 
0.154298 -0.976212 -0.152321 1.947228 
0.000000 0.000000 0.000000 1.000000 

tail.004
0.991717 0.123474 0.035380 0.079694 
-0.029570 -0.048576 0.998384 0.207323 
0.124993 -0.991158 -0.044523 1.761469 
0.000000 0.000000 0.000000 1.000000 

tail.005
0.995253 0.096395 0.013398 0.103004 
-0.028461 0.156635 0.987249 0.198153 
0.093067 -0.982941 0.158634 1.574352 
0.000000 0.000000 0.000000 1.000000 

tail.006
0.996956 0.076042 0.017231 0.123641 
-0.026444 0.121857 0.992198 0.231687 
0.073348 -0.989630 0.123497 1.363912 
0.000000 0.000000 0.000000 1.000000 

Frame 27
base
1.000000 0.000000 -0.000000 0.000000 
-0.000000 -0.283265 -0.959042 0.045301 
-0.000000 0.959042 -0.283265 2.423958 
0.000000 0.000000 0.000000 1.000000 

tail
0.999834 0.017825 0.003705 0.000000 
-0.010683 0.409599 0.912206 0.206110 
0.014742 -0.912092 0.409720 2.489302 
0.000000 0.000000 0.000000 1.000000 

tail.001
0.994877 0.096463 0.030246 0.003285 
-0.030254 -0.001386 0.999544 0.281598 
0.096461 -0.995335 0.001540 2.321207 
0.000000 0.000000 0.000000 1.000000 

tail.002
0.985913 0.155870 0.060660 0.021817 
-0.023368 -0.230755 0.972734 0.281332 
0.165617 -0.960446 -0.223861 2.129986 
0.000000 0.000000 0.000000 1.000000 

tail.003
0.987673 0.148287 0.050134 0.051477 
-0.026355 -0.158179 0.987061 0.237422 
0.154298 -0.976212 -0.152321 1.947228 
0.000000 0.000000 0.000000 1.000000 

tail.004
0.991717 0.123474 0.035380 0.079694 
-0.029570 -0.048576 0.998384 0.207323 
0.124993 -0.991158 -0.044523 1.761469 
0.000000 0.000000 0.000000 1.000000 

tail.005
0.995253 0.096395 0.013398 0.103004 
-0.028461 0.156635 0.987249 0.198153 
0.093067 -0.982941 0.158634 1.574352 
0.000000 0.000000 0.000000 1.000000 

tail.006
0.996956 0.076042 0.017231 0.123641 
-0.026444 0.121857 0.992198 0.231687 
0.073348 -0.989630 0.123497 1.363912 
0.000000 0.000000 0.000000 1.000000 

Frame 28
base
1.000000 0.000000 -0.000000 0.000000 
-0.000000 -0.283265 -0.959042 0.045301 
-0.000000 0.959042 -0.283265 2.423958 
0.000000 0.000000 0.000000 1.000000 

tail
0.999834 0.017825 0.003705 0.000000 
-0.010683 0.409599 0.912206 0.206110 
0.014742 -0.912092 0.409720 2.489302 
0.000000 0.000000 0.000000 1.000000 

tail.001
0.994877 0.096463 0.030246 0.003285 
-0.030254 -0.001386 0.999544 0.281598 
0.096461 -0.995335 0.001540 2.321207 
0.000000 0.000000 0.000000 1.000000 

tail.002
0.985913 0.155870 0.060660 0.021817 
-0.023368 -0.230755 0.972734 0.281332 
0.165617 -0.960446 -0.223861 2.129986 
0.000000 0.000000 0.000000 1.000000 

tail.003
0.987673 0.148287 0.050134 0.051477 
-0.026355 -0.158179 0.987061 0.237422 
0.154298 -0.976212 -0.152321 1.947228 
0.000000 0.000000 0.000000 1.000000 

tail.004
0.991717 0.123474 0.035380 0.079694 
-0.029570 -0.048576 0.998384 0.207323 
0.124993 -0.991158 -0.044523 1.761469 
0.000000 0.000000 0.000000 1.000000 

tail.005
0.995253 0.096395 0.013398 0.103004 
-0.028461 0.156635 0.987249 0.198153 
0.093067 -0.982941 0.158634 1.574352 
0.000000 0.000000 0.000000 1.000000 

tail.006
0.996956 0.076042 0.017231 0.123641 
-0.026444 0.121857 0.992198 0.231687 
0.073348 -0.989630 0.123497 1.363912 
0.000000 0.000000 0.000000 1.000000 

Frame 29
base
1.000000 0.000000 -0.000000 0.000000 
-0.000000 -0.283265 -0.959042 0.045301 
-0.000000 0.959042 -0.283265 2.423958 
0.000000 0.000000 0.000000 1.000000 

tail
0.999834 0.017825 0.003705 0.000000 
-0.010683 0.409599 0.912206 0.206110 
0.014742 -0.912092 0.409720 2.489302 
0.000000 0.000000 0.000000 1.000000 

tail.001
0.994877 0.096463 0.030246 0.003285 
-0.030254 -0.001386 0.999544 0.281598 
0.096461 -0.995335 0.001540 2.321207 
0.000000 0.000000 0.000000 1.000000 

tail.002
0.985913 0.155870 0.060660 0.021817 
-0.023368 -0.230755 0.972734 0.281332 
0.165617 -0.960446 -0.223861 2.129986 
0.000000 0.000000 0.000000 1.000000 

tail.003
0.987673 0.148287 0.050134 0.051477 
-0.026355 -0.158179 0.987061 0.237422 
0.154298 -0.976212 -0.152321 1.947228 
0.000000 0.000000 0.000000 1.000000 

tail.004
0.991717 0.123474 0.035380 0.079694 
-0.029570 -0.048576 0.998384 0.207323 
0.124993 -0.991158 -0.044523 1.761469 
0.000000 0.000000 0.000000 1.000000 

tail.005
0.995253 0.096395 0.013398 0.103004 
-0.028461 0.156635 0.987249 0.198153 
0.093067 -0.982941 0.158634 1.574352 
0.000000 0.000000 0.000000 1.000000 

tail.006
0.996956 0.076042 0.017231 0.123641 
-0.026444 0.121857 0.992198 0.231687 
0.073348 -0.989630 0.123497 1.363912 
0.000000 0.000000 0.000000 1.000000 

Frame 30
base
1.000000 0.000000 -0.000000 0.000000 
-0.000000 -0.283265 -0.959042 0.045301 
-0.000000 0.959042 -0.283265 2.423958 
0.000000 0.000000 0.000000 1.000000 

tail
0.999834 0.017825 0.003705 0.000000 
-0.010683 0.409599 0.912206 0.206110 
0.014742 -0.912092 0.409720 2.489302 
0.000000 0.000000 0.000000 1.000000 

tail.001
0.994877 0.096463 0.030246 0.003285 
-0.030254 -0.001386 0.999544 0.281598 
0.096461 -0.995335 0.001540 2.321207 
0.000000 0.000000 0.000000 1.000000 

tail.002
0.985913 0.155870 0.060660 0.021817 
-0.023368 -0.230755 0.972734 0.281332 
0.165617 -0.960446 -0.223861 2.129986 
0.000000 0.000000 0.000000 1.000000 

tail.003
0.987673 0.148287 0.050134 0.051477 
-0.026355 -0.158179 0.987061 0.237422 
0.154298 -0.976212 -0.152321 1.947228 
0.000000 0.000000 0.000000 1.000000 

tail.004
0.991717 0.123474 0.035380 0.079694 
-0.029570 -0.048576 0.998384 0.207323 
0.124993 -0.991158 -0.044523 1.761469 
0.000000 0.000000 0.000000 1.000000 

tail.005
0.995253 0.096395 0.013398 0.103004 
-0.028461 0.156635 0.987249 0.198153 
0.093067 -0.982941 0.158634 1.574352 
0.000000 0.000000 0.000000 1.000000 

tail.006
