simple game object export addon
Bones 8
[
base root
1.000000 0.000000 -0.000000 0.000000 
-0.000000 -0.283265 -0.959042 0.045301 
-0.000000 0.959042 -0.283265 2.423958 
0.000000 0.000000 0.000000 1.000000 

tail base
1.000000 -0.000000 0.000000 0.000000 
-0.000000 0.527104 0.849802 0.206110 
-0.000000 -0.849801 0.527104 2.489302 
0.000000 0.000000 0.000000 1.000000 

tail.001 tail
1.000000 -0.000000 0.000000 0.000000 
0.000000 0.521450 0.853284 0.303254 
0.000000 -0.853282 0.521450 2.332687 
0.000000 0.000000 0.000000 1.000000 

tail.002 tail.001
1.000000 0.000000 0.000000 0.000000 
-0.000000 0.558377 0.829589 0.403433 
-0.000000 -0.829588 0.558377 2.168757 
0.000000 0.000000 0.000000 1.000000 

tail.003 tail.002
1.000000 -0.000000 0.000000 0.000000 
0.000000 0.558376 0.829590 0.509684 
0.000000 -0.829588 0.558376 2.010899 
0.000000 0.000000 0.000000 1.000000 

tail.004 tail.003
1.000000 0.000000 0.000000 0.000000 
0.000000 0.536008 0.844214 0.615934 
0.000000 -0.844213 0.536009 1.853040 
0.000000 0.000000 0.000000 1.000000 

tail.005 tail.004
1.000000 0.000000 0.000000 0.000000 
-0.000000 0.579000 0.815329 0.717126 
-0.000000 -0.815327 0.579001 1.693664 
0.000000 0.000000 0.000000 1.000000 

tail.006 tail.005
1.000000 0.000000 0.000000 0.000000 
-0.000000 0.514496 0.857495 0.841085 
-0.000000 -0.857493 0.514496 1.519109 
0.000000 0.000000 0.000000 1.000000 

];
