simple game object export addon
Bones 8
[
Frames 250
Frame 1
base
1.000000 0.000000 -0.000000 0.000000 
-0.000000 -0.283265 -0.959042 0.045301 
-0.000000 0.959042 -0.283265 2.423958 
0.000000 0.000000 0.000000 1.000000 

tail
0.998680 -0.050883 -0.007049 0.000000 
0.020976 0.278689 0.960155 0.206110 
-0.046891 -0.959032 0.279388 2.489302 
0.000000 0.000000 0.000000 1.000000 

tail.001
0.998583 -0.052617 -0.008011 -0.009378 
0.021754 0.266137 0.963692 0.257472 
-0.048575 -0.962498 0.266904 2.312556 
0.000000 0.000000 0.000000 1.000000 

tail.002
0.998639 -0.051580 -0.007685 -0.019486 
0.021588 0.274749 0.961276 0.308601 
-0.047471 -0.960131 0.275489 2.127644 
0.000000 0.000000 0.000000 1.000000 

tail.003
0.890935 -0.450806 0.054857 -0.029301 
0.202523 0.502528 0.840508 0.360882 
-0.406472 -0.737726 0.539018 1.944945 
0.000000 0.000000 0.000000 1.000000 

tail.004
0.943294 -0.330614 0.029844 -0.115083 
0.145265 0.491954 0.858420 0.456505 
-0.298486 -0.805404 0.512083 1.804567 
0.000000 0.000000 0.000000 1.000000 

tail.005
0.985211 0.169744 -0.023382 -0.177498 
-0.037874 0.348819 0.936427 0.549380 
0.167109 -0.921689 0.350089 1.652517 
0.000000 0.000000 0.000000 1.000000 

tail.006
0.821900 0.533819 0.198790 -0.141158 
-0.005675 -0.341291 0.939943 0.624059 
0.569603 -0.773666 -0.277476 1.455191 
0.000000 0.000000 0.000000 1.000000 

Frame 2
base
1.000000 0.000000 -0.000000 0.000000 
-0.000000 -0.283265 -0.959042 0.045301 
-0.000000 0.959042 -0.283265 2.423958 
0.000000 0.000000 0.000000 1.000000 

tail
0.998680 -0.050883 -0.007049 0.000000 
0.020976 0.278689 0.960155 0.206110 
-0.046891 -0.959032 0.279388 2.489302 
0.000000 0.000000 0.000000 1.000000 

tail.001
0.998583 -0.052617 -0.008011 -0.009378 
0.021754 0.266137 0.963692 0.257472 
-0.048575 -0.962498 0.266904 2.312556 
0.000000 0.000000 0.000000 1.000000 

tail.002
0.998639 -0.051580 -0.007685 -0.019486 
0.021588 0.274749 0.961276 0.308601 
-0.047471 -0.960131 0.275489 2.127644 
0.000000 0.000000 0.000000 1.000000 

tail.003
0.890935 -0.450806 0.054857 -0.029301 
0.202523 0.502528 0.840508 0.360882 
-0.406472 -0.737726 0.539018 1.944945 
0.000000 0.000000 0.000000 1.000000 

tail.004
0.943294 -0.330614 0.029844 -0.115083 
0.145265 0.491954 0.858420 0.456505 
-0.298486 -0.805404 0.512083 1.804567 
0.000000 0.000000 0.000000 1.000000 

tail.005
0.985211 0.169744 -0.023382 -0.177498 
-0.037874 0.348819 0.936427 0.549380 
0.167109 -0.921689 0.350089 1.652517 
0.000000 0.000000 0.000000 1.000000 

tail.006
0.821900 0.533819 0.198790 -0.141158 
-0.005675 -0.341291 0.939943 0.624059 
0.569603 -0.773666 -0.277476 1.455191 
0.000000 0.000000 0.000000 1.000000 

Frame 3
base
1.000000 0.000000 -0.000000 0.000000 
-0.000000 -0.283265 -0.959042 0.045301 
-0.000000 0.959042 -0.283265 2.423958 
0.000000 0.000000 0.000000 1.000000 

tail
0.999834 0.017825 0.003705 0.000000 
-0.010683 0.409599 0.912206 0.206110 
0.014742 -0.912092 0.409720 2.489302 
0.000000 0.000000 0.000000 1.000000 

tail.001
0.994877 0.096463 0.030246 0.003285 
-0.030254 -0.001386 0.999544 0.281598 
0.096461 -0.995335 0.001540 2.321207 
0.000000 0.000000 0.000000 1.000000 

tail.002
0.985913 0.155870 0.060660 0.021817 
-0.023368 -0.230755 0.972734 0.281332 
0.165617 -0.960446 -0.223861 2.129986 
0.000000 0.000000 0.000000 1.000000 

tail.003
0.987673 0.148287 0.050134 0.051477 
-0.026355 -0.158179 0.987061 0.237422 
0.154298 -0.976212 -0.152321 1.947228 
0.000000 0.000000 0.000000 1.000000 

tail.004
0.991717 0.123474 0.035380 0.079694 
-0.029570 -0.048576 0.998384 0.207323 
0.124993 -0.991158 -0.044523 1.761469 
0.000000 0.000000 0.000000 1.000000 

tail.005
0.995253 0.096395 0.013398 0.103004 
-0.028461 0.156635 0.987249 0.198153 
0.093067 -0.982941 0.158634 1.574352 
0.000000 0.000000 0.000000 1.000000 

tail.006
0.996956 0.076042 0.017231 0.123641 
-0.026444 0.121857 0.992198 0.231687 
0.073348 -0.989630 0.123497 1.363912 
0.000000 0.000000 0.000000 1.000000 

Frame 4
base
1.000000 0.000000 -0.000000 0.000000 
-0.000000 -0.283265 -0.959042 0.045301 
-0.000000 0.959042 -0.283265 2.423958 
0.000000 0.000000 0.000000 1.000000 

tail
0.999817 0.018716 0.003931 0.000000 
-0.007464 0.192626 0.981246 0.206110 
0.017607 -0.981093 0.192730 2.489302 
0.000000 0.000000 0.000000 1.000000 

tail.001
0.999224 0.036454 0.014891 0.003449 
-0.008152 -0.178467 0.983914 0.241611 
0.038525 -0.983270 -0.178031 2.308490 
0.000000 0.000000 0.000000 1.000000 

tail.002
0.998668 0.046954 0.021396 0.010453 
-0.005146 -0.321960 0.946742 0.207324 
0.051342 -0.945588 -0.321288 2.119587 
0.000000 0.000000 0.000000 1.000000 

tail.003
0.999665 -0.019251 0.017323 0.019387 
-0.023017 -0.353884 0.935008 0.146060 
-0.011869 -0.935091 -0.354207 1.939656 
0.000000 0.000000 0.000000 1.000000 

tail.004
0.993560 0.112816 0.010573 0.015724 
0.016423 -0.235703 0.971689 0.078721 
0.112114 -0.965255 -0.236037 1.761722 
0.000000 0.000000 0.000000 1.000000 

tail.005
0.948987 0.309989 -0.057699 0.037022 
0.040531 0.061545 0.997283 0.034223 
0.312697 -0.948746 0.045841 1.579495 
0.000000 0.000000 0.000000 1.000000 

tail.006
0.892836 0.446625 -0.058057 0.103388 
0.038175 0.053396 0.997846 0.047399 
0.448761 -0.893127 0.030624 1.376376 
0.000000 0.000000 0.000000 1.000000 

Frame 5
base
1.000000 0.000000 -0.000000 0.000000 
-0.000000 -0.283265 -0.959042 0.045301 
-0.000000 0.959042 -0.283265 2.423958 
0.000000 0.000000 0.000000 1.000000 

tail
0.998841 -0.044746 -0.017759 0.000000 
0.008521 -0.198740 0.980018 0.206110 
-0.047381 -0.979030 -0.198127 2.489302 
0.000000 0.000000 0.000000 1.000000 

tail.001
0.998805 -0.045179 -0.018651 -0.008247 
0.008770 -0.209738 0.977721 0.169483 
-0.048084 -0.976713 -0.209090 2.308870 
0.000000 0.000000 0.000000 1.000000 

tail.002
0.998823 -0.044862 -0.018432 -0.016926 
0.009027 -0.201450 0.979459 0.129189 
-0.047653 -0.978471 -0.200807 2.121227 
0.000000 0.000000 0.000000 1.000000 

tail.003
0.996253 -0.083957 -0.020755 -0.025463 
0.007510 -0.155096 0.987873 0.090856 
-0.086158 -0.984325 -0.153884 1.935039 
0.000000 0.000000 0.000000 1.000000 

tail.004
0.995182 0.095729 -0.021184 -0.041438 
0.044133 -0.244451 0.968659 0.061344 
0.087550 -0.964925 -0.247497 1.747737 
0.000000 0.000000 0.000000 1.000000 

tail.005
0.940028 0.340614 -0.018132 -0.023366 
0.114428 -0.264827 0.957485 0.015195 
0.321330 -0.902135 -0.287919 1.565572 
0.000000 0.000000 0.000000 1.000000 

tail.006
0.868533 0.490423 0.071662 0.049557 
0.182473 -0.450834 0.873760 -0.041503 
0.460818 -0.745812 -0.481051 1.372432 
0.000000 0.000000 0.000000 1.000000 

Frame 6
base
1.000000 0.000000 -0.000000 0.000000 
-0.000000 -0.283265 -0.959042 0.045301 
-0.000000 0.959042 -0.283265 2.423958 
0.000000 0.000000 0.000000 1.000000 

tail
0.987649 -0.147018 -0.054181 0.000000 
0.031655 -0.151441 0.987962 0.206110 
-0.153453 -0.977472 -0.144916 2.489302 
0.000000 0.000000 0.000000 1.000000 

tail.001
0.987212 -0.148786 -0.057224 -0.027095 
0.032428 -0.164029 0.985925 0.178200 
-0.156078 -0.975170 -0.157106 2.309158 
0.000000 0.000000 0.000000 1.000000 

tail.002
0.987453 -0.147524 -0.056341 -0.055679 
0.033224 -0.154715 0.987402 0.146687 
-0.154382 -0.976882 -0.147872 2.121811 
0.000000 0.000000 0.000000 1.000000 

tail.003
0.992296 -0.106282 -0.063663 -0.083751 
0.041955 -0.195231 0.979862 0.117247 
-0.116571 -0.974981 -0.189267 1.935925 
0.000000 0.000000 0.000000 1.000000 

tail.004
0.997223 -0.012370 -0.073444 -0.103975 
0.064784 -0.342451 0.937302 0.080098 
-0.036745 -0.939454 -0.340697 1.750400 
0.000000 0.000000 0.000000 1.000000 

tail.005
0.994159 0.079972 -0.072467 -0.106310 
0.098987 -0.408187 0.907518 0.015447 
0.042996 -0.909389 -0.413718 1.573044 
0.000000 0.000000 0.000000 1.000000 

tail.006
0.988039 0.145529 -0.050978 -0.089189 
0.127019 -0.580673 0.804170 -0.071942 
0.087429 -0.801026 -0.592210 1.378351 
0.000000 0.000000 0.000000 1.000000 

Frame 7
base
1.000000 0.000000 -0.000000 0.000000 
-0.000000 -0.283265 -0.959042 0.045301 
-0.000000 0.959042 -0.283265 2.423958 
0.000000 0.000000 0.000000 1.000000 

tail
0.988541 -0.145135 -0.041507 0.000000 
0.041557 -0.002693 0.999135 0.206110 
-0.145121 -0.989408 0.003370 2.489302 
0.000000 0.000000 0.000000 1.000000 

tail.001
0.988051 -0.147587 -0.044416 -0.026748 
0.042535 -0.015876 0.998971 0.205614 
-0.148140 -0.988921 -0.009408 2.306958 
0.000000 0.000000 0.000000 1.000000 

tail.002
0.988344 -0.145898 -0.043479 -0.055102 
0.043015 -0.006339 0.999057 0.202564 
-0.146035 -0.989279 0.000011 2.116969 
0.000000 0.000000 0.000000 1.000000 

tail.003
0.986461 -0.156337 -0.049530 -0.082864 
0.042049 -0.050807 0.997825 0.201358 
-0.158513 -0.986396 -0.043545 1.928724 
0.000000 0.000000 0.000000 1.000000 

tail.004
0.982050 -0.172808 -0.075594 -0.112613 
0.038448 -0.208964 0.977169 0.191690 
-0.184658 -0.962533 -0.198569 1.741028 
0.000000 0.000000 0.000000 1.000000 

tail.005
0.976992 -0.193551 -0.089578 -0.145236 
0.031034 -0.286525 0.957573 0.152240 
-0.211005 -0.938318 -0.273925 1.559314 
0.000000 0.000000 0.000000 1.000000 

tail.006
0.973824 -0.187515 -0.128471 -0.186674 
0.023950 -0.477408 0.878358 0.090898 
-0.226037 -0.858440 -0.460420 1.358428 
0.000000 0.000000 0.000000 1.000000 

Frame 8
base
1.000000 0.000000 -0.000000 0.000000 
-0.000000 -0.283265 -0.959042 0.045301 
-0.000000 0.959042 -0.283265 2.423958 
0.000000 0.000000 0.000000 1.000000 

tail
0.998192 -0.058546 -0.013605 0.000000 
0.019466 0.100748 0.994724 0.206110 
-0.056866 -0.993188 0.101706 2.489302 
0.000000 0.000000 0.000000 1.000000 

tail.001
0.998106 -0.059725 -0.014709 -0.010790 
0.019964 0.088364 0.995890 0.224678 
-0.058180 -0.994296 0.089389 2.306261 
0.000000 0.000000 0.000000 1.000000 

tail.002
0.998159 -0.058927 -0.014352 -0.022264 
0.020049 0.097255 0.995060 0.241654 
-0.057240 -0.993513 0.098258 2.115240 
0.000000 0.000000 0.000000 1.000000 

tail.003
0.999036 -0.042989 -0.008817 -0.033477 
0.014802 0.140977 0.989904 0.260160 
-0.041312 -0.989079 0.141478 1.926189 
0.000000 0.000000 0.000000 1.000000 

tail.004
0.987076 -0.158775 -0.021694 -0.041657 
0.023010 0.006455 0.999717 0.286986 
-0.158590 -0.987293 0.010026 1.737982 
0.000000 0.000000 0.000000 1.000000 

tail.005
0.949052 -0.312733 -0.038698 -0.071632 
0.012946 -0.084004 0.996384 0.288205 
-0.314853 -0.946119 -0.075675 1.551594 
0.000000 0.000000 0.000000 1.000000 

tail.006
0.910654 -0.394077 -0.124142 -0.138585 
-0.013857 -0.329425 0.944083 0.270220 
-0.412936 -0.858011 -0.305451 1.349038 
0.000000 0.000000 0.000000 1.000000 

Frame 9
base
1.000000 0.000000 -0.000000 0.000000 
-0.000000 -0.283265 -0.959042 0.045301 
-0.000000 0.959042 -0.283265 2.423958 
0.000000 0.000000 0.000000 1.000000 

tail
0.999888 0.014684 0.003048 0.000000 
-0.005153 0.145463 0.989353 0.206110 
0.014084 -0.989254 0.145523 2.489302 
0.000000 0.000000 0.000000 1.000000 

tail.001
0.999882 0.014972 0.003303 0.002706 
-0.005287 0.134493 0.990903 0.232919 
0.014392 -0.990801 0.134557 2.306986 
0.000000 0.000000 0.000000 1.000000 

tail.002
0.999886 0.014774 0.003223 0.005583 
-0.005296 0.142513 0.989781 0.258757 
0.014164 -0.989682 0.142576 2.116637 
0.000000 0.000000 0.000000 1.000000 

tail.003
0.995892 0.090395 0.005199 0.008394 
-0.024107 0.209357 0.977544 0.285875 
0.087277 -0.973652 0.210677 1.928315 
0.000000 0.000000 0.000000 1.000000 

tail.004
0.996588 -0.082275 0.006650 0.025595 
0.002732 0.113404 0.993547 0.325713 
-0.082498 -0.990136 0.113242 1.743043 
0.000000 0.000000 0.000000 1.000000 

tail.005
0.939702 -0.341992 0.001266 0.010062 
0.017852 0.052750 0.998450 0.347122 
-0.341528 -0.938221 0.055675 1.556119 
0.000000 0.000000 0.000000 1.000000 

tail.006
0.860531 -0.499498 -0.099938 -0.063155 
-0.003945 -0.202718 0.979232 0.358416 
-0.509382 -0.842263 -0.176415 1.355254 
0.000000 0.000000 0.000000 1.000000 

Frame 10
base
1.000000 0.000000 -0.000000 0.000000 
-0.000000 -0.283265 -0.959042 0.045301 
-0.000000 0.959042 -0.283265 2.423958 
0.000000 0.000000 0.000000 1.000000 

tail
0.999232 0.038464 0.007527 0.000000 
-0.013889 0.167933 0.985703 0.206110 
0.036650 -0.985047 0.168338 2.489302 
0.000000 0.000000 0.000000 1.000000 

tail.001
0.999192 0.039345 0.008236 0.007089 
-0.014279 0.155876 0.987676 0.237060 
0.037576 -0.986992 0.156312 2.307761 
0.000000 0.000000 0.000000 1.000000 

tail.002
0.999217 0.038759 0.007998 0.014648 
-0.014277 0.164550 0.986268 0.267006 
0.036910 -0.985606 0.164974 2.118144 
0.000000 0.000000 0.000000 1.000000 

tail.003
0.990570 0.136800 0.007516 0.022023 
-0.040230 0.237990 0.970437 0.298318 
0.130967 -0.961585 0.241249 1.930597 
0.000000 0.000000 0.000000 1.000000 

tail.004
0.998674 -0.049800 0.013038 0.048054 
-0.005632 0.146055 0.989263 0.343603 
-0.051169 -0.988022 0.145581 1.747622 
0.000000 0.000000 0.000000 1.000000 

tail.005
0.939717 -0.341836 0.009007 0.038652 
0.020372 0.082257 0.996405 0.371177 
-0.341347 -0.936152 0.084262 1.561097 
0.000000 0.000000 0.000000 1.000000 

tail.006
0.847569 -0.521450 -0.098568 -0.034532 
0.000592 -0.184808 0.982777 0.388787 
-0.530684 -0.833028 -0.156329 1.360674 
0.000000 0.000000 0.000000 1.000000 

Frame 11
base
1.000000 0.000000 -0.000000 0.000000 
-0.000000 -0.283265 -0.959042 0.045301 
-0.000000 0.959042 -0.283265 2.423958 
0.000000 0.000000 0.000000 1.000000 

tail
0.999488 0.031433 0.005906 0.000000 
-0.011608 0.184439 0.982778 0.206110 
0.029802 -0.982341 0.184710 2.489302 
0.000000 0.000000 0.000000 1.000000 

tail.001
0.999461 0.032192 0.006488 0.005793 
-0.011946 0.172386 0.984959 0.240102 
0.030589 -0.984503 0.172678 2.308260 
0.000000 0.000000 0.000000 1.000000 

tail.002
0.999478 0.031693 0.006298 0.011978 
-0.011935 0.180985 0.983416 0.273220 
0.030027 -0.982975 0.181269 2.119121 
0.000000 0.000000 0.000000 1.000000 

tail.003
0.991818 0.127553 0.005220 0.018008 
-0.039303 0.266197 0.963120 0.307659 
0.121458 -0.955442 0.269032 1.932075 
0.000000 0.000000 0.000000 1.000000 

tail.004
0.998612 -0.051515 0.010957 0.042280 
-0.002926 0.153443 0.988155 0.358312 
-0.052586 -0.986813 0.153079 1.750269 
0.000000 0.000000 0.000000 1.000000 

tail.005
0.943029 -0.332711 0.000212 0.032554 
0.019218 0.055105 0.998298 0.387280 
-0.332156 -0.941417 0.058360 1.563971 
0.000000 0.000000 0.000000 1.000000 

tail.006
0.857303 -0.501905 -0.114556 -0.038676 
-0.007811 -0.235178 0.971923 0.399078 
-0.514753 -0.832336 -0.205538 1.362422 
0.000000 0.000000 0.000000 1.000000 

Frame 12
base
1.000000 0.000000 -0.000000 0.000000 
-0.000000 -0.283265 -0.959042 0.045301 
-0.000000 0.959042 -0.283265 2.423958 
0.000000 0.000000 0.000000 1.000000 

tail
0.999763 0.021429 0.003857 0.000000 
-0.008058 0.199574 0.979852 0.206110 
0.020228 -0.979648 0.199699 2.489302 
0.000000 0.000000 0.000000 1.000000 

tail.001
0.999750 0.021959 0.004247 0.003949 
-0.008296 0.187741 0.982186 0.242891 
0.020770 -0.981973 0.187876 2.308757 
0.000000 0.000000 0.000000 1.000000 

tail.002
0.999758 0.021611 0.004120 0.008168 
-0.008281 0.196183 0.980535 0.278959 
0.020382 -0.980329 0.196314 2.120103 
0.000000 0.000000 0.000000 1.000000 

tail.003
0.993647 0.112502 0.003014 0.012280 
-0.036023 0.292568 0.955568 0.316290 
0.106621 -0.949603 0.294761 1.933561 
0.000000 0.000000 0.000000 1.000000 

tail.004
0.998417 -0.055664 0.008113 0.033688 
0.000865 0.159388 0.987218 0.371961 
-0.056245 -0.985645 0.159183 1.752866 
0.000000 0.000000 0.000000 1.000000 

tail.005
0.947351 -0.320071 -0.008987 0.023179 
0.018721 0.027350 0.999453 0.402052 
-0.319649 -0.946998 0.031902 1.566789 
0.000000 0.000000 0.000000 1.000000 

tail.006
0.870531 -0.475160 -0.128059 -0.045345 
-0.014170 -0.284317 0.958628 0.407907 
-0.491910 -0.832698 -0.254238 1.364044 
0.000000 0.000000 0.000000 1.000000 

Frame 13
base
1.000000 0.000000 -0.000000 0.000000 
-0.000000 -0.283265 -0.959042 0.045301 
-0.000000 0.959042 -0.283265 2.423958 
0.000000 0.000000 0.000000 1.000000 

tail
0.999963 0.008512 0.001470 0.000000 
-0.003252 0.213250 0.976995 0.206110 
0.008003 -0.976960 0.213270 2.489302 
0.000000 0.000000 0.000000 1.000000 

tail.001
0.999961 0.008724 0.001622 0.001569 
-0.003349 0.201796 0.979424 0.245412 
0.008217 -0.979388 0.201817 2.309252 
0.000000 0.000000 0.000000 1.000000 

tail.002
0.999962 0.008585 0.001573 0.003245 
-0.003340 0.209994 0.977699 0.284180 
0.008063 -0.977665 0.210015 2.121095 
0.000000 0.000000 0.000000 1.000000 

tail.003
0.995798 0.091569 0.001178 0.004878 
-0.030217 0.316404 0.948146 0.324139 
0.086448 -0.944195 0.317841 1.935060 
0.000000 0.000000 0.000000 1.000000 

tail.004
0.998045 -0.062329 0.004527 0.022303 
0.005739 0.163546 0.986522 0.384346 
-0.062229 -0.984565 0.163584 1.755394 
0.000000 0.000000 0.000000 1.000000 

tail.005
0.952559 -0.303798 -0.018406 0.010536 
0.019160 -0.000498 0.999819 0.415221 
-0.303751 -0.952736 0.005347 1.569521 
0.000000 0.000000 0.000000 1.000000 

tail.006
0.886754 -0.441028 -0.138424 -0.054505 
-0.017575 -0.331416 0.943324 0.415114 
-0.461907 -0.834062 -0.301634 1.365548 
0.000000 0.000000 0.000000 1.000000 

Frame 14
base
1.000000 0.000000 -0.000000 0.000000 
-0.000000 -0.283265 -0.959042 0.045301 
-0.000000 0.959042 -0.283265 2.423958 
0.000000 0.000000 0.000000 1.000000 

tail
0.999974 -0.007119 -0.001183 0.000000 
0.002757 0.225387 0.974268 0.206110 
-0.006670 -0.974243 0.225401 2.489302 
0.000000 0.000000 0.000000 1.000000 

tail.001
0.999973 -0.007295 -0.001306 -0.001312 
0.002840 0.214381 0.976748 0.247648 
-0.006846 -0.976722 0.214396 2.309753 
0.000000 0.000000 0.000000 1.000000 

tail.002
0.999973 -0.007179 -0.001267 -0.002714 
0.002831 0.222287 0.974979 0.288835 
-0.006718 -0.974954 0.222302 2.122108 
0.000000 0.000000 0.000000 1.000000 

tail.003
0.997888 0.064949 -0.000119 -0.004080 
-0.021792 0.336544 0.941418 0.331132 
0.061184 -0.939425 0.337249 1.936588 
0.000000 0.000000 0.000000 1.000000 

tail.004
0.997451 -0.071346 0.000205 0.008279 
0.011626 0.165362 0.986167 0.395172 
-0.070392 -0.983648 0.165770 1.757830 
0.000000 0.000000 0.000000 1.000000 

tail.005
0.958456 -0.283888 -0.027748 -0.005190 
0.020712 -0.027758 0.999402 0.426390 
-0.284488 -0.958455 -0.020724 1.572130 
0.000000 0.000000 0.000000 1.000000 

tail.006
0.905092 -0.399794 -0.144818 -0.065968 
-0.017326 -0.374968 0.926878 0.420447 
-0.424862 -0.836400 -0.346305 1.366933 
0.000000 0.000000 0.000000 1.000000 

Frame 15
base
1.000000 0.000000 -0.000000 0.000000 
-0.000000 -0.283265 -0.959042 0.045301 
-0.000000 0.959042 -0.283265 2.423958 
0.000000 0.000000 0.000000 1.000000 

tail
0.999678 -0.025070 -0.004021 0.000000 
0.009831 0.236182 0.971661 0.206110 
-0.023410 -0.971385 0.236353 2.489302 
0.000000 0.000000 0.000000 1.000000 

tail.001
0.999659 -0.025720 -0.004458 -0.004620 
0.010134 0.225017 0.974304 0.249638 
-0.024056 -0.974015 0.225201 2.310279 
0.000000 0.000000 0.000000 1.000000 

tail.002
0.999671 -0.025297 -0.004316 -0.009561 
0.010094 0.232998 0.972427 0.292867 
-0.023594 -0.972148 0.233176 2.123155 
0.000000 0.000000 0.000000 1.000000 

tail.003
0.999430 0.033763 -0.000922 -0.014375 
-0.011029 0.352050 0.935919 0.337203 
0.031924 -0.935372 0.352221 1.938170 
0.000000 0.000000 0.000000 1.000000 

tail.004
0.996598 -0.082269 -0.004893 -0.007951 
0.018395 0.164172 0.986262 0.404193 
-0.080336 -0.982994 0.165127 1.760182 
0.000000 0.000000 0.000000 1.000000 

tail.005
0.964689 -0.260806 -0.036818 -0.023482 
0.023609 -0.053600 0.998286 0.435187 
-0.262332 -0.963902 -0.045549 1.574606 
0.000000 0.000000 0.000000 1.000000 

tail.006
0.924217 -0.352445 -0.146988 -0.079318 
-0.012855 -0.413418 0.910453 0.423711 
-0.381651 -0.839565 -0.386617 1.368243 
0.000000 0.000000 0.000000 1.000000 

Frame 16
base
1.000000 0.000000 -0.000000 0.000000 
-0.000000 -0.283265 -0.959042 0.045301 
-0.000000 0.959042 -0.283265 2.423958 
0.000000 0.000000 0.000000 1.000000 

tail
0.998976 -0.044699 -0.006935 0.000000 
0.017721 0.245670 0.969194 0.206110 
-0.041618 -0.968322 0.246211 2.489302 
0.000000 0.000000 0.000000 1.000000 

tail.001
0.998911 -0.046004 -0.007762 -0.008238 
0.018307 0.233487 0.972190 0.251387 
-0.042912 -0.971271 0.234075 2.310844 
0.000000 0.000000 0.000000 1.000000 

tail.002
0.998951 -0.045184 -0.007479 -0.017076 
0.018212 0.242060 0.970093 0.296243 
-0.042022 -0.969208 0.242629 2.124246 
0.000000 0.000000 0.000000 1.000000 

tail.003
0.999999 -0.000367 -0.001447 -0.025674 
0.001482 0.362059 0.932156 0.342304 
0.000182 -0.932155 0.362059 1.939821 
0.000000 0.000000 0.000000 1.000000 

tail.004
0.995498 -0.094167 -0.010747 -0.025743 
0.025748 0.159571 0.986853 0.411198 
-0.091214 -0.982684 0.161277 1.762445 
0.000000 0.000000 0.000000 1.000000 

tail.005
0.970877 -0.235242 -0.045369 -0.043521 
0.027865 -0.077208 0.996628 0.441323 
-0.237951 -0.968865 -0.068404 1.576927 
0.000000 0.000000 0.000000 1.000000 

tail.006
0.942570 -0.300856 -0.145074 -0.093884 
-0.004299 -0.445237 0.895405 0.424793 
-0.333980 -0.843356 -0.420959 1.369501 
0.000000 0.000000 0.000000 1.000000 

Frame 17
base
1.000000 0.000000 -0.000000 0.000000 
-0.000000 -0.283265 -0.959042 0.045301 
-0.000000 0.959042 -0.283265 2.423958 
0.000000 0.000000 0.000000 1.000000 

tail
0.997821 -0.065248 -0.009839 0.000000 
0.026102 0.253345 0.967026 0.206110 
-0.060603 -0.965173 0.254496 2.489302 
0.000000 0.000000 0.000000 1.000000 

tail.001
0.997669 -0.067337 -0.011103 -0.012025 
0.027019 0.240316 0.970321 0.252801 
-0.062670 -0.968356 0.241575 2.311424 
0.000000 0.000000 0.000000 1.000000 

tail.002
0.997759 -0.066064 -0.010657 -0.024962 
0.026850 0.249362 0.968040 0.298970 
-0.061295 -0.966154 0.250577 2.125387 
0.000000 0.000000 0.000000 1.000000 

tail.003
0.999376 -0.035266 -0.002059 -0.037533 
0.014840 0.366216 0.930414 0.346420 
-0.032058 -0.929861 0.366511 1.941542 
0.000000 0.000000 0.000000 1.000000 

tail.004
0.994241 -0.105767 -0.017241 -0.044243 
0.033266 0.151682 0.987872 0.416105 
-0.101869 -0.982754 0.154328 1.764603 
0.000000 0.000000 0.000000 1.000000 

tail.005
0.976643 -0.208186 -0.053166 -0.064210 
0.033281 -0.097881 0.994644 0.444741 
-0.212274 -0.973179 -0.088666 1.579072 
0.000000 0.000000 0.000000 1.000000 

tail.006
0.958713 -0.247628 -0.139820 -0.108781 
0.007482 -0.469540 0.882882 0.423785 
-0.284277 -0.847475 -0.448300 1.370723 
0.000000 0.000000 0.000000 1.000000 

Frame 18
base
1.000000 0.000000 -0.000000 0.000000 
-0.000000 -0.283265 -0.959042 0.045301 
-0.000000 0.959042 -0.283265 2.423958 
0.000000 0.000000 0.000000 1.000000 

tail
0.996225 -0.085874 -0.012698 0.000000 
0.034634 0.259060 0.965242 0.206110 
-0.079599 -0.962036 0.261056 2.489302 
0.000000 0.000000 0.000000 1.000000 

tail.001
0.995951 -0.088737 -0.014378 -0.015826 
0.035885 0.245800 0.968659 0.253854 
-0.082421 -0.965250 0.247989 2.312002 
0.000000 0.000000 0.000000 1.000000 

tail.002
0.996111 -0.087018 -0.013788 -0.032874 
0.035644 0.254916 0.966308 0.301076 
-0.080571 -0.963039 0.257026 2.126562 
0.000000 0.000000 0.000000 1.000000 

tail.003
0.997635 -0.068660 -0.003164 -0.049432 
0.028069 0.364953 0.930605 0.349583 
-0.062741 -0.928490 0.366017 1.943310 
0.000000 0.000000 0.000000 1.000000 

tail.004
0.992973 -0.115845 -0.024180 -0.062497 
0.040563 0.141221 0.989149 0.419028 
-0.111173 -0.983176 0.144927 1.766632 
0.000000 0.000000 0.000000 1.000000 

tail.005
0.981689 -0.180770 -0.060075 -0.084367 
0.039528 -0.115196 0.992558 0.445689 
-0.186345 -0.976756 -0.105940 1.581021 
0.000000 0.000000 0.000000 1.000000 

tail.006
0.971730 -0.195466 -0.132418 -0.123069 
0.021194 -0.486385 0.873490 0.421027 
-0.235143 -0.851601 -0.468490 1.371906 
0.000000 0.000000 0.000000 1.000000 

Frame 19
base
1.000000 0.000000 -0.000000 0.000000 
-0.000000 -0.283265 -0.959042 0.045301 
-0.000000 0.959042 -0.283265 2.423958 
0.000000 0.000000 0.000000 1.000000 

tail
0.994296 -0.105543 -0.015395 0.000000 
0.042885 0.263438 0.963725 0.206110 
-0.097659 -0.958885 0.266461 2.489302 
0.000000 0.000000 0.000000 1.000000 

tail.001
0.993854 -0.109308 -0.017518 -0.019451 
0.044500 0.249574 0.967335 0.254661 
-0.101365 -0.962166 0.252904 2.312583 
0.000000 0.000000 0.000000 1.000000 

tail.002
0.994106 -0.107104 -0.016773 -0.040451 
0.044176 0.258918 0.964891 0.302608 
-0.099001 -0.959942 0.262123 2.127735 
0.000000 0.000000 0.000000 1.000000 

tail.003
0.995117 -0.098582 -0.004917 -0.060832 
0.040266 0.359963 0.932100 0.351876 
-0.090118 -0.927743 0.362174 1.945072 
0.000000 0.000000 0.000000 1.000000 

tail.004
0.991847 -0.123550 -0.031241 -0.079590 
0.047297 0.129237 0.990488 0.420372 
-0.118337 -0.983886 0.134026 1.768536 
0.000000 0.000000 0.000000 1.000000 

tail.005
0.985848 -0.154093 -0.066029 -0.102915 
0.046160 -0.129132 0.990555 0.444770 
-0.161164 -0.979581 -0.120190 1.582791 
0.000000 0.000000 0.000000 1.000000 

tail.006
0.981379 -0.146577 -0.124142 -0.135905 
0.035448 -0.496992 0.867034 0.417124 
-0.188784 -0.855287 -0.482539 1.373071 
0.000000 0.000000 0.000000 1.000000 

Frame 20
base
1.000000 0.000000 -0.000000 0.000000 
-0.000000 -0.283265 -0.959042 0.045301 
-0.000000 0.959042 -0.283265 2.423958 
0.000000 0.000000 0.000000 1.000000 

tail
0.992176 -0.123571 -0.017795 0.000000 
0.050414 0.266168 0.962610 0.206110 
-0.114214 -0.955973 0.270315 2.489302 
0.000000 0.000000 0.000000 1.000000 

tail.001
0.991566 -0.128007 -0.020271 -0.022774 
0.052325 0.252307 0.966234 0.255164 
-0.118570 -0.959143 0.256877 2.313120 
0.000000 0.000000 0.000000 1.000000 

tail.002
0.991914 -0.125418 -0.019404 -0.047366 
0.051935 0.261636 0.963770 0.303637 
-0.115797 -0.956983 0.266034 2.128852 
0.000000 0.000000 0.000000 1.000000 

tail.003
0.992269 -0.123899 -0.007121 -0.071231 
0.050763 0.352841 0.934308 0.353422 
-0.113247 -0.927444 0.356402 1.946753 
0.000000 0.000000 0.000000 1.000000 

tail.004
0.990993 -0.128463 -0.037814 -0.094807 
0.053081 0.117587 0.991645 0.420562 
-0.122943 -0.984718 0.123347 1.770274 
0.000000 0.000000 0.000000 1.000000 

tail.005
0.989127 -0.128900 -0.070799 -0.119059 
0.052536 -0.139944 0.988767 0.442761 
-0.137360 -0.981733 -0.131649 1.584372 
0.000000 0.000000 0.000000 1.000000 

tail.006
0.987987 -0.102429 -0.115712 -0.146656 
0.048873 -0.503240 0.862766 0.412800 
-0.146602 -0.858055 -0.492187 1.374192 
0.000000 0.000000 0.000000 1.000000 

Frame 21
base
1.000000 0.000000 -0.000000 0.000000 
-0.000000 -0.283265 -0.959042 0.045301 
-0.000000 0.959042 -0.283265 2.423958 
0.000000 0.000000 0.000000 1.000000 

tail
0.990066 -0.139195 -0.019871 0.000000 
0.056949 0.267767 0.961802 0.206110 
-0.128557 -0.953376 0.273034 2.489302 
0.000000 0.000000 0.000000 1.000000 

tail.001
0.989297 -0.144151 -0.022628 -0.025653 
0.059100 0.254056 0.965384 0.255459 
-0.133412 -0.956387 0.259856 2.313598 
0.000000 0.000000 0.000000 1.000000 

tail.002
0.989737 -0.141249 -0.021669 -0.053347 
0.058658 0.263295 0.962932 0.304267 
-0.130308 -0.954318 0.268878 2.129860 
0.000000 0.000000 0.000000 1.000000 

tail.003
0.989499 -0.144227 -0.009461 -0.080225 
0.059369 0.345881 0.936400 0.354368 
-0.131782 -0.927127 0.350812 1.948268 
0.000000 0.000000 0.000000 1.000000 

tail.004
0.990456 -0.130764 -0.043547 -0.107669 
0.057832 0.107514 0.992522 0.420185 
-0.125104 -0.985566 0.114051 1.771849 
0.000000 0.000000 0.000000 1.000000 

tail.005
0.991614 -0.105653 -0.074424 -0.132356 
0.058290 -0.148332 0.987220 0.440482 
-0.115342 -0.983278 -0.140928 1.585788 
0.000000 0.000000 0.000000 1.000000 

tail.006
0.992167 -0.063472 -0.107584 -0.154975 
0.060795 -0.507011 0.859796 0.408725 
-0.109119 -0.859600 -0.499179 1.375276 
0.000000 0.000000 0.000000 1.000000 

Frame 22
base
1.000000 0.000000 -0.000000 0.000000 
-0.000000 -0.283265 -0.959042 0.045301 
-0.000000 0.959042 -0.283265 2.423958 
0.000000 0.000000 0.000000 1.000000 

tail
0.988194 -0.151695 -0.021497 0.000000 
0.062205 0.269018 0.961127 0.206110 
-0.140014 -0.951114 0.275278 2.489302 
0.000000 0.000000 0.000000 1.000000 

tail.001
0.987228 -0.157403 -0.024607 -0.027957 
0.064641 0.254584 0.964890 0.255689 
-0.145611 -0.954154 0.261507 2.314015 
0.000000 0.000000 0.000000 1.000000 

tail.002
0.987770 -0.154133 -0.023506 -0.058197 
0.064126 0.264195 0.962337 0.304599 
-0.142117 -0.952073 0.270848 2.130706 
0.000000 0.000000 0.000000 1.000000 

tail.003
0.987049 -0.160007 -0.011476 -0.087526 
0.066145 0.340770 0.937819 0.354872 
-0.146146 -0.926430 0.346940 1.949541 
0.000000 0.000000 0.000000 1.000000 

tail.004
0.990211 -0.131038 -0.048080 -0.117973 
0.061485 0.100249 0.993063 0.419715 
-0.125309 -0.986295 0.107325 1.773255 
0.000000 0.000000 0.000000 1.000000 

tail.005
0.993461 -0.084422 -0.076864 -0.142711 
0.063108 -0.154987 0.985901 0.438641 
-0.095145 -0.984303 -0.148645 1.587055 
0.000000 0.000000 0.000000 1.000000 

tail.006
0.994584 -0.029319 -0.099717 -0.160785 
0.070914 -0.510001 0.857248 0.405459 
-0.075989 -0.859675 -0.505158 1.376324 
0.000000 0.000000 0.000000 1.000000 

Frame 23
base
1.000000 0.000000 -0.000000 0.000000 
-0.000000 -0.283265 -0.959042 0.045301 
-0.000000 0.959042 -0.283265 2.423958 
0.000000 0.000000 0.000000 1.000000 

tail
0.986662 -0.161179 -0.022773 0.000000 
0.066165 0.269280 0.960789 0.206110 
-0.148727 -0.949478 0.276353 2.489302 
0.000000 0.000000 0.000000 1.000000 

tail.001
0.985587 -0.167153 -0.026034 -0.029705 
0.068731 0.255044 0.964486 0.255738 
-0.154577 -0.952372 0.262856 2.314317 
0.000000 0.000000 0.000000 1.000000 

tail.002
0.986195 -0.163710 -0.024886 -0.061818 
0.068190 0.264547 0.961961 0.304736 
-0.150899 -0.950375 0.272058 2.131350 
0.000000 0.000000 0.000000 1.000000 

tail.003
0.985050 -0.171794 -0.012786 -0.092969 
0.071237 0.338643 0.938217 0.355075 
-0.156849 -0.925099 0.345818 1.950508 
0.000000 0.000000 0.000000 1.000000 

tail.004
0.990213 -0.129833 -0.051211 -0.125659 
0.064000 0.096329 0.993292 0.419514 
-0.124028 -0.986845 0.103696 1.774475 
0.000000 0.000000 0.000000 1.000000 

tail.005
0.994818 -0.065196 -0.078019 -0.150170 
0.066757 -0.159946 0.984868 0.437700 
-0.076689 -0.984970 -0.154764 1.588172 
0.000000 0.000000 0.000000 1.000000 

tail.006
0.995770 0.000574 -0.091882 -0.164128 
0.079122 -0.513762 0.854280 0.403457 
-0.046715 -0.857934 -0.511632 1.377298 
0.000000 0.000000 0.000000 1.000000 

Frame 24
base
1.000000 0.000000 -0.000000 0.000000 
-0.000000 -0.283265 -0.959042 0.045301 
-0.000000 0.959042 -0.283265 2.423958 
0.000000 0.000000 0.000000 1.000000 

tail
0.985619 -0.167323 -0.023611 0.000000 
0.068723 0.269262 0.960614 0.206110 
-0.154375 -0.948420 0.276889 2.489302 
0.000000 0.000000 0.000000 1.000000 

tail.001
0.984473 -0.173454 -0.026964 -0.030837 
0.071368 0.255165 0.964262 0.255734 
-0.160375 -0.951212 0.263582 2.314512 
0.000000 0.000000 0.000000 1.000000 

tail.002
0.985123 -0.169904 -0.025789 -0.064161 
0.070812 0.264593 0.961759 0.304756 
-0.156583 -0.949275 0.272687 2.131768 
0.000000 0.000000 0.000000 1.000000 

tail.003
0.983527 -0.180285 -0.013127 -0.096491 
0.074865 0.340161 0.937385 0.355104 
-0.164531 -0.922923 0.348054 1.951135 
0.000000 0.000000 0.000000 1.000000 

tail.004
0.990406 -0.127684 -0.052852 -0.130796 
0.065393 0.096113 0.993222 0.419832 
-0.121738 -0.987147 0.103540 1.775516 
0.000000 0.000000 0.000000 1.000000 

tail.005
0.995814 -0.047816 -0.077895 -0.154901 
0.069124 -0.163593 0.984105 0.437977 
-0.059799 -0.985368 -0.159603 1.589156 
0.000000 0.000000 0.000000 1.000000 

tail.006
0.996124 0.026848 -0.083760 -0.165138 
0.085500 -0.519114 0.850420 0.402953 
-0.020649 -0.854284 -0.519396 1.378197 
0.000000 0.000000 0.000000 1.000000 

Frame 25
base
1.000000 0.000000 -0.000000 0.000000 
-0.000000 -0.283265 -0.959042 0.045301 
-0.000000 0.959042 -0.283265 2.423958 
0.000000 0.000000 0.000000 1.000000 

tail
0.985128 -0.170135 -0.024003 0.000000 
0.069887 0.269148 0.960562 0.206110 
-0.156964 -0.947952 0.277035 2.489302 
0.000000 0.000000 0.000000 1.000000 

tail.001
0.983949 -0.176335 -0.027397 -0.031355 
0.072566 0.255112 0.964187 0.255713 
-0.163030 -0.950696 0.263813 2.314598 
0.000000 0.000000 0.000000 1.000000 

tail.002
0.984619 -0.172738 -0.026210 -0.065232 
0.072004 0.264506 0.961694 0.304725 
-0.159188 -0.948787 0.272875 2.131953 
0.000000 0.000000 0.000000 1.000000 

tail.003
0.982473 -0.185994 -0.012414 -0.098102 
0.077215 0.345443 0.935260 0.355056 
-0.169664 -0.919823 0.353749 1.951413 
0.000000 0.000000 0.000000 1.000000 

tail.004
0.990740 -0.124996 -0.053011 -0.133494 
0.065711 0.099771 0.992840 0.420789 
-0.118812 -0.987127 0.107061 1.776384 
0.000000 0.000000 0.000000 1.000000 

tail.005
0.996549 -0.032152 -0.076532 -0.157091 
0.070175 -0.166199 0.983594 0.439624 
-0.044344 -0.985568 -0.163368 1.590028 
0.000000 0.000000 0.000000 1.000000 

tail.006
0.995921 0.050004 -0.075111 -0.163975 
0.090192 -0.526467 0.845401 0.404042 
0.002730 -0.848725 -0.528827 1.379026 
0.000000 0.000000 0.000000 1.000000 

Frame 26
base
1.000000 0.000000 -0.000000 0.000000 
-0.000000 -0.283265 -0.959042 0.045301 
-0.000000 0.959042 -0.283265 2.423958 
0.000000 0.000000 0.000000 1.000000 

tail
0.984941 -0.171196 -0.024150 0.000000 
0.070326 0.269106 0.960542 0.206110 
-0.157941 -0.947773 0.277093 2.489302 
0.000000 0.000000 0.000000 1.000000 

tail.001
0.983749 -0.177421 -0.027560 -0.031551 
0.073018 0.255096 0.964157 0.255706 
-0.164031 -0.950499 0.263905 2.314631 
0.000000 0.000000 0.000000 1.000000 

tail.002
0.984427 -0.173806 -0.026369 -0.065636 
0.072454 0.264476 0.961669 0.304714 
-0.160170 -0.948601 0.272950 2.132024 
0.000000 0.000000 0.000000 1.000000 

tail.003
0.981458 -0.191376 -0.010760 -0.098709 
0.079336 0.354487 0.931692 0.355040 
-0.174489 -0.915267 0.363096 1.951519 
0.000000 0.000000 0.000000 1.000000 

tail.004
0.991168 -0.121974 -0.052048 -0.135125 
0.065398 0.108132 0.991985 0.422493 
-0.115368 -0.986625 0.115155 1.777358 
0.000000 0.000000 0.000000 1.000000 

tail.005
0.997157 -0.015070 -0.073835 -0.158152 
0.070331 -0.165733 0.983662 0.442907 
-0.027061 -0.986055 -0.164201 1.591096 
0.000000 0.000000 0.000000 1.000000 

tail.006
0.995114 0.075056 -0.064145 -0.161379 
0.094409 -0.533218 0.840696 0.407425 
0.028896 -0.842642 -0.537697 1.379990 
0.000000 0.000000 0.000000 1.000000 

Frame 27
base
1.000000 0.000000 -0.000000 0.000000 
-0.000000 -0.283265 -0.959042 0.045301 
-0.000000 0.959042 -0.283265 2.423958 
0.000000 0.000000 0.000000 1.000000 

tail
0.984802 -0.171983 -0.024212 0.000000 
0.070633 0.269239 0.960482 0.206110 
-0.158667 -0.947593 0.277294 2.489302 
0.000000 0.000000 0.000000 1.000000 

tail.001
0.983593 -0.178270 -0.027662 -0.031696 
0.073355 0.255124 0.964124 0.255730 
-0.164816 -0.950332 0.264015 2.314664 
0.000000 0.000000 0.000000 1.000000 

tail.002
0.984279 -0.174627 -0.026450 -0.065945 
0.072783 0.264587 0.961614 0.304744 
-0.160924 -0.948419 0.273137 2.132089 
0.000000 0.000000 0.000000 1.000000 

tail.003
0.979960 -0.199022 -0.008291 -0.099173 
0.082318 0.366716 0.926686 0.355091 
-0.181390 -0.908795 0.375750 1.951619 
0.000000 0.000000 0.000000 1.000000 

tail.004
0.991629 -0.118904 -0.050327 -0.137044 
0.064868 0.121773 0.990438 0.424871 
-0.111638 -0.985410 0.128467 1.778689 
0.000000 0.000000 0.000000 1.000000 

tail.005
0.997548 0.006644 -0.069662 -0.159492 
0.069828 -0.159671 0.984700 0.447860 
-0.004580 -0.987147 -0.159742 1.592657 
0.000000 0.000000 0.000000 1.000000 

tail.006
0.993040 0.107132 -0.048922 -0.158069 
0.099122 -0.535913 0.838437 0.413676 
0.063606 -0.837449 -0.542800 1.381317 
0.000000 0.000000 0.000000 1.000000 

Frame 28
base
1.000000 0.000000 -0.000000 0.000000 
-0.000000 -0.283265 -0.959042 0.045301 
-0.000000 0.959042 -0.283265 2.423958 
0.000000 0.000000 0.000000 1.000000 

tail
0.984696 -0.172608 -0.024088 0.000000 
0.070692 0.269250 0.960475 0.206110 
-0.159300 -0.947476 0.277331 2.489302 
0.000000 0.000000 0.000000 1.000000 

tail.001
0.983511 -0.178736 -0.027553 -0.031811 
0.073406 0.255304 0.964072 0.255732 
-0.165280 -0.950196 0.264215 2.314686 
0.000000 0.000000 0.000000 1.000000 

tail.002
0.984192 -0.175140 -0.026315 -0.066149 
0.072839 0.264842 0.961539 0.304780 
-0.161434 -0.948253 0.273412 2.132137 
0.000000 0.000000 0.000000 1.000000 

tail.003
0.977794 -0.209511 -0.004996 -0.099476 
0.086313 0.380873 0.920592 0.355176 
-0.190971 -0.900578 0.390498 1.951699 
0.000000 0.000000 0.000000 1.000000 

tail.004
0.992071 -0.116199 -0.047882 -0.139343 
0.064072 0.139864 0.988098 0.427650 
-0.108118 -0.983329 0.146200 1.780332 
0.000000 0.000000 0.000000 1.000000 

tail.005
0.997401 0.033124 -0.063992 -0.161280 
0.068204 -0.147463 0.986715 0.454054 
0.023247 -0.988513 -0.149338 1.594692 
0.000000 0.000000 0.000000 1.000000 

tail.006
0.988773 0.146558 -0.029147 -0.154188 
0.103777 -0.533162 0.839627 0.422484 
0.107514 -0.833223 -0.542384 1.383060 
0.000000 0.000000 0.000000 1.000000 

Frame 29
base
1.000000 0.000000 -0.000000 0.000000 
-0.000000 -0.283265 -0.959042 0.045301 
-0.000000 0.959042 -0.283265 2.423958 
0.000000 0.000000 0.000000 1.000000 

tail
0.984658 -0.172821 -0.024105 0.000000 
0.070791 0.269376 0.960432 0.206110 
-0.159489 -0.947401 0.277477 2.489302 
0.000000 0.000000 0.000000 1.000000 

tail.001
0.983471 -0.178953 -0.027572 -0.031850 
0.073508 0.255444 0.964028 0.255755 
-0.165472 -0.950118 0.264376 2.314699 
0.000000 0.000000 0.000000 1.000000 

tail.002
0.984153 -0.175353 -0.026334 -0.066230 
0.072940 0.264974 0.961495 0.304830 
-0.161623 -0.948177 0.273565 2.132166 
0.000000 0.000000 0.000000 1.000000 

tail.003
0.974741 -0.223334 -0.001516 -0.099597 
0.091863 0.394729 0.914196 0.355251 
-0.203572 -0.891241 0.405274 1.951742 
0.000000 0.000000 0.000000 1.000000 

tail.004
0.992395 -0.114467 -0.045276 -0.142094 
0.063531 0.161240 0.984870 0.430362 
-0.105434 -0.980254 0.167286 1.782152 
0.000000 0.000000 0.000000 1.000000 

tail.005
0.996279 0.064173 -0.057530 -0.163704 
0.065423 -0.128565 0.989543 0.460802 
0.056105 -0.989622 -0.132285 1.597093 
0.000000 0.000000 0.000000 1.000000 

tail.006
0.981072 0.193561 -0.005542 -0.149965 
0.107991 -0.523154 0.845371 0.433277 
0.160731 -0.829967 -0.534153 1.385223 
0.000000 0.000000 0.000000 1.000000 

Frame 30
base
1.000000 0.000000 -0.000000 0.000000 
-0.000000 -0.283265 -0.959042 0.045301 
-0.000000 0.959042 -0.283265 2.423958 
0.000000 0.000000 0.000000 1.000000 

tail
0.984683 -0.172686 -0.024085 0.000000 
0.070736 0.269393 0.960431 0.206110 
-0.159364 -0.947421 0.277482 2.489302 
0.000000 0.000000 0.000000 1.000000 

tail.001
0.983497 -0.178814 -0.027551 -0.031825 
0.073452 0.255460 0.964028 0.255759 
-0.165343 -0.950140 0.264378 2.314696 
0.000000 0.000000 0.000000 1.000000 

tail.002
0.984178 -0.175216 -0.026314 -0.066178 
0.072884 0.264991 0.961495 0.304837 
-0.161496 -0.948197 0.273569 2.132158 
0.000000 0.000000 0.000000 1.000000 

tail.003
0.970575 -0.240789 0.002072 -0.099519 
0.098928 0.406579 0.908246 0.355261 
-0.219537 -0.881314 0.418436 1.951730 
0.000000 0.000000 0.000000 1.000000 

tail.004
0.992558 -0.114091 -0.042558 -0.145338 
0.063227 0.184176 0.980860 0.432627 
-0.104069 -0.976249 0.190018 1.784029 
0.000000 0.000000 0.000000 1.000000 

tail.005
0.993768 0.099339 -0.050563 -0.166877 
0.060795 -0.102834 0.992842 0.467397 
0.093428 -0.989725 -0.108232 1.599726 
0.000000 0.000000 0.000000 1.000000 

tail.006
0.968634 0.247594 0.021098 -0.145609 
0.110297 -0.504477 0.856355 0.445381 
0.222671 -0.827165 -0.515960 1.387834 
0.000000 0.000000 0.000000 1.000000 

Frame 31
base
1.000000 0.000000 -0.000000 0.000000 
-0.000000 -0.283265 -0.959042 0.045301 
-0.000000 0.959042 -0.283265 2.423958 
0.000000 0.000000 0.000000 1.000000 

tail
0.984773 -0.172175 -0.024038 0.000000 
0.070509 0.269185 0.960506 0.206110 
-0.158904 -0.947573 0.277226 2.489302 
0.000000 0.000000 0.000000 1.000000 

tail.001
0.983593 -0.178293 -0.027498 -0.031731 
0.073217 0.255227 0.964107 0.255720 
-0.164875 -0.950300 0.264093 2.314668 
0.000000 0.000000 0.000000 1.000000 

tail.002
0.984271 -0.174703 -0.026261 -0.065984 
0.072651 0.264773 0.961573 0.304753 
-0.161036 -0.948353 0.273300 2.132099 
0.000000 0.000000 0.000000 1.000000 

tail.003
0.965265 -0.261224 0.005168 -0.099228 
0.107162 0.413867 0.904010 0.355136 
-0.238287 -0.872053 0.427483 1.951642 
0.000000 0.000000 0.000000 1.000000 
