simple game object export addon
Bones 60
[
Base root
1.000000 0.000000 0.000000 0.000000 
0.000000 0.000000 -1.000000 0.000000 
0.000000 1.000000 0.000000 0.000000 
0.000000 0.000000 0.000000 1.000000 

Ass Base
1.000000 -0.000000 0.000000 0.000000 
0.000000 0.083750 -0.996487 0.000000 
0.000000 0.996487 0.083750 1.345027 
0.000000 0.000000 0.000000 1.000000 

Back Ass
1.000000 0.000000 -0.000000 -0.000000 
-0.000000 0.681522 -0.731797 0.046112 
0.000000 0.731797 0.681522 1.893685 
0.000000 0.000000 0.000000 1.000000 

Back.001 Back
1.000000 -0.000000 -0.000000 0.000000 
-0.000000 0.084650 -0.996411 0.171260 
0.000000 0.996411 0.084651 2.028065 
0.000000 0.000000 0.000000 1.000000 

Torso Back.001
-1.000000 0.000000 -0.000000 -0.000000 
-0.000000 -0.385473 0.922719 0.186723 
-0.000000 0.922719 0.385473 2.210076 
0.000000 0.000000 0.000000 1.000000 

Torso.001 Torso
-1.000000 -0.000000 -0.000000 0.000000 
-0.000000 -0.206304 0.978488 0.093963 
-0.000000 0.978488 0.206304 2.432120 
0.000000 0.000000 0.000000 1.000000 

Neck Torso.001
1.000000 -0.000000 -0.000000 0.000000 
-0.000000 0.246154 -0.969231 0.038427 
0.000000 0.969231 0.246154 2.695523 
0.000000 0.000000 0.000000 1.000000 

Head Neck
1.000000 0.000000 -0.000000 0.000000 
-0.000000 0.151183 -0.988506 0.079415 
0.000000 0.988506 0.151183 2.856915 
0.000000 0.000000 0.000000 1.000000 

Shoulder_L Torso.001
-0.165031 0.870776 0.463156 0.000000 
-0.983222 -0.182249 -0.007696 0.038427 
0.077708 -0.456655 0.886243 2.695523 
0.000000 0.000000 0.000000 1.000000 

Shoulder_L.001 Shoulder_L
0.003393 0.285285 0.958437 0.190913 
-0.997176 -0.070946 0.024647 -0.001530 
0.075029 -0.955813 0.284238 2.595404 
0.000000 0.000000 0.000000 1.000000 

Arm_L Shoulder_L.001
0.023752 0.187876 0.981906 0.209622 
-0.999489 -0.016540 0.027342 -0.006183 
0.021378 -0.982053 0.187387 2.532720 
0.000000 0.000000 0.000000 1.000000 

Palm_L Arm_L
0.013438 0.239722 0.970749 0.269083 
-0.982909 0.181427 -0.031197 -0.011418 
-0.183599 -0.953738 0.238063 2.221908 
0.000000 0.000000 0.000000 1.000000 

Palm_L.001 Palm_L
0.990173 0.139796 0.003832 0.357359 
-0.033181 0.208223 0.977518 0.055391 
0.135855 -0.968039 0.210815 1.870704 
0.000000 0.000000 0.000000 1.000000 

Palm_L.002 Palm_L.001
0.026045 0.108265 0.993781 0.373139 
-0.962191 0.272338 -0.004452 0.078895 
-0.271126 -0.956091 0.111264 1.761430 
0.000000 0.000000 0.000000 1.000000 

Palm_L.003 Palm_L.002
-0.033985 0.076846 -0.996464 0.348735 
0.846392 0.532420 0.012192 0.134387 
0.531474 -0.842985 -0.083136 1.655322 
0.000000 0.000000 0.000000 1.000000 

Palm_L.004 Palm_L.003
-0.517399 -0.020782 -0.855492 0.352728 
0.854100 -0.074492 -0.514747 0.162057 
-0.053030 -0.997005 0.056292 1.611512 
0.000000 0.000000 0.000000 1.000000 

Palm_L.005 Palm_L.004
-0.125201 0.042540 -0.991219 0.352125 
0.992066 -0.006096 -0.125569 0.159895 
-0.011384 -0.999076 -0.041439 1.582581 
0.000000 0.000000 0.000000 1.000000 

Palm_L.006 Palm_L.002
0.997079 0.058024 0.049666 0.395745 
-0.052887 0.055362 0.997065 0.153697 
0.055104 -0.996779 0.058269 1.599514 
0.000000 0.000000 0.000000 1.000000 

Palm_L.007 Palm_L.006
0.099295 -0.140599 -0.985075 0.398815 
0.995045 0.019117 0.097572 0.156626 
0.005113 -0.989882 0.141801 1.546786 
0.000000 0.000000 0.000000 1.000000 

Palm_L.009 Palm_L.002
0.411229 0.026738 0.911140 0.406024 
-0.911420 0.027736 0.410542 0.129682 
-0.014294 -0.999258 0.035775 1.590371 
0.000000 0.000000 0.000000 1.000000 

Palm_L.010 Palm_L.009
0.485895 -0.189918 0.853134 0.407676 
-0.873953 -0.117431 0.471610 0.131395 
0.010617 -0.974752 -0.223039 1.528648 
0.000000 0.000000 0.000000 1.000000 

Palm_L.012 Palm_L.002
-0.950528 -0.013339 0.310353 0.408247 
-0.308273 -0.082587 -0.947706 0.107612 
0.038273 -0.996495 0.074389 1.588923 
0.000000 0.000000 0.000000 1.000000 

Palm_L.013 Palm_L.012
-0.940891 -0.010765 0.338540 0.407597 
-0.336773 -0.077023 -0.938430 0.103587 
0.036178 -0.996971 0.068845 1.540367 
0.000000 0.000000 0.000000 1.000000 

Palm_L.014 Palm_L.002
-0.895574 0.355436 0.267606 0.410905 
-0.338049 -0.152566 -0.928680 0.086217 
-0.289259 -0.922165 0.256789 1.598555 
0.000000 0.000000 0.000000 1.000000 

Palm_L.015 Palm_L.014
-0.930909 -0.095616 0.352515 0.428071 
-0.345931 -0.078943 -0.934933 0.078848 
0.117223 -0.992283 0.040413 1.554018 
0.000000 0.000000 0.000000 1.000000 

Shoulder_R Torso.001
-0.165031 -0.870776 -0.463156 0.000000 
0.983222 -0.182249 -0.007696 0.038427 
-0.077708 -0.456655 0.886243 2.695523 
0.000000 0.000000 0.000000 1.000000 

Shoulder_R.001 Shoulder_R
0.003393 -0.285285 -0.958437 -0.190913 
0.997176 -0.070946 0.024648 -0.001530 
-0.075029 -0.955813 0.284238 2.595404 
0.000000 0.000000 0.000000 1.000000 

Arm_R Shoulder_R.001
0.023752 -0.187876 -0.981906 -0.209622 
0.999489 -0.016540 0.027342 -0.006183 
-0.021378 -0.982053 0.187387 2.532720 
0.000000 0.000000 0.000000 1.000000 

Palm_R Arm_R
0.013438 -0.239722 -0.970749 -0.269083 
0.982909 0.181427 -0.031197 -0.011418 
0.183599 -0.953739 0.238063 2.221908 
0.000000 0.000000 0.000000 1.000000 

Palm_R.001 Palm_R
0.990173 -0.139796 -0.003832 -0.357359 
0.033181 0.208223 0.977518 0.055391 
-0.135855 -0.968039 0.210815 1.870704 
0.000000 0.000000 0.000000 1.000000 

Palm_R.002 Palm_R.001
0.026045 -0.108265 -0.993781 -0.373139 
0.962191 0.272338 -0.004452 0.078895 
0.271126 -0.956091 0.111264 1.761430 
0.000000 0.000000 0.000000 1.000000 

Palm_R.003 Palm_R.002
-0.033985 -0.076846 0.996464 -0.348735 
-0.846392 0.532420 0.012193 0.134387 
-0.531474 -0.842985 -0.083136 1.655322 
0.000000 0.000000 0.000000 1.000000 

Palm_R.004 Palm_R.003
-0.517399 0.020782 0.855492 -0.352728 
-0.854100 -0.074492 -0.514747 0.162057 
0.053030 -0.997005 0.056291 1.611512 
0.000000 0.000000 0.000000 1.000000 

Palm_R.005 Palm_R.004
-0.125201 -0.042540 0.991219 -0.352125 
-0.992066 -0.006096 -0.125569 0.159895 
0.011384 -0.999076 -0.041440 1.582581 
0.000000 0.000000 0.000000 1.000000 

Palm_R.006 Palm_R.002
0.997079 -0.058024 -0.049666 -0.395745 
0.052887 0.055362 0.997065 0.153697 
-0.055104 -0.996779 0.058269 1.599514 
0.000000 0.000000 0.000000 1.000000 

Palm_R.007 Palm_R.006
0.099295 0.140599 0.985075 -0.398815 
-0.995045 0.019117 0.097572 0.156626 
-0.005113 -0.989882 0.141801 1.546786 
0.000000 0.000000 0.000000 1.000000 

Palm_R.009 Palm_R.002
0.411229 -0.026738 -0.911140 -0.406024 
0.911420 0.027736 0.410542 0.129682 
0.014294 -0.999258 0.035775 1.590371 
0.000000 0.000000 0.000000 1.000000 

Palm_R.010 Palm_R.009
0.485895 0.189918 -0.853134 -0.407676 
0.873953 -0.117431 0.471610 0.131395 
-0.010617 -0.974752 -0.223039 1.528648 
0.000000 0.000000 0.000000 1.000000 

Palm_R.012 Palm_R.002
-0.950528 0.013340 -0.310353 -0.408247 
0.308273 -0.082587 -0.947706 0.107612 
-0.038273 -0.996495 0.074389 1.588923 
0.000000 0.000000 0.000000 1.000000 

Palm_R.013 Palm_R.012
-0.940891 0.010765 -0.338540 -0.407597 
0.336773 -0.077023 -0.938430 0.103587 
-0.036178 -0.996971 0.068845 1.540367 
0.000000 0.000000 0.000000 1.000000 

Palm_R.014 Palm_R.002
-0.895574 -0.355436 -0.267606 -0.410905 
0.338049 -0.152566 -0.928680 0.086217 
0.289259 -0.922165 0.256789 1.598555 
0.000000 0.000000 0.000000 1.000000 

Palm_R.015 Palm_R.014
-0.930909 0.095616 -0.352515 -0.428071 
0.345931 -0.078943 -0.934933 0.078848 
-0.117223 -0.992283 0.040413 1.554018 
0.000000 0.000000 0.000000 1.000000 

Breast_L Torso.001
0.809262 0.288701 0.511612 0.110669 
-0.186608 0.952134 -0.242112 0.174772 
-0.557021 0.100461 0.824400 2.491075 
0.000000 0.000000 0.000000 1.000000 

Breast_R Torso.001
0.809262 -0.288701 -0.511612 -0.110669 
0.186608 0.952134 -0.242112 0.174772 
0.557021 0.100461 0.824400 2.491075 
0.000000 0.000000 0.000000 1.000000 

Ass_L Ass
0.050566 0.997848 -0.041730 -0.000000 
-0.998558 0.049760 -0.020137 0.046112 
-0.018017 0.042688 0.998926 1.893685 
0.000000 0.000000 0.000000 1.000000 

Leg_L Ass_L
0.016016 0.142019 0.989734 0.139153 
-0.993116 0.117130 -0.000737 0.053051 
-0.116033 -0.982909 0.142917 1.899638 
0.000000 0.000000 0.000000 1.000000 

Leg_L.005 Leg_L
-0.000546 0.059334 0.998238 0.162454 
-0.999933 -0.011557 0.000139 0.072269 
0.011545 -0.998171 0.059336 1.738373 
0.000000 0.000000 0.000000 1.000000 

Leg_L.001 Leg_L.005
-0.020150 0.139733 0.989984 0.199819 
-0.989883 -0.141883 -0.000122 0.064991 
0.140445 -0.979971 0.141178 1.109780 
0.000000 0.000000 0.000000 1.000000 

Leg_L.002 Leg_L.001
-0.998196 0.059475 0.008213 0.323768 
-0.015069 -0.115771 -0.993161 -0.060867 
-0.058118 -0.991493 0.116459 0.240501 
0.000000 0.000000 0.000000 1.000000 

Leg_L.003 Leg_L.002
0.994996 0.098983 0.013598 0.328464 
-0.087450 0.796953 0.597676 -0.070008 
0.048323 -0.595875 0.801622 0.162216 
0.000000 0.000000 0.000000 1.000000 

Leg_L.004 Leg_L.003
0.990879 0.134252 -0.011610 0.344900 
-0.104821 0.822054 0.559677 0.062325 
0.084682 -0.553355 0.828629 0.063272 
0.000000 0.000000 0.000000 1.000000 

Ass_L.001 Ass_L
-1.000000 -0.000000 -0.000012 0.139153 
-0.000000 -0.999603 0.028158 0.053051 
-0.000012 0.028158 0.999603 1.899638 
0.000000 0.000000 0.000000 1.000000 

Ass_R Ass
0.050566 -0.997848 0.041730 -0.000000 
0.998558 0.049760 -0.020137 0.046112 
0.018017 0.042688 0.998926 1.893685 
0.000000 0.000000 0.000000 1.000000 

Leg_R Ass_R
0.016016 -0.142019 -0.989734 -0.139153 
0.993116 0.117130 -0.000737 0.053051 
0.116033 -0.982909 0.142917 1.899638 
0.000000 0.000000 0.000000 1.000000 

Leg_R.005 Leg_R
-0.000546 -0.059334 -0.998238 -0.162454 
0.999933 -0.011557 0.000139 0.072269 
-0.011545 -0.998171 0.059336 1.738373 
0.000000 0.000000 0.000000 1.000000 

Leg_R.001 Leg_R.005
-0.020150 -0.139733 -0.989984 -0.199819 
0.989883 -0.141883 -0.000122 0.064991 
-0.140445 -0.979971 0.141178 1.109780 
0.000000 0.000000 0.000000 1.000000 

Leg_R.002 Leg_R.001
-0.998196 -0.059475 -0.008213 -0.323768 
0.015069 -0.115771 -0.993161 -0.060867 
0.058118 -0.991493 0.116459 0.240501 
0.000000 0.000000 0.000000 1.000000 

Leg_R.003 Leg_R.002
0.994996 -0.098983 -0.013598 -0.328464 
0.087450 0.796953 0.597676 -0.070008 
-0.048323 -0.595875 0.801622 0.162216 
0.000000 0.000000 0.000000 1.000000 

Leg_R.004 Leg_R.003
0.990879 -0.134252 0.011610 -0.344900 
0.104821 0.822054 0.559677 0.062325 
-0.084682 -0.553355 0.828629 0.063272 
0.000000 0.000000 0.000000 1.000000 

Ass_R.001 Ass_R
-1.000000 0.000000 0.000012 -0.139153 
0.000000 -0.999603 0.028158 0.053051 
0.000012 0.028158 0.999603 1.899638 
0.000000 0.000000 0.000000 1.000000 

];
