simple game object export addon
Bones 60
[
Frames 250
Frame 1
Base
1.000000 0.000000 0.000000 0.000000 
0.000000 0.000000 -1.000000 0.000000 
0.000000 1.000000 0.000000 0.000000 
0.000000 0.000000 0.000000 1.000000 

Ass
1.000000 -0.000000 0.000000 0.000000 
0.000000 0.083750 -0.996487 0.000000 
0.000000 0.996487 0.083750 1.345027 
0.000000 0.000000 0.000000 1.000000 

Back
1.000000 0.000000 -0.000000 -0.000000 
-0.000000 0.681522 -0.731797 0.046112 
0.000000 0.731797 0.681522 1.893685 
0.000000 0.000000 0.000000 1.000000 

Back.001
1.000000 -0.000000 -0.000000 0.000000 
-0.000000 0.084650 -0.996411 0.171260 
0.000000 0.996411 0.084651 2.028065 
0.000000 0.000000 0.000000 1.000000 

Torso
-1.000000 0.000000 -0.000000 -0.000000 
-0.000000 -0.385473 0.922719 0.186723 
-0.000000 0.922719 0.385473 2.210076 
0.000000 0.000000 0.000000 1.000000 

Torso.001
-1.000000 -0.000000 -0.000000 0.000000 
-0.000000 -0.206304 0.978488 0.093963 
-0.000000 0.978488 0.206304 2.432120 
0.000000 0.000000 0.000000 1.000000 

Neck
1.000000 -0.000000 -0.000000 0.000000 
-0.000000 0.246154 -0.969231 0.038427 
0.000000 0.969231 0.246154 2.695523 
0.000000 0.000000 0.000000 1.000000 

Head
1.000000 0.000000 -0.000000 0.000000 
-0.000000 0.151183 -0.988506 0.079415 
0.000000 0.988506 0.151183 2.856915 
0.000000 0.000000 0.000000 1.000000 

Shoulder_L
-0.165031 0.870776 0.463156 0.000000 
-0.983222 -0.182249 -0.007696 0.038427 
0.077708 -0.456655 0.886243 2.695523 
0.000000 0.000000 0.000000 1.000000 

Shoulder_L.001
0.003393 0.285285 0.958437 0.190913 
-0.997176 -0.070946 0.024647 -0.001530 
0.075029 -0.955813 0.284238 2.595404 
0.000000 0.000000 0.000000 1.000000 

Arm_L
0.023752 0.187876 0.981906 0.209622 
-0.999489 -0.016540 0.027342 -0.006183 
0.021378 -0.982053 0.187387 2.532720 
0.000000 0.000000 0.000000 1.000000 

Palm_L
0.013438 0.239722 0.970749 0.269083 
-0.982909 0.181427 -0.031197 -0.011418 
-0.183599 -0.953738 0.238063 2.221908 
0.000000 0.000000 0.000000 1.000000 

Palm_L.001
0.990173 0.139796 0.003832 0.357359 
-0.033181 0.208223 0.977518 0.055391 
0.135855 -0.968039 0.210815 1.870704 
0.000000 0.000000 0.000000 1.000000 

Palm_L.002
0.026045 0.108265 0.993781 0.373139 
-0.962191 0.272338 -0.004452 0.078895 
-0.271126 -0.956091 0.111264 1.761430 
0.000000 0.000000 0.000000 1.000000 

Palm_L.003
-0.033985 0.076846 -0.996464 0.348735 
0.846392 0.532420 0.012192 0.134387 
0.531474 -0.842985 -0.083136 1.655322 
0.000000 0.000000 0.000000 1.000000 

Palm_L.004
-0.517399 -0.020782 -0.855492 0.352728 
0.854100 -0.074492 -0.514747 0.162057 
-0.053030 -0.997005 0.056292 1.611512 
0.000000 0.000000 0.000000 1.000000 

Palm_L.005
-0.125201 0.042540 -0.991219 0.352125 
0.992066 -0.006096 -0.125569 0.159895 
-0.011384 -0.999076 -0.041439 1.582581 
0.000000 0.000000 0.000000 1.000000 

Palm_L.006
0.997079 0.058024 0.049666 0.395745 
-0.052887 0.055362 0.997065 0.153697 
0.055104 -0.996779 0.058269 1.599514 
0.000000 0.000000 0.000000 1.000000 

Palm_L.007
0.099295 -0.140599 -0.985075 0.398815 
0.995045 0.019117 0.097572 0.156626 
0.005113 -0.989882 0.141801 1.546786 
0.000000 0.000000 0.000000 1.000000 

Palm_L.009
0.411229 0.026738 0.911140 0.406024 
-0.911420 0.027736 0.410542 0.129682 
-0.014294 -0.999258 0.035775 1.590371 
0.000000 0.000000 0.000000 1.000000 

Palm_L.010
0.485895 -0.189918 0.853134 0.407676 
-0.873953 -0.117431 0.471610 0.131395 
0.010617 -0.974752 -0.223039 1.528648 
0.000000 0.000000 0.000000 1.000000 

Palm_L.012
-0.950528 -0.013339 0.310353 0.408247 
-0.308273 -0.082587 -0.947706 0.107612 
0.038273 -0.996495 0.074389 1.588923 
0.000000 0.000000 0.000000 1.000000 

Palm_L.013
-0.940891 -0.010765 0.338540 0.407597 
-0.336773 -0.077023 -0.938430 0.103587 
0.036178 -0.996971 0.068845 1.540367 
0.000000 0.000000 0.000000 1.000000 

Palm_L.014
-0.895574 0.355436 0.267606 0.410905 
-0.338049 -0.152566 -0.928680 0.086217 
-0.289259 -0.922165 0.256789 1.598555 
0.000000 0.000000 0.000000 1.000000 

Palm_L.015
-0.930909 -0.095616 0.352515 0.428071 
-0.345931 -0.078943 -0.934933 0.078848 
0.117223 -0.992283 0.040413 1.554018 
0.000000 0.000000 0.000000 1.000000 

Shoulder_R
-0.165031 -0.870776 -0.463156 0.000000 
0.983222 -0.182249 -0.007696 0.038427 
-0.077708 -0.456655 0.886243 2.695523 
0.000000 0.000000 0.000000 1.000000 

Shoulder_R.001
0.003393 -0.285285 -0.958437 -0.190913 
0.997176 -0.070946 0.024648 -0.001530 
-0.075029 -0.955813 0.284238 2.595404 
0.000000 0.000000 0.000000 1.000000 

Arm_R
0.023752 -0.187876 -0.981906 -0.209622 
0.999489 -0.016540 0.027342 -0.006183 
-0.021378 -0.982053 0.187387 2.532720 
0.000000 0.000000 0.000000 1.000000 

Palm_R
0.013438 -0.239722 -0.970749 -0.269083 
0.982909 0.181427 -0.031197 -0.011418 
0.183599 -0.953739 0.238063 2.221908 
0.000000 0.000000 0.000000 1.000000 

Palm_R.001
0.990173 -0.139796 -0.003832 -0.357359 
0.033181 0.208223 0.977518 0.055391 
-0.135855 -0.968039 0.210815 1.870704 
0.000000 0.000000 0.000000 1.000000 

Palm_R.002
0.026045 -0.108265 -0.993781 -0.373139 
0.962191 0.272338 -0.004452 0.078895 
0.271126 -0.956091 0.111264 1.761430 
0.000000 0.000000 0.000000 1.000000 

Palm_R.003
-0.033985 -0.076846 0.996464 -0.348735 
-0.846392 0.532420 0.012193 0.134387 
-0.531474 -0.842985 -0.083136 1.655322 
0.000000 0.000000 0.000000 1.000000 

Palm_R.004
-0.517399 0.020782 0.855492 -0.352728 
-0.854100 -0.074492 -0.514747 0.162057 
0.053030 -0.997005 0.056291 1.611512 
0.000000 0.000000 0.000000 1.000000 

Palm_R.005
-0.125201 -0.042540 0.991219 -0.352125 
-0.992066 -0.006096 -0.125569 0.159895 
0.011384 -0.999076 -0.041440 1.582581 
0.000000 0.000000 0.000000 1.000000 

Palm_R.006
0.997079 -0.058024 -0.049666 -0.395745 
0.052887 0.055362 0.997065 0.153697 
-0.055104 -0.996779 0.058269 1.599514 
0.000000 0.000000 0.000000 1.000000 

Palm_R.007
0.099295 0.140599 0.985075 -0.398815 
-0.995045 0.019117 0.097572 0.156626 
-0.005113 -0.989882 0.141801 1.546786 
0.000000 0.000000 0.000000 1.000000 

Palm_R.009
0.411229 -0.026738 -0.911140 -0.406024 
0.911420 0.027736 0.410542 0.129682 
0.014294 -0.999258 0.035775 1.590371 
0.000000 0.000000 0.000000 1.000000 

Palm_R.010
0.485895 0.189918 -0.853134 -0.407676 
0.873953 -0.117431 0.471610 0.131395 
-0.010617 -0.974752 -0.223039 1.528648 
0.000000 0.000000 0.000000 1.000000 

Palm_R.012
-0.950528 0.013340 -0.310353 -0.408247 
0.308273 -0.082587 -0.947706 0.107612 
-0.038273 -0.996495 0.074389 1.588923 
0.000000 0.000000 0.000000 1.000000 

Palm_R.013
-0.940891 0.010765 -0.338540 -0.407597 
0.336773 -0.077023 -0.938430 0.103587 
-0.036178 -0.996971 0.068845 1.540367 
0.000000 0.000000 0.000000 1.000000 

Palm_R.014
-0.895574 -0.355436 -0.267606 -0.410905 
0.338049 -0.152566 -0.928680 0.086217 
0.289259 -0.922165 0.256789 1.598555 
0.000000 0.000000 0.000000 1.000000 

Palm_R.015
-0.930909 0.095616 -0.352515 -0.428071 
0.345931 -0.078943 -0.934933 0.078848 
-0.117223 -0.992283 0.040413 1.554018 
0.000000 0.000000 0.000000 1.000000 

Breast_L
0.809262 0.288701 0.511612 0.110669 
-0.186608 0.952134 -0.242112 0.174772 
-0.557021 0.100461 0.824400 2.491075 
0.000000 0.000000 0.000000 1.000000 

Breast_R
0.809262 -0.288701 -0.511612 -0.110669 
0.186608 0.952134 -0.242112 0.174772 
0.557021 0.100461 0.824400 2.491075 
0.000000 0.000000 0.000000 1.000000 

Ass_L
0.050566 0.997848 -0.041730 -0.000000 
-0.998558 0.049760 -0.020137 0.046112 
-0.018017 0.042688 0.998926 1.893685 
0.000000 0.000000 0.000000 1.000000 

Leg_L
0.016016 0.142019 0.989734 0.139153 
-0.993116 0.117130 -0.000737 0.053051 
-0.116033 -0.982909 0.142917 1.899638 
0.000000 0.000000 0.000000 1.000000 

Leg_L.005
-0.000546 0.059334 0.998238 0.162454 
-0.999933 -0.011557 0.000139 0.072269 
0.011545 -0.998171 0.059336 1.738373 
0.000000 0.000000 0.000000 1.000000 

Leg_L.001
-0.020150 0.139733 0.989984 0.199819 
-0.989883 -0.141883 -0.000122 0.064991 
0.140445 -0.979971 0.141178 1.109780 
0.000000 0.000000 0.000000 1.000000 

Leg_L.002
-0.998196 0.059475 0.008213 0.323768 
-0.015069 -0.115771 -0.993161 -0.060867 
-0.058118 -0.991493 0.116459 0.240501 
0.000000 0.000000 0.000000 1.000000 

Leg_L.003
0.994996 0.098983 0.013598 0.328464 
-0.087450 0.796953 0.597676 -0.070008 
0.048323 -0.595875 0.801622 0.162216 
0.000000 0.000000 0.000000 1.000000 

Leg_L.004
0.990879 0.134252 -0.011610 0.344900 
-0.104821 0.822054 0.559677 0.062325 
0.084682 -0.553355 0.828629 0.063272 
0.000000 0.000000 0.000000 1.000000 

Ass_L.001
-1.000000 -0.000000 -0.000012 0.139153 
-0.000000 -0.999603 0.028158 0.053051 
-0.000012 0.028158 0.999603 1.899638 
0.000000 0.000000 0.000000 1.000000 

Ass_R
0.050566 -0.997848 0.041730 -0.000000 
0.998558 0.049760 -0.020137 0.046112 
0.018017 0.042688 0.998926 1.893685 
0.000000 0.000000 0.000000 1.000000 

Leg_R
0.016016 -0.142019 -0.989734 -0.139153 
0.993116 0.117130 -0.000737 0.053051 
0.116033 -0.982909 0.142917 1.899638 
0.000000 0.000000 0.000000 1.000000 

Leg_R.005
-0.000546 -0.059334 -0.998238 -0.162454 
0.999933 -0.011557 0.000139 0.072269 
-0.011545 -0.998171 0.059336 1.738373 
0.000000 0.000000 0.000000 1.000000 

Leg_R.001
-0.020150 -0.139733 -0.989984 -0.199819 
0.989883 -0.141883 -0.000122 0.064991 
-0.140445 -0.979971 0.141178 1.109780 
0.000000 0.000000 0.000000 1.000000 

Leg_R.002
-0.998196 -0.059475 -0.008213 -0.323768 
0.015069 -0.115771 -0.993161 -0.060867 
0.058118 -0.991493 0.116459 0.240501 
0.000000 0.000000 0.000000 1.000000 

Leg_R.003
0.994996 -0.098983 -0.013598 -0.328464 
0.087450 0.796953 0.597676 -0.070008 
-0.048323 -0.595875 0.801622 0.162216 
0.000000 0.000000 0.000000 1.000000 

Leg_R.004
0.990879 -0.134252 0.011610 -0.344900 
0.104821 0.822054 0.559677 0.062325 
-0.084682 -0.553355 0.828629 0.063272 
0.000000 0.000000 0.000000 1.000000 

Ass_R.001
-1.000000 0.000000 0.000012 -0.139153 
0.000000 -0.999603 0.028158 0.053051 
0.000012 0.028158 0.999603 1.899638 
0.000000 0.000000 0.000000 1.000000 

Frame 2
Base
1.000000 0.000000 0.000000 0.000000 
0.000000 0.000000 -1.000000 0.000000 
0.000000 1.000000 0.000000 0.000000 
0.000000 0.000000 0.000000 1.000000 

Ass
1.000000 -0.000000 0.000000 0.000000 
0.000000 0.083750 -0.996487 0.000000 
0.000000 0.996487 0.083750 1.345027 
0.000000 0.000000 0.000000 1.000000 

Back
1.000000 0.000000 -0.000000 -0.000000 
-0.000000 0.681522 -0.731797 0.046112 
0.000000 0.731797 0.681522 1.893685 
0.000000 0.000000 0.000000 1.000000 

Back.001
1.000000 -0.000000 -0.000000 0.000000 
-0.000000 0.084650 -0.996411 0.171260 
0.000000 0.996411 0.084651 2.028065 
0.000000 0.000000 0.000000 1.000000 

Torso
-1.000000 0.000000 -0.000000 -0.000000 
-0.000000 -0.385473 0.922719 0.186723 
-0.000000 0.922719 0.385473 2.210076 
0.000000 0.000000 0.000000 1.000000 

Torso.001
-1.000000 -0.000000 -0.000000 0.000000 
-0.000000 -0.206304 0.978488 0.093963 
-0.000000 0.978488 0.206304 2.432120 
0.000000 0.000000 0.000000 1.000000 

Neck
0.934085 -0.007951 0.356963 0.000000 
0.352484 0.179932 -0.918357 0.038427 
-0.056928 0.983647 0.170874 2.695523 
0.000000 0.000000 0.000000 1.000000 

Head
0.928906 0.077638 0.362087 -0.001324 
0.320536 0.321087 -0.891156 0.068388 
-0.185449 0.943862 0.273374 2.859316 
0.000000 0.000000 0.000000 1.000000 

Shoulder_L
-0.165031 0.870776 0.463156 0.000000 
-0.983222 -0.182249 -0.007696 0.038427 
0.077708 -0.456655 0.886243 2.695523 
0.000000 0.000000 0.000000 1.000000 

Shoulder_L.001
0.003393 0.285285 0.958437 0.190913 
-0.997176 -0.070946 0.024647 -0.001530 
0.075029 -0.955813 0.284238 2.595404 
0.000000 0.000000 0.000000 1.000000 

Arm_L
0.023752 0.187876 0.981906 0.209622 
-0.999489 -0.016540 0.027342 -0.006183 
0.021378 -0.982053 0.187387 2.532720 
0.000000 0.000000 0.000000 1.000000 

Palm_L
0.013438 0.239722 0.970749 0.269083 
-0.982909 0.181427 -0.031197 -0.011418 
-0.183599 -0.953738 0.238063 2.221908 
0.000000 0.000000 0.000000 1.000000 

Palm_L.001
0.990173 0.139796 0.003832 0.357359 
-0.033181 0.208223 0.977518 0.055391 
0.135855 -0.968039 0.210815 1.870704 
0.000000 0.000000 0.000000 1.000000 

Palm_L.002
0.062573 0.352660 0.933657 0.373139 
-0.949141 0.310259 -0.053580 0.078895 
-0.308571 -0.882819 0.354138 1.761430 
0.000000 0.000000 0.000000 1.000000 

Palm_L.003
-0.139079 0.302191 -0.943047 0.377836 
0.822143 0.566094 0.060151 0.140161 
0.552030 -0.766954 -0.327175 1.655797 
0.000000 0.000000 0.000000 1.000000 

Palm_L.004
-0.460339 0.227039 -0.858220 0.393541 
0.877743 -0.028294 -0.478295 0.169581 
-0.132874 -0.973474 -0.186256 1.615939 
0.000000 0.000000 0.000000 1.000000 

Palm_L.005
-0.086875 0.290998 -0.952771 0.400129 
0.996142 0.037248 -0.079454 0.168760 
0.012368 -0.955998 -0.293111 1.587690 
0.000000 0.000000 0.000000 1.000000 

Palm_L.006
0.949369 0.307353 0.065063 0.437905 
-0.099522 0.097791 0.990218 0.159872 
0.297983 -0.946557 0.123428 1.614558 
0.000000 0.000000 0.000000 1.000000 

Palm_L.007
0.126327 0.112279 -0.985614 0.454163 
0.988406 0.070121 0.134672 0.165045 
0.084233 -0.991199 -0.102119 1.564487 
0.000000 0.000000 0.000000 1.000000 

Palm_L.009
0.372635 0.276824 0.885727 0.449379 
-0.927189 0.071721 0.367663 0.135863 
0.038253 -0.958240 0.283393 1.606950 
0.000000 0.000000 0.000000 1.000000 

Palm_L.010
0.439838 0.056443 0.896302 0.466478 
-0.894239 -0.064649 0.442897 0.140293 
0.082943 -0.996310 0.022038 1.547760 
0.000000 0.000000 0.000000 1.000000 

Palm_L.012
-0.939133 0.233856 0.251678 0.451193 
-0.267204 -0.036727 -0.962940 0.113804 
-0.215946 -0.971577 0.096979 1.604890 
0.000000 0.000000 0.000000 1.000000 

Palm_L.013
-0.930186 0.236643 0.280634 0.462588 
-0.295979 -0.031266 -0.954682 0.112014 
-0.217144 -0.971094 0.099125 1.557548 
0.000000 0.000000 0.000000 1.000000 

Palm_L.014
-0.804932 0.569888 0.165269 0.450677 
-0.284534 -0.126295 -0.950310 0.091898 
-0.520697 -0.811959 0.263811 1.613690 
0.000000 0.000000 0.000000 1.000000 

Palm_L.015
-0.941099 0.153302 0.301384 0.478200 
-0.309230 -0.029630 -0.950526 0.085798 
-0.136788 -0.987735 0.075290 1.574476 
0.000000 0.000000 0.000000 1.000000 

Shoulder_R
-0.171045 -0.910003 -0.377674 0.000000 
0.983212 -0.182372 -0.005862 0.038427 
-0.063543 -0.372337 0.925920 2.695523 
0.000000 0.000000 0.000000 1.000000 

Shoulder_R.001
0.003563 -0.242932 -0.970037 -0.199513 
0.996821 -0.076342 0.022780 -0.001557 
-0.079589 -0.967035 0.241887 2.613890 
0.000000 0.000000 0.000000 1.000000 

Arm_R
0.021546 -0.144637 -0.989250 -0.215445 
0.999452 -0.021735 0.024946 -0.006564 
-0.025109 -0.989246 0.144090 2.550471 
0.000000 0.000000 0.000000 1.000000 

Palm_R
0.002317 -0.198292 -0.980140 -0.261221 
0.983792 0.176189 -0.033319 -0.013443 
0.179296 -0.964177 0.195486 2.237382 
0.000000 0.000000 0.000000 1.000000 

Palm_R.001
0.995064 -0.097919 -0.016112 -0.334240 
0.035844 0.203250 0.978470 0.051437 
-0.092536 -0.974218 0.205756 1.882334 
0.000000 0.000000 0.000000 1.000000 

Palm_R.002
0.157213 -0.876945 -0.454149 -0.345294 
0.917157 0.300177 -0.262138 0.074380 
0.366205 -0.375315 0.851488 1.772362 
0.000000 0.000000 0.000000 1.000000 

Palm_R.003
-0.387716 -0.787960 0.478325 -0.424735 
-0.789792 0.551539 0.268388 0.141261 
-0.475294 -0.273720 -0.836166 1.707944 
0.000000 0.000000 0.000000 1.000000 

Palm_R.004
-0.167659 -0.810237 0.561611 -0.465685 
-0.958456 0.000617 -0.285240 0.169924 
0.230766 -0.586102 -0.776680 1.693719 
0.000000 0.000000 0.000000 1.000000 

Palm_R.005
0.025405 -0.852657 0.521853 -0.489197 
-0.990044 0.050835 0.131257 0.169942 
-0.138446 -0.519992 -0.842877 1.676711 
0.000000 0.000000 0.000000 1.000000 

Palm_R.006
0.833612 -0.512030 -0.207164 -0.498610 
0.237740 -0.005934 0.971310 0.151828 
-0.498570 -0.858947 0.116783 1.719268 
0.000000 0.000000 0.000000 1.000000 

Palm_R.007
0.092611 0.733263 0.673609 -0.525696 
-0.878105 -0.258794 0.402438 0.151514 
0.469420 -0.628770 0.619914 1.673831 
0.000000 0.000000 0.000000 1.000000 

Palm_R.009
0.361712 -0.019757 -0.932081 -0.509807 
0.930612 -0.052301 0.362250 0.126671 
-0.055906 -0.998436 -0.000532 1.716479 
0.000000 0.000000 0.000000 1.000000 

Palm_R.010
0.446272 0.891539 0.077462 -0.511027 
0.853543 -0.450061 0.262505 0.123441 
0.268896 -0.051031 -0.961817 1.654807 
0.000000 0.000000 0.000000 1.000000 

Palm_R.012
-0.974826 0.009679 -0.222757 -0.510345 
0.211565 -0.275234 -0.937809 0.104902 
-0.070388 -0.961329 0.266257 1.712011 
0.000000 0.000000 0.000000 1.000000 

Palm_R.013
-0.102325 0.823872 -0.557463 -0.509873 
-0.027705 -0.562547 -0.826300 0.091491 
-0.994365 -0.069106 0.080388 1.665169 
0.000000 0.000000 0.000000 1.000000 

Palm_R.014
-0.968690 -0.247392 0.020900 -0.501979 
0.037926 -0.230645 -0.972298 0.082928 
0.245359 -0.941063 0.232806 1.714181 
0.000000 0.000000 0.000000 1.000000 

Palm_R.015
0.093572 0.983571 0.154380 -0.513926 
-0.355600 0.177849 -0.917561 0.071789 
-0.929942 0.030960 0.366399 1.668732 
0.000000 0.000000 0.000000 1.000000 

Breast_L
0.809262 0.288701 0.511612 0.110669 
-0.186608 0.952134 -0.242112 0.174772 
-0.557021 0.100461 0.824400 2.491075 
0.000000 0.000000 0.000000 1.000000 

Breast_R
0.809262 -0.288701 -0.511612 -0.110669 
0.186608 0.952134 -0.242112 0.174772 
0.557021 0.100461 0.824400 2.491075 
0.000000 0.000000 0.000000 1.000000 

Ass_L
0.060000 0.995552 0.072638 -0.000000 
-0.997754 0.061985 -0.025390 0.046112 
-0.029779 -0.070952 0.997035 1.893685 
0.000000 0.000000 0.000000 1.000000 

Leg_L
0.013225 -0.066754 0.997681 0.138833 
-0.980094 0.196802 0.026160 0.054756 
-0.198092 -0.978168 -0.062822 1.883791 
0.000000 0.000000 0.000000 1.000000 

Leg_L.005
-0.057462 -0.133417 0.989392 0.127880 
-0.904197 0.427086 0.005078 0.087045 
-0.423233 -0.894314 -0.145177 1.723303 
0.000000 0.000000 0.000000 1.000000 

Leg_L.001
-0.051426 -0.058872 0.996940 0.043862 
-0.952023 0.304438 -0.031131 0.356000 
-0.301673 -0.950711 -0.071704 1.160114 
0.000000 0.000000 0.000000 1.000000 

Leg_L.002
-0.997951 0.058142 -0.026685 -0.008361 
0.027307 0.009930 -0.999577 0.626050 
-0.057853 -0.998259 -0.011497 0.316790 
0.000000 0.000000 0.000000 1.000000 

Leg_L.003
0.998936 0.045563 0.007105 -0.003770 
-0.045964 0.996199 0.073985 0.626834 
-0.003707 -0.074233 0.997234 0.237971 
0.000000 0.000000 0.000000 1.000000 

Leg_L.004
0.989754 0.142730 -0.003801 0.003795 
-0.132967 0.931096 0.339675 0.792251 
0.052021 -0.335689 0.940535 0.225645 
0.000000 0.000000 0.000000 1.000000 

Ass_L.001
-0.993414 0.015042 0.113586 0.138833 
-0.012459 -0.999648 0.023417 0.054756 
0.113899 0.021848 0.993252 1.883791 
0.000000 0.000000 0.000000 1.000000 

Ass_R
0.050566 -0.997848 0.041730 -0.000000 
0.998558 0.049760 -0.020137 0.046112 
0.018017 0.042688 0.998926 1.893685 
0.000000 0.000000 0.000000 1.000000 

Leg_R
-0.040311 0.019330 -0.999000 -0.139153 
0.833281 0.552373 -0.022936 0.053051 
0.551378 -0.833373 -0.038374 1.899638 
0.000000 0.000000 0.000000 1.000000 

Leg_R.005
-0.035647 0.108110 -0.993499 -0.135981 
0.897415 0.440904 0.015779 0.143679 
0.439744 -0.891019 -0.112737 1.762907 
0.000000 0.000000 0.000000 1.000000 

Leg_R.001
0.172945 -0.044069 -0.983945 -0.067900 
0.764505 -0.623847 0.162315 0.421336 
-0.620984 -0.780303 -0.074200 1.201793 
0.000000 0.000000 0.000000 1.000000 

Leg_R.002
-0.979300 0.040343 -0.198352 -0.106991 
0.132121 -0.614983 -0.777393 -0.132045 
-0.153346 -0.787507 0.596923 0.509629 
0.000000 0.000000 0.000000 1.000000 

Leg_R.003
0.993203 0.116344 -0.003361 -0.103805 
-0.040020 0.368474 0.928776 -0.180602 
0.109296 -0.922328 0.370626 0.447450 
0.000000 0.000000 0.000000 1.000000 

Leg_R.004
0.996630 0.081248 0.011273 -0.084486 
-0.044129 0.415230 0.908645 -0.119417 
0.069145 -0.906080 0.417417 0.294298 
0.000000 0.000000 0.000000 1.000000 

Ass_R.001
-1.000000 0.000000 0.000012 -0.139153 
0.000003 -0.954405 0.298513 0.053051 
0.000012 0.298513 0.954406 1.899638 
0.000000 0.000000 0.000000 1.000000 

Frame 3
Base
1.000000 0.000000 0.000000 0.000000 
0.000000 0.000000 -1.000000 0.000000 
0.000000 1.000000 0.000000 0.000000 
0.000000 0.000000 0.000000 1.000000 

Ass
1.000000 -0.000000 0.000000 0.000000 
0.000000 0.083750 -0.996487 0.000000 
0.000000 0.996487 0.083750 1.345027 
0.000000 0.000000 0.000000 1.000000 

Back
1.000000 0.000000 -0.000000 -0.000000 
-0.000000 0.681522 -0.731797 0.046112 
0.000000 0.731797 0.681522 1.893685 
0.000000 0.000000 0.000000 1.000000 

Back.001
1.000000 -0.000000 -0.000000 0.000000 
-0.000000 0.084650 -0.996411 0.171260 
0.000000 0.996411 0.084651 2.028065 
0.000000 0.000000 0.000000 1.000000 

Torso
-1.000000 0.000000 -0.000000 -0.000000 
-0.000000 -0.385473 0.922719 0.186723 
-0.000000 0.922719 0.385473 2.210076 
0.000000 0.000000 0.000000 1.000000 

Torso.001
-1.000000 -0.000000 -0.000000 0.000000 
-0.000000 -0.206304 0.978488 0.093963 
-0.000000 0.978488 0.206304 2.432120 
0.000000 0.000000 0.000000 1.000000 

Neck
0.934085 -0.007951 0.356963 0.000000 
0.352484 0.179932 -0.918357 0.038427 
-0.056928 0.983647 0.170874 2.695523 
0.000000 0.000000 0.000000 1.000000 

Head
0.928906 0.077638 0.362087 -0.001324 
0.320536 0.321087 -0.891156 0.068388 
-0.185449 0.943862 0.273374 2.859316 
0.000000 0.000000 0.000000 1.000000 

Shoulder_L
-0.165031 0.870776 0.463156 0.000000 
-0.983222 -0.182249 -0.007696 0.038427 
0.077708 -0.456655 0.886243 2.695523 
0.000000 0.000000 0.000000 1.000000 

Shoulder_L.001
0.003393 0.285285 0.958437 0.190913 
-0.997176 -0.070946 0.024647 -0.001530 
0.075029 -0.955813 0.284238 2.595404 
0.000000 0.000000 0.000000 1.000000 

Arm_L
0.023752 0.187876 0.981906 0.209622 
-0.999489 -0.016540 0.027342 -0.006183 
0.021378 -0.982053 0.187387 2.532720 
0.000000 0.000000 0.000000 1.000000 

Palm_L
0.013438 0.239722 0.970749 0.269083 
-0.982909 0.181427 -0.031197 -0.011418 
-0.183599 -0.953738 0.238063 2.221908 
0.000000 0.000000 0.000000 1.000000 

Palm_L.001
0.990173 0.139796 0.003832 0.357359 
-0.033181 0.208223 0.977518 0.055391 
0.135855 -0.968039 0.210815 1.870704 
0.000000 0.000000 0.000000 1.000000 

Palm_L.002
0.062573 0.352660 0.933657 0.373139 
-0.949141 0.310259 -0.053580 0.078895 
-0.308571 -0.882819 0.354138 1.761430 
0.000000 0.000000 0.000000 1.000000 

Palm_L.003
-0.139079 0.302191 -0.943047 0.377836 
0.822143 0.566094 0.060151 0.140161 
0.552030 -0.766954 -0.327175 1.655797 
0.000000 0.000000 0.000000 1.000000 

Palm_L.004
-0.460339 0.227039 -0.858220 0.393541 
0.877743 -0.028294 -0.478295 0.169581 
-0.132874 -0.973474 -0.186256 1.615939 
0.000000 0.000000 0.000000 1.000000 

Palm_L.005
-0.086875 0.290998 -0.952771 0.400129 
0.996142 0.037248 -0.079454 0.168760 
0.012368 -0.955998 -0.293111 1.587690 
0.000000 0.000000 0.000000 1.000000 

Palm_L.006
0.949369 0.307353 0.065063 0.437905 
-0.099522 0.097791 0.990218 0.159872 
0.297983 -0.946557 0.123428 1.614558 
0.000000 0.000000 0.000000 1.000000 

Palm_L.007
0.126327 0.112279 -0.985614 0.454163 
0.988406 0.070121 0.134672 0.165045 
0.084233 -0.991199 -0.102119 1.564487 
0.000000 0.000000 0.000000 1.000000 

Palm_L.009
0.372635 0.276824 0.885727 0.449379 
-0.927189 0.071721 0.367663 0.135863 
0.038253 -0.958240 0.283393 1.606950 
0.000000 0.000000 0.000000 1.000000 

Palm_L.010
0.439838 0.056443 0.896302 0.466478 
-0.894239 -0.064649 0.442897 0.140293 
0.082943 -0.996310 0.022038 1.547760 
0.000000 0.000000 0.000000 1.000000 

Palm_L.012
-0.939133 0.233856 0.251678 0.451193 
-0.267204 -0.036727 -0.962940 0.113804 
-0.215946 -0.971577 0.096979 1.604890 
0.000000 0.000000 0.000000 1.000000 

Palm_L.013
-0.930186 0.236643 0.280634 0.462588 
-0.295979 -0.031266 -0.954682 0.112014 
-0.217144 -0.971094 0.099125 1.557548 
0.000000 0.000000 0.000000 1.000000 

Palm_L.014
-0.804932 0.569888 0.165269 0.450677 
-0.284534 -0.126295 -0.950310 0.091898 
-0.520697 -0.811959 0.263811 1.613690 
0.000000 0.000000 0.000000 1.000000 

Palm_L.015
-0.941099 0.153302 0.301384 0.478200 
-0.309230 -0.029630 -0.950526 0.085798 
-0.136788 -0.987735 0.075290 1.574476 
0.000000 0.000000 0.000000 1.000000 

Shoulder_R
-0.171045 -0.910003 -0.377674 0.000000 
0.983212 -0.182372 -0.005862 0.038427 
-0.063543 -0.372337 0.925920 2.695523 
0.000000 0.000000 0.000000 1.000000 

Shoulder_R.001
0.003563 -0.242932 -0.970037 -0.199513 
0.996821 -0.076342 0.022780 -0.001557 
-0.079589 -0.967035 0.241887 2.613890 
0.000000 0.000000 0.000000 1.000000 

Arm_R
0.021546 -0.144637 -0.989250 -0.215445 
0.999452 -0.021735 0.024946 -0.006564 
-0.025109 -0.989246 0.144090 2.550471 
0.000000 0.000000 0.000000 1.000000 

Palm_R
0.002317 -0.198292 -0.980140 -0.261221 
0.983792 0.176189 -0.033319 -0.013443 
0.179296 -0.964177 0.195486 2.237382 
0.000000 0.000000 0.000000 1.000000 

Palm_R.001
0.995064 -0.097919 -0.016112 -0.334240 
0.035844 0.203250 0.978470 0.051437 
-0.092536 -0.974218 0.205756 1.882334 
0.000000 0.000000 0.000000 1.000000 

Palm_R.002
0.157213 -0.876945 -0.454149 -0.345294 
0.917157 0.300177 -0.262138 0.074380 
0.366205 -0.375315 0.851488 1.772362 
0.000000 0.000000 0.000000 1.000000 

Palm_R.003
-0.387716 -0.787960 0.478325 -0.424735 
-0.789792 0.551539 0.268388 0.141261 
-0.475294 -0.273720 -0.836166 1.707944 
0.000000 0.000000 0.000000 1.000000 

Palm_R.004
-0.167659 -0.810237 0.561611 -0.465685 
-0.958456 0.000617 -0.285240 0.169924 
0.230766 -0.586102 -0.776680 1.693719 
0.000000 0.000000 0.000000 1.000000 

Palm_R.005
0.025405 -0.852657 0.521853 -0.489197 
-0.990044 0.050835 0.131257 0.169942 
-0.138446 -0.519992 -0.842877 1.676711 
0.000000 0.000000 0.000000 1.000000 

Palm_R.006
0.833612 -0.512030 -0.207164 -0.498610 
0.237740 -0.005934 0.971310 0.151828 
-0.498570 -0.858947 0.116783 1.719268 
0.000000 0.000000 0.000000 1.000000 

Palm_R.007
0.092611 0.733263 0.673609 -0.525696 
-0.878105 -0.258794 0.402438 0.151514 
0.469420 -0.628770 0.619914 1.673831 
0.000000 0.000000 0.000000 1.000000 

Palm_R.009
0.361712 -0.019757 -0.932081 -0.509807 
0.930612 -0.052301 0.362250 0.126671 
-0.055906 -0.998436 -0.000532 1.716479 
0.000000 0.000000 0.000000 1.000000 

Palm_R.010
0.446272 0.891539 0.077462 -0.511027 
0.853543 -0.450061 0.262505 0.123441 
0.268896 -0.051031 -0.961817 1.654807 
0.000000 0.000000 0.000000 1.000000 

Palm_R.012
-0.974826 0.009679 -0.222757 -0.510345 
0.211565 -0.275234 -0.937809 0.104902 
-0.070388 -0.961329 0.266257 1.712011 
0.000000 0.000000 0.000000 1.000000 

Palm_R.013
-0.102325 0.823872 -0.557463 -0.509873 
-0.027705 -0.562547 -0.826300 0.091491 
-0.994365 -0.069106 0.080388 1.665169 
0.000000 0.000000 0.000000 1.000000 

Palm_R.014
-0.968690 -0.247392 0.020900 -0.501979 
0.037926 -0.230645 -0.972298 0.082928 
0.245359 -0.941063 0.232806 1.714181 
0.000000 0.000000 0.000000 1.000000 

Palm_R.015
0.093572 0.983571 0.154380 -0.513926 
-0.355600 0.177849 -0.917561 0.071789 
-0.929942 0.030960 0.366399 1.668732 
0.000000 0.000000 0.000000 1.000000 

Breast_L
0.809262 0.288701 0.511612 0.110669 
-0.186608 0.952134 -0.242112 0.174772 
-0.557021 0.100461 0.824400 2.491075 
0.000000 0.000000 0.000000 1.000000 

Breast_R
0.809262 -0.288701 -0.511612 -0.110669 
0.186608 0.952134 -0.242112 0.174772 
0.557021 0.100461 0.824400 2.491075 
0.000000 0.000000 0.000000 1.000000 

Ass_L
0.060000 0.995552 0.072638 -0.000000 
-0.997754 0.061985 -0.025390 0.046112 
-0.029779 -0.070952 0.997035 1.893685 
0.000000 0.000000 0.000000 1.000000 

Leg_L
0.013225 -0.066754 0.997681 0.138833 
-0.980094 0.196802 0.026160 0.054756 
-0.198092 -0.978168 -0.062822 1.883791 
0.000000 0.000000 0.000000 1.000000 

Leg_L.005
-0.057462 -0.133417 0.989392 0.127880 
-0.904197 0.427086 0.005078 0.087045 
-0.423233 -0.894314 -0.145177 1.723303 
0.000000 0.000000 0.000000 1.000000 

Leg_L.001
-0.051426 -0.058872 0.996940 0.043862 
-0.952023 0.304438 -0.031131 0.356000 
-0.301673 -0.950711 -0.071704 1.160114 
0.000000 0.000000 0.000000 1.000000 

Leg_L.002
-0.997951 0.058142 -0.026685 -0.008361 
0.027307 0.009930 -0.999577 0.626050 
-0.057853 -0.998259 -0.011497 0.316790 
0.000000 0.000000 0.000000 1.000000 

Leg_L.003
0.998936 0.045563 0.007105 -0.003770 
-0.045964 0.996199 0.073985 0.626834 
-0.003707 -0.074233 0.997234 0.237971 
0.000000 0.000000 0.000000 1.000000 

Leg_L.004
0.989754 0.142730 -0.003801 0.003795 
-0.132967 0.931096 0.339675 0.792251 
0.052021 -0.335689 0.940535 0.225645 
0.000000 0.000000 0.000000 1.000000 

Ass_L.001
-0.993414 0.015042 0.113586 0.138833 
-0.012459 -0.999648 0.023417 0.054756 
0.113899 0.021848 0.993252 1.883791 
0.000000 0.000000 0.000000 1.000000 

Ass_R
0.050566 -0.997848 0.041730 -0.000000 
0.998558 0.049760 -0.020137 0.046112 
0.018017 0.042688 0.998926 1.893685 
0.000000 0.000000 0.000000 1.000000 

Leg_R
-0.040311 0.019330 -0.999000 -0.139153 
0.833281 0.552373 -0.022936 0.053051 
0.551378 -0.833373 -0.038374 1.899638 
0.000000 0.000000 0.000000 1.000000 

Leg_R.005
-0.035647 0.108110 -0.993499 -0.135981 
0.897415 0.440904 0.015779 0.143679 
0.439744 -0.891019 -0.112737 1.762907 
0.000000 0.000000 0.000000 1.000000 

Leg_R.001
0.172945 -0.044069 -0.983945 -0.067900 
0.764505 -0.623847 0.162315 0.421336 
-0.620984 -0.780303 -0.074200 1.201793 
0.000000 0.000000 0.000000 1.000000 

Leg_R.002
-0.979300 0.040343 -0.198352 -0.106991 
0.132121 -0.614983 -0.777393 -0.132045 
-0.153346 -0.787507 0.596923 0.509629 
0.000000 0.000000 0.000000 1.000000 

Leg_R.003
0.993203 0.116344 -0.003361 -0.103805 
-0.040020 0.368474 0.928776 -0.180602 
0.109296 -0.922328 0.370626 0.447450 
0.000000 0.000000 0.000000 1.000000 

Leg_R.004
0.996630 0.081248 0.011273 -0.084486 
-0.044129 0.415230 0.908645 -0.119417 
0.069145 -0.906080 0.417417 0.294298 
0.000000 0.000000 0.000000 1.000000 

Ass_R.001
-1.000000 0.000000 0.000012 -0.139153 
0.000003 -0.954405 0.298513 0.053051 
0.000012 0.298513 0.954406 1.899638 
0.000000 0.000000 0.000000 1.000000 

Frame 4
Base
1.000000 0.000000 0.000000 0.000000 
0.000000 0.000000 -1.000000 0.000000 
0.000000 1.000000 0.000000 0.000000 
0.000000 0.000000 0.000000 1.000000 

Ass
1.000000 -0.000000 0.000000 0.000000 
0.000000 0.083750 -0.996487 0.000000 
0.000000 0.996487 0.083750 1.345027 
0.000000 0.000000 0.000000 1.000000 

Back
1.000000 0.000000 -0.000000 -0.000000 
-0.000000 0.681522 -0.731797 0.046112 
0.000000 0.731797 0.681522 1.893685 
0.000000 0.000000 0.000000 1.000000 

Back.001
1.000000 -0.000000 -0.000000 0.000000 
-0.000000 0.084650 -0.996411 0.171260 
0.000000 0.996411 0.084651 2.028065 
0.000000 0.000000 0.000000 1.000000 

Torso
-1.000000 0.000000 -0.000000 -0.000000 
-0.000000 -0.385473 0.922719 0.186723 
-0.000000 0.922719 0.385473 2.210076 
0.000000 0.000000 0.000000 1.000000 

Torso.001
-1.000000 -0.000000 -0.000000 0.000000 
-0.000000 -0.206304 0.978488 0.093963 
-0.000000 0.978488 0.206304 2.432120 
0.000000 0.000000 0.000000 1.000000 

Neck
0.934085 -0.007951 0.356963 0.000000 
0.352484 0.179932 -0.918357 0.038427 
-0.056928 0.983647 0.170874 2.695523 
0.000000 0.000000 0.000000 1.000000 

Head
0.928906 0.077638 0.362087 -0.001324 
0.320536 0.321087 -0.891156 0.068388 
-0.185449 0.943862 0.273374 2.859316 
0.000000 0.000000 0.000000 1.000000 

Shoulder_L
-0.165031 0.870776 0.463156 0.000000 
-0.983222 -0.182249 -0.007696 0.038427 
0.077708 -0.456655 0.886243 2.695523 
0.000000 0.000000 0.000000 1.000000 

Shoulder_L.001
0.003393 0.285285 0.958437 0.190913 
-0.997176 -0.070946 0.024647 -0.001530 
0.075029 -0.955813 0.284238 2.595404 
0.000000 0.000000 0.000000 1.000000 

Arm_L
0.023752 0.187876 0.981906 0.209622 
-0.999489 -0.016540 0.027342 -0.006183 
0.021378 -0.982053 0.187387 2.532720 
0.000000 0.000000 0.000000 1.000000 

Palm_L
0.013438 0.239722 0.970749 0.269083 
-0.982909 0.181427 -0.031197 -0.011418 
-0.183599 -0.953738 0.238063 2.221908 
0.000000 0.000000 0.000000 1.000000 

Palm_L.001
0.990173 0.139796 0.003832 0.357359 
-0.033181 0.208223 0.977518 0.055391 
0.135855 -0.968039 0.210815 1.870704 
0.000000 0.000000 0.000000 1.000000 

Palm_L.002
0.062573 0.352660 0.933657 0.373139 
-0.949141 0.310259 -0.053580 0.078895 
-0.308571 -0.882819 0.354138 1.761430 
0.000000 0.000000 0.000000 1.000000 

Palm_L.003
-0.139079 0.302191 -0.943047 0.377836 
0.822143 0.566094 0.060151 0.140161 
0.552030 -0.766954 -0.327175 1.655797 
0.000000 0.000000 0.000000 1.000000 

Palm_L.004
-0.460339 0.227039 -0.858220 0.393541 
0.877743 -0.028294 -0.478295 0.169581 
-0.132874 -0.973474 -0.186256 1.615939 
0.000000 0.000000 0.000000 1.000000 

Palm_L.005
-0.086875 0.290998 -0.952771 0.400129 
0.996142 0.037248 -0.079454 0.168760 
0.012368 -0.955998 -0.293111 1.587690 
0.000000 0.000000 0.000000 1.000000 

Palm_L.006
0.949369 0.307353 0.065063 0.437905 
-0.099522 0.097791 0.990218 0.159872 
0.297983 -0.946557 0.123428 1.614558 
0.000000 0.000000 0.000000 1.000000 

Palm_L.007
0.126327 0.112279 -0.985614 0.454163 
0.988406 0.070121 0.134672 0.165045 
0.084233 -0.991199 -0.102119 1.564487 
0.000000 0.000000 0.000000 1.000000 

Palm_L.009
0.372635 0.276824 0.885727 0.449379 
-0.927189 0.071721 0.367663 0.135863 
0.038253 -0.958240 0.283393 1.606950 
0.000000 0.000000 0.000000 1.000000 

Palm_L.010
0.439838 0.056443 0.896302 0.466478 
-0.894239 -0.064649 0.442897 0.140293 
0.082943 -0.996310 0.022038 1.547760 
0.000000 0.000000 0.000000 1.000000 

Palm_L.012
-0.939133 0.233856 0.251678 0.451193 
-0.267204 -0.036727 -0.962940 0.113804 
-0.215946 -0.971577 0.096979 1.604890 
0.000000 0.000000 0.000000 1.000000 

Palm_L.013
-0.930186 0.236643 0.280634 0.462588 
-0.295979 -0.031266 -0.954682 0.112014 
-0.217144 -0.971094 0.099125 1.557548 
0.000000 0.000000 0.000000 1.000000 

Palm_L.014
-0.804932 0.569888 0.165269 0.450677 
-0.284534 -0.126295 -0.950310 0.091898 
-0.520697 -0.811959 0.263811 1.613690 
0.000000 0.000000 0.000000 1.000000 

Palm_L.015
-0.941099 0.153302 0.301384 0.478200 
-0.309230 -0.029630 -0.950526 0.085798 
-0.136788 -0.987735 0.075290 1.574476 
0.000000 0.000000 0.000000 1.000000 

Shoulder_R
-0.171045 -0.910003 -0.377674 0.000000 
0.983212 -0.182372 -0.005862 0.038427 
-0.063543 -0.372337 0.925920 2.695523 
0.000000 0.000000 0.000000 1.000000 

Shoulder_R.001
0.003563 -0.242932 -0.970037 -0.199513 
0.996821 -0.076342 0.022780 -0.001557 
-0.079589 -0.967035 0.241887 2.613890 
0.000000 0.000000 0.000000 1.000000 

Arm_R
0.021546 -0.144637 -0.989250 -0.215445 
0.999452 -0.021735 0.024946 -0.006564 
-0.025109 -0.989246 0.144090 2.550471 
0.000000 0.000000 0.000000 1.000000 

Palm_R
0.002317 -0.198292 -0.980140 -0.261221 
0.983792 0.176189 -0.033319 -0.013443 
0.179296 -0.964177 0.195486 2.237382 
0.000000 0.000000 0.000000 1.000000 

Palm_R.001
0.995064 -0.097919 -0.016112 -0.334240 
0.035844 0.203250 0.978470 0.051437 
-0.092536 -0.974218 0.205756 1.882334 
0.000000 0.000000 0.000000 1.000000 

Palm_R.002
0.157213 -0.876945 -0.454149 -0.345294 
0.917157 0.300177 -0.262138 0.074380 
0.366205 -0.375315 0.851488 1.772362 
0.000000 0.000000 0.000000 1.000000 

Palm_R.003
-0.387716 -0.787960 0.478325 -0.424735 
-0.789792 0.551539 0.268388 0.141261 
-0.475294 -0.273720 -0.836166 1.707944 
0.000000 0.000000 0.000000 1.000000 

Palm_R.004
-0.167659 -0.810237 0.561611 -0.465685 
-0.958456 0.000617 -0.285240 0.169924 
0.230766 -0.586102 -0.776680 1.693719 
0.000000 0.000000 0.000000 1.000000 

Palm_R.005
0.025405 -0.852657 0.521853 -0.489197 
-0.990044 0.050835 0.131257 0.169942 
-0.138446 -0.519992 -0.842877 1.676711 
0.000000 0.000000 0.000000 1.000000 

Palm_R.006
0.833612 -0.512030 -0.207164 -0.498610 
0.237740 -0.005934 0.971310 0.151828 
-0.498570 -0.858947 0.116783 1.719268 
0.000000 0.000000 0.000000 1.000000 

Palm_R.007
0.092611 0.733263 0.673609 -0.525696 
-0.878105 -0.258794 0.402438 0.151514 
0.469420 -0.628770 0.619914 1.673831 
0.000000 0.000000 0.000000 1.000000 

Palm_R.009
0.361712 -0.019757 -0.932081 -0.509807 
0.930612 -0.052301 0.362250 0.126671 
-0.055906 -0.998436 -0.000532 1.716479 
0.000000 0.000000 0.000000 1.000000 

Palm_R.010
0.446272 0.891539 0.077462 -0.511027 
0.853543 -0.450061 0.262505 0.123441 
0.268896 -0.051031 -0.961817 1.654807 
0.000000 0.000000 0.000000 1.000000 

Palm_R.012
-0.974826 0.009679 -0.222757 -0.510345 
0.211565 -0.275234 -0.937809 0.104902 
-0.070388 -0.961329 0.266257 1.712011 
0.000000 0.000000 0.000000 1.000000 

Palm_R.013
-0.102325 0.823872 -0.557463 -0.509873 
-0.027705 -0.562547 -0.826300 0.091491 
-0.994365 -0.069106 0.080388 1.665169 
0.000000 0.000000 0.000000 1.000000 

Palm_R.014
-0.968690 -0.247392 0.020900 -0.501979 
0.037926 -0.230645 -0.972298 0.082928 
0.245359 -0.941063 0.232806 1.714181 
0.000000 0.000000 0.000000 1.000000 

Palm_R.015
0.093572 0.983571 0.154380 -0.513926 
-0.355600 0.177849 -0.917561 0.071789 
-0.929942 0.030960 0.366399 1.668732 
0.000000 0.000000 0.000000 1.000000 

Breast_L
0.809262 0.288701 0.511612 0.110669 
-0.186608 0.952134 -0.242112 0.174772 
-0.557021 0.100461 0.824400 2.491075 
0.000000 0.000000 0.000000 1.000000 

Breast_R
0.809262 -0.288701 -0.511612 -0.110669 
0.186608 0.952134 -0.242112 0.174772 
0.557021 0.100461 0.824400 2.491075 
0.000000 0.000000 0.000000 1.000000 

Ass_L
0.060000 0.995552 0.072638 -0.000000 
-0.997754 0.061985 -0.025390 0.046112 
-0.029779 -0.070952 0.997035 1.893685 
0.000000 0.000000 0.000000 1.000000 

Leg_L
0.013225 -0.066754 0.997681 0.138833 
-0.980094 0.196802 0.026160 0.054756 
-0.198092 -0.978168 -0.062822 1.883791 
0.000000 0.000000 0.000000 1.000000 

Leg_L.005
-0.057462 -0.133417 0.989392 0.127880 
-0.904197 0.427086 0.005078 0.087045 
-0.423233 -0.894314 -0.145177 1.723303 
0.000000 0.000000 0.000000 1.000000 

Leg_L.001
-0.051426 -0.058872 0.996940 0.043862 
-0.952023 0.304438 -0.031131 0.356000 
-0.301673 -0.950711 -0.071704 1.160114 
0.000000 0.000000 0.000000 1.000000 

Leg_L.002
-0.997951 0.058142 -0.026685 -0.008361 
0.027307 0.009930 -0.999577 0.626050 
-0.057853 -0.998259 -0.011497 0.316790 
0.000000 0.000000 0.000000 1.000000 

Leg_L.003
0.998936 0.045563 0.007105 -0.003770 
-0.045964 0.996199 0.073985 0.626834 
-0.003707 -0.074233 0.997234 0.237971 
0.000000 0.000000 0.000000 1.000000 

Leg_L.004
0.989754 0.142730 -0.003801 0.003795 
-0.132967 0.931096 0.339675 0.792251 
0.052021 -0.335689 0.940535 0.225645 
0.000000 0.000000 0.000000 1.000000 

Ass_L.001
-0.993414 0.015042 0.113586 0.138833 
-0.012459 -0.999648 0.023417 0.054756 
0.113899 0.021848 0.993252 1.883791 
0.000000 0.000000 0.000000 1.000000 

Ass_R
0.050566 -0.997848 0.041730 -0.000000 
0.998558 0.049760 -0.020137 0.046112 
0.018017 0.042688 0.998926 1.893685 
0.000000 0.000000 0.000000 1.000000 

Leg_R
-0.040311 0.019330 -0.999000 -0.139153 
0.833281 0.552373 -0.022936 0.053051 
0.551378 -0.833373 -0.038374 1.899638 
0.000000 0.000000 0.000000 1.000000 

Leg_R.005
-0.035647 0.108110 -0.993499 -0.135981 
0.897415 0.440904 0.015779 0.143679 
0.439744 -0.891019 -0.112737 1.762907 
0.000000 0.000000 0.000000 1.000000 

Leg_R.001
0.172945 -0.044069 -0.983945 -0.067900 
0.764505 -0.623847 0.162315 0.421336 
-0.620984 -0.780303 -0.074200 1.201793 
0.000000 0.000000 0.000000 1.000000 

Leg_R.002
-0.979300 0.040343 -0.198352 -0.106991 
0.132121 -0.614983 -0.777393 -0.132045 
-0.153346 -0.787507 0.596923 0.509629 
0.000000 0.000000 0.000000 1.000000 

Leg_R.003
0.993203 0.116344 -0.003361 -0.103805 
-0.040020 0.368474 0.928776 -0.180602 
0.109296 -0.922328 0.370626 0.447450 
0.000000 0.000000 0.000000 1.000000 

Leg_R.004
0.996630 0.081248 0.011273 -0.084486 
-0.044129 0.415230 0.908645 -0.119417 
0.069145 -0.906080 0.417417 0.294298 
0.000000 0.000000 0.000000 1.000000 

Ass_R.001
-1.000000 0.000000 0.000012 -0.139153 
0.000003 -0.954405 0.298513 0.053051 
0.000012 0.298513 0.954406 1.899638 
0.000000 0.000000 0.000000 1.000000 

Frame 5
Base
1.000000 0.000000 0.000000 0.000000 
0.000000 0.000000 -1.000000 0.000000 
0.000000 1.000000 0.000000 0.000000 
0.000000 0.000000 0.000000 1.000000 

Ass
1.000000 -0.000000 0.000000 0.000000 
0.000000 0.083750 -0.996487 0.000000 
0.000000 0.996487 0.083750 1.345027 
0.000000 0.000000 0.000000 1.000000 

Back
1.000000 0.000000 -0.000000 -0.000000 
-0.000000 0.681522 -0.731797 0.046112 
0.000000 0.731797 0.681522 1.893685 
0.000000 0.000000 0.000000 1.000000 

Back.001
1.000000 -0.000000 -0.000000 0.000000 
-0.000000 0.084650 -0.996411 0.171260 
0.000000 0.996411 0.084651 2.028065 
0.000000 0.000000 0.000000 1.000000 

Torso
