simple game object export addon
Bones 10
[
Frames 251
Frame 0
Head_Base
1.000000 0.000000 0.000000 0.001461 
0.000000 0.254493 -0.967075 0.275778 
0.000000 0.967075 0.254493 3.086307 
0.000000 0.000000 0.000000 1.000000 

jaw
1.000000 -0.000000 -0.000000 0.000000 
0.000000 0.781878 0.623431 0.402757 
0.000000 -0.623431 0.781878 3.134906 
0.000000 0.000000 0.000000 1.000000 

dwn_lip
1.000000 0.000000 -0.000000 0.000000 
-0.000000 0.033749 -0.999430 0.551455 
-0.000000 0.999430 0.033749 3.039467 
0.000000 0.000000 0.000000 1.000000 

dwn_lip.r
1.000000 0.000000 0.000000 -0.061439 
0.000000 0.015553 -0.999879 0.528447 
-0.000000 0.999879 0.015554 3.050207 
0.000000 0.000000 0.000000 1.000000 

dwn_lip.l
1.000000 -0.000000 0.000000 0.065656 
0.000000 0.015554 -0.999879 0.528447 
0.000000 0.999879 0.015554 3.050207 
0.000000 0.000000 0.000000 1.000000 

up_lip.r
1.000000 0.000000 0.000000 -0.063246 
0.000000 0.989503 0.144514 0.402757 
0.000000 -0.144514 0.989503 3.135509 
0.000000 0.000000 0.000000 1.000000 

up_lip.l
1.000000 0.000000 0.000000 0.065656 
0.000000 0.989503 0.144514 0.402757 
0.000000 -0.144514 0.989503 3.135509 
0.000000 0.000000 0.000000 1.000000 

up_lip
1.000000 0.000000 -0.000000 0.000000 
0.000000 0.999379 0.035245 0.402757 
0.000000 -0.035245 0.999379 3.134906 
0.000000 0.000000 0.000000 1.000000 

lip.r
1.000000 0.000000 0.000000 0.110443 
0.000000 0.982873 0.184286 0.383118 
0.000000 -0.184285 0.982873 3.118100 
0.000000 0.000000 0.000000 1.000000 

lip.l
1.000000 0.000000 0.000000 -0.112452 
0.000000 0.982873 0.184286 0.383118 
0.000000 -0.184285 0.982873 3.118100 
0.000000 0.000000 0.000000 1.000000 

Frame 1
Head_Base
1.000000 0.000000 0.000000 0.001461 
0.000000 0.254493 -0.967075 0.275778 
0.000000 0.967075 0.254493 3.086307 
0.000000 0.000000 0.000000 1.000000 

jaw
1.000000 -0.000000 -0.000000 0.000000 
0.000000 0.781878 0.623431 0.402757 
0.000000 -0.623431 0.781878 3.134906 
0.000000 0.000000 0.000000 1.000000 

dwn_lip
1.000000 0.000000 -0.000000 0.000000 
-0.000000 0.033749 -0.999430 0.551455 
-0.000000 0.999430 0.033749 3.039467 
0.000000 0.000000 0.000000 1.000000 

dwn_lip.r
1.000000 0.000000 0.000000 -0.061439 
0.000000 0.015553 -0.999879 0.528447 
-0.000000 0.999879 0.015554 3.050207 
0.000000 0.000000 0.000000 1.000000 

dwn_lip.l
1.000000 -0.000000 0.000000 0.065656 
0.000000 0.015554 -0.999879 0.528447 
0.000000 0.999879 0.015554 3.050207 
0.000000 0.000000 0.000000 1.000000 

up_lip.r
1.000000 0.000000 0.000000 -0.063246 
0.000000 0.989503 0.144514 0.402757 
0.000000 -0.144514 0.989503 3.135509 
0.000000 0.000000 0.000000 1.000000 

up_lip.l
1.000000 0.000000 0.000000 0.065656 
0.000000 0.989503 0.144514 0.402757 
0.000000 -0.144514 0.989503 3.135509 
0.000000 0.000000 0.000000 1.000000 

up_lip
1.000000 0.000000 -0.000000 0.000000 
0.000000 0.999379 0.035245 0.402757 
0.000000 -0.035245 0.999379 3.134906 
0.000000 0.000000 0.000000 1.000000 

lip.r
1.000000 0.000000 0.000000 0.110443 
0.000000 0.982873 0.184286 0.383118 
0.000000 -0.184285 0.982873 3.118100 
0.000000 0.000000 0.000000 1.000000 

lip.l
1.000000 0.000000 0.000000 -0.112452 
0.000000 0.982873 0.184286 0.383118 
0.000000 -0.184285 0.982873 3.118100 
0.000000 0.000000 0.000000 1.000000 

Frame 2
Head_Base
1.000000 0.000000 0.000000 0.001461 
0.000000 0.254493 -0.967075 0.275778 
0.000000 0.967075 0.254493 3.086307 
0.000000 0.000000 0.000000 1.000000 

jaw
1.000000 -0.000000 -0.000000 0.000000 
0.000000 0.781878 0.623431 0.402757 
0.000000 -0.623431 0.781878 3.134906 
0.000000 0.000000 0.000000 1.000000 

dwn_lip
1.000000 0.000000 -0.000000 0.000000 
-0.000000 0.033749 -0.999430 0.551455 
-0.000000 0.999430 0.033749 3.039467 
0.000000 0.000000 0.000000 1.000000 

dwn_lip.r
1.000000 0.000000 0.000000 -0.061439 
0.000000 0.015553 -0.999879 0.528447 
-0.000000 0.999879 0.015554 3.050207 
0.000000 0.000000 0.000000 1.000000 

dwn_lip.l
1.000000 -0.000000 0.000000 0.065656 
0.000000 0.015554 -0.999879 0.528447 
0.000000 0.999879 0.015554 3.050207 
0.000000 0.000000 0.000000 1.000000 

up_lip.r
1.000000 0.000000 0.000000 -0.063246 
0.000000 0.989503 0.144514 0.402757 
0.000000 -0.144514 0.989503 3.135509 
0.000000 0.000000 0.000000 1.000000 

up_lip.l
1.000000 0.000000 0.000000 0.065656 
0.000000 0.989503 0.144514 0.402757 
0.000000 -0.144514 0.989503 3.135509 
0.000000 0.000000 0.000000 1.000000 

up_lip
1.000000 0.000000 -0.000000 0.000000 
0.000000 0.999379 0.035245 0.402757 
0.000000 -0.035245 0.999379 3.134906 
0.000000 0.000000 0.000000 1.000000 

lip.r
1.000000 0.000000 0.000000 0.110443 
0.000000 0.982873 0.184286 0.383118 
0.000000 -0.184285 0.982873 3.118100 
0.000000 0.000000 0.000000 1.000000 

lip.l
1.000000 0.000000 0.000000 -0.112452 
0.000000 0.982873 0.184286 0.383118 
0.000000 -0.184285 0.982873 3.118100 
0.000000 0.000000 0.000000 1.000000 

Frame 3
Head_Base
1.000000 0.000000 0.000000 0.001461 
0.000000 0.254493 -0.967075 0.275778 
0.000000 0.967075 0.254493 3.086307 
0.000000 0.000000 0.000000 1.000000 

jaw
1.000000 -0.000000 -0.000000 0.000000 
0.000000 0.781878 0.623431 0.402757 
0.000000 -0.623431 0.781878 3.134906 
0.000000 0.000000 0.000000 1.000000 

dwn_lip
1.000000 0.000000 -0.000000 0.000000 
-0.000000 0.033749 -0.999430 0.551455 
-0.000000 0.999430 0.033749 3.039467 
0.000000 0.000000 0.000000 1.000000 

dwn_lip.r
1.000000 0.000000 0.000000 -0.061439 
0.000000 0.015553 -0.999879 0.528447 
-0.000000 0.999879 0.015554 3.050207 
0.000000 0.000000 0.000000 1.000000 

dwn_lip.l
1.000000 -0.000000 0.000000 0.065656 
0.000000 0.015554 -0.999879 0.528447 
0.000000 0.999879 0.015554 3.050207 
0.000000 0.000000 0.000000 1.000000 

up_lip.r
1.000000 0.000000 0.000000 -0.063246 
0.000000 0.989503 0.144514 0.402757 
0.000000 -0.144514 0.989503 3.135509 
0.000000 0.000000 0.000000 1.000000 

up_lip.l
1.000000 0.000000 0.000000 0.065656 
0.000000 0.989503 0.144514 0.402757 
0.000000 -0.144514 0.989503 3.135509 
0.000000 0.000000 0.000000 1.000000 

up_lip
1.000000 0.000000 -0.000000 0.000000 
0.000000 0.999379 0.035245 0.402757 
0.000000 -0.035245 0.999379 3.134906 
0.000000 0.000000 0.000000 1.000000 

lip.r
1.000000 0.000000 0.000000 0.110443 
0.000000 0.982873 0.184286 0.383118 
0.000000 -0.184285 0.982873 3.118100 
0.000000 0.000000 0.000000 1.000000 

lip.l
1.000000 0.000000 0.000000 -0.112452 
0.000000 0.982873 0.184286 0.383118 
0.000000 -0.184285 0.982873 3.118100 
0.000000 0.000000 0.000000 1.000000 

Frame 4
Head_Base
1.000000 0.000000 0.000000 0.001461 
0.000000 0.254493 -0.967075 0.275778 
0.000000 0.967075 0.254493 3.086307 
0.000000 0.000000 0.000000 1.000000 

jaw
1.000000 -0.000000 -0.000000 0.000000 
0.000000 0.781878 0.623431 0.402757 
0.000000 -0.623431 0.781878 3.134906 
0.000000 0.000000 0.000000 1.000000 

dwn_lip
1.000000 0.000000 -0.000000 0.000000 
-0.000000 0.033749 -0.999430 0.551455 
-0.000000 0.999430 0.033749 3.039467 
0.000000 0.000000 0.000000 1.000000 

dwn_lip.r
1.000000 0.000000 0.000000 -0.061439 
0.000000 0.015553 -0.999879 0.528447 
-0.000000 0.999879 0.015554 3.050207 
0.000000 0.000000 0.000000 1.000000 

dwn_lip.l
1.000000 -0.000000 0.000000 0.065656 
0.000000 0.015554 -0.999879 0.528447 
0.000000 0.999879 0.015554 3.050207 
0.000000 0.000000 0.000000 1.000000 

up_lip.r
1.000000 0.000000 0.000000 -0.063246 
0.000000 0.989503 0.144514 0.402757 
0.000000 -0.144514 0.989503 3.135509 
0.000000 0.000000 0.000000 1.000000 

up_lip.l
1.000000 0.000000 0.000000 0.065656 
0.000000 0.989503 0.144514 0.402757 
0.000000 -0.144514 0.989503 3.135509 
0.000000 0.000000 0.000000 1.000000 

up_lip
1.000000 0.000000 -0.000000 0.000000 
0.000000 0.999379 0.035245 0.402757 
0.000000 -0.035245 0.999379 3.134906 
0.000000 0.000000 0.000000 1.000000 

lip.r
1.000000 0.000000 0.000000 0.110443 
0.000000 0.982873 0.184286 0.383118 
0.000000 -0.184285 0.982873 3.118100 
0.000000 0.000000 0.000000 1.000000 

lip.l
1.000000 0.000000 0.000000 -0.112452 
0.000000 0.982873 0.184286 0.383118 
0.000000 -0.184285 0.982873 3.118100 
0.000000 0.000000 0.000000 1.000000 

Frame 5
Head_Base
1.000000 0.000000 0.000000 0.001461 
0.000000 0.254493 -0.967075 0.275778 
0.000000 0.967075 0.254493 3.086307 
0.000000 0.000000 0.000000 1.000000 

jaw
1.000000 -0.000000 -0.000000 0.000000 
0.000000 0.781878 0.623431 0.402757 
0.000000 -0.623431 0.781878 3.134906 
0.000000 0.000000 0.000000 1.000000 

dwn_lip
1.000000 0.000000 -0.000000 0.000000 
-0.000000 0.033749 -0.999430 0.551455 
-0.000000 0.999430 0.033749 3.039467 
0.000000 0.000000 0.000000 1.000000 

dwn_lip.r
1.000000 0.000000 0.000000 -0.061439 
0.000000 0.015553 -0.999879 0.528447 
-0.000000 0.999879 0.015554 3.050207 
0.000000 0.000000 0.000000 1.000000 

dwn_lip.l
1.000000 -0.000000 0.000000 0.065656 
0.000000 0.015554 -0.999879 0.528447 
0.000000 0.999879 0.015554 3.050207 
0.000000 0.000000 0.000000 1.000000 

up_lip.r
1.000000 0.000000 0.000000 -0.063246 
0.000000 0.989503 0.144514 0.402757 
0.000000 -0.144514 0.989503 3.135509 
0.000000 0.000000 0.000000 1.000000 

up_lip.l
1.000000 0.000000 0.000000 0.065656 
0.000000 0.989503 0.144514 0.402757 
0.000000 -0.144514 0.989503 3.135509 
0.000000 0.000000 0.000000 1.000000 

up_lip
1.000000 0.000000 -0.000000 0.000000 
0.000000 0.999379 0.035245 0.402757 
0.000000 -0.035245 0.999379 3.134906 
0.000000 0.000000 0.000000 1.000000 

lip.r
1.000000 0.000000 0.000000 0.110443 
0.000000 0.982873 0.184286 0.383118 
0.000000 -0.184285 0.982873 3.118100 
0.000000 0.000000 0.000000 1.000000 

lip.l
1.000000 0.000000 0.000000 -0.112452 
0.000000 0.982873 0.184286 0.383118 
0.000000 -0.184285 0.982873 3.118100 
0.000000 0.000000 0.000000 1.000000 

Frame 6
Head_Base
1.000000 0.000000 0.000000 0.001461 
0.000000 0.254493 -0.967075 0.275778 
0.000000 0.967075 0.254493 3.086307 
0.000000 0.000000 0.000000 1.000000 

jaw
1.000000 -0.000000 -0.000000 0.000000 
0.000000 0.781878 0.623431 0.402757 
0.000000 -0.623431 0.781878 3.134906 
0.000000 0.000000 0.000000 1.000000 

dwn_lip
1.000000 0.000000 -0.000000 0.000000 
-0.000000 0.033749 -0.999430 0.551455 
-0.000000 0.999430 0.033749 3.039467 
0.000000 0.000000 0.000000 1.000000 

dwn_lip.r
1.000000 0.000000 0.000000 -0.061439 
0.000000 0.015553 -0.999879 0.528447 
-0.000000 0.999879 0.015554 3.050207 
0.000000 0.000000 0.000000 1.000000 

dwn_lip.l
1.000000 -0.000000 0.000000 0.065656 
0.000000 0.015554 -0.999879 0.528447 
0.000000 0.999879 0.015554 3.050207 
0.000000 0.000000 0.000000 1.000000 

up_lip.r
1.000000 0.000000 0.000000 -0.063246 
0.000000 0.989503 0.144514 0.402757 
0.000000 -0.144514 0.989503 3.135509 
0.000000 0.000000 0.000000 1.000000 

up_lip.l
1.000000 0.000000 0.000000 0.065656 
0.000000 0.989503 0.144514 0.402757 
0.000000 -0.144514 0.989503 3.135509 
0.000000 0.000000 0.000000 1.000000 

up_lip
1.000000 0.000000 -0.000000 0.000000 
0.000000 0.999379 0.035245 0.402757 
0.000000 -0.035245 0.999379 3.134906 
0.000000 0.000000 0.000000 1.000000 

lip.r
1.000000 0.000000 0.000000 0.110443 
0.000000 0.982873 0.184286 0.383118 
0.000000 -0.184285 0.982873 3.118100 
0.000000 0.000000 0.000000 1.000000 

lip.l
1.000000 0.000000 0.000000 -0.112452 
0.000000 0.982873 0.184286 0.383118 
0.000000 -0.184285 0.982873 3.118100 
0.000000 0.000000 0.000000 1.000000 

Frame 7
Head_Base
1.000000 0.000000 0.000000 0.001461 
0.000000 0.254493 -0.967075 0.275778 
0.000000 0.967075 0.254493 3.086307 
0.000000 0.000000 0.000000 1.000000 

jaw
1.000000 -0.000000 -0.000000 0.000000 
0.000000 0.781878 0.623431 0.402757 
0.000000 -0.623431 0.781878 3.134906 
0.000000 0.000000 0.000000 1.000000 

dwn_lip
1.000000 0.000000 -0.000000 0.000000 
-0.000000 0.033749 -0.999430 0.551455 
-0.000000 0.999430 0.033749 3.039467 
0.000000 0.000000 0.000000 1.000000 

dwn_lip.r
1.000000 0.000000 0.000000 -0.061439 
0.000000 0.015553 -0.999879 0.528447 
-0.000000 0.999879 0.015554 3.050207 
0.000000 0.000000 0.000000 1.000000 

dwn_lip.l
1.000000 -0.000000 0.000000 0.065656 
0.000000 0.015554 -0.999879 0.528447 
0.000000 0.999879 0.015554 3.050207 
0.000000 0.000000 0.000000 1.000000 

up_lip.r
1.000000 0.000000 0.000000 -0.063246 
0.000000 0.989503 0.144514 0.402757 
0.000000 -0.144514 0.989503 3.135509 
0.000000 0.000000 0.000000 1.000000 

up_lip.l
1.000000 0.000000 0.000000 0.065656 
0.000000 0.989503 0.144514 0.402757 
0.000000 -0.144514 0.989503 3.135509 
0.000000 0.000000 0.000000 1.000000 

up_lip
1.000000 0.000000 -0.000000 0.000000 
0.000000 0.999379 0.035245 0.402757 
0.000000 -0.035245 0.999379 3.134906 
0.000000 0.000000 0.000000 1.000000 

lip.r
1.000000 0.000000 0.000000 0.110443 
0.000000 0.982873 0.184286 0.383118 
0.000000 -0.184285 0.982873 3.118100 
0.000000 0.000000 0.000000 1.000000 

lip.l
1.000000 0.000000 0.000000 -0.112452 
0.000000 0.982873 0.184286 0.383118 
0.000000 -0.184285 0.982873 3.118100 
0.000000 0.000000 0.000000 1.000000 

Frame 8
Head_Base
1.000000 0.000000 0.000000 0.001461 
0.000000 0.254493 -0.967075 0.275778 
0.000000 0.967075 0.254493 3.086307 
0.000000 0.000000 0.000000 1.000000 

jaw
1.000000 -0.000000 -0.000000 0.000000 
0.000000 0.781878 0.623431 0.402757 
0.000000 -0.623431 0.781878 3.134906 
0.000000 0.000000 0.000000 1.000000 

dwn_lip
1.000000 0.000000 -0.000000 0.000000 
-0.000000 0.033749 -0.999430 0.551455 
-0.000000 0.999430 0.033749 3.039467 
0.000000 0.000000 0.000000 1.000000 

dwn_lip.r
1.000000 0.000000 0.000000 -0.061527 
0.000000 0.015553 -0.999879 0.528672 
-0.000000 0.999879 0.015554 3.044552 
0.000000 0.000000 0.000000 1.000000 

dwn_lip.l
1.000000 -0.000000 0.000000 0.065568 
0.000000 0.015554 -0.999879 0.528672 
0.000000 0.999879 0.015554 3.044552 
0.000000 0.000000 0.000000 1.000000 

up_lip.r
1.000000 0.000000 0.000000 -0.063204 
0.000000 0.989503 0.144514 0.400512 
0.000000 -0.144514 0.989503 3.139195 
0.000000 0.000000 0.000000 1.000000 

up_lip.l
1.000000 0.000000 0.000000 0.065698 
0.000000 0.989503 0.144514 0.400512 
0.000000 -0.144514 0.989503 3.139195 
0.000000 0.000000 0.000000 1.000000 

up_lip
1.000000 0.000000 -0.000000 0.000000 
0.000000 0.999379 0.035245 0.402757 
0.000000 -0.035245 0.999379 3.134906 
0.000000 0.000000 0.000000 1.000000 

lip.r
1.000000 0.000000 0.000000 0.110382 
0.000000 0.982873 0.184286 0.382664 
0.000000 -0.184285 0.982873 3.113677 
0.000000 0.000000 0.000000 1.000000 

lip.l
1.000000 0.000000 0.000000 -0.112512 
0.000000 0.982873 0.184286 0.382664 
0.000000 -0.184285 0.982873 3.113677 
0.000000 0.000000 0.000000 1.000000 

Frame 9
Head_Base
1.000000 0.000000 0.000000 0.001461 
0.000000 0.254493 -0.967075 0.275778 
0.000000 0.967075 0.254493 3.086307 
0.000000 0.000000 0.000000 1.000000 

jaw
1.000000 -0.000000 -0.000000 0.000000 
0.000000 0.781878 0.623431 0.402757 
0.000000 -0.623431 0.781878 3.134906 
0.000000 0.000000 0.000000 1.000000 

dwn_lip
1.000000 0.000000 -0.000000 0.000000 
-0.000000 0.033749 -0.999430 0.551455 
-0.000000 0.999430 0.033749 3.039467 
0.000000 0.000000 0.000000 1.000000 

dwn_lip.r
1.000000 0.000000 0.000000 -0.061715 
0.000000 0.015553 -0.999879 0.529154 
-0.000000 0.999879 0.015554 3.032452 
0.000000 0.000000 0.000000 1.000000 

dwn_lip.l
1.000000 -0.000000 0.000000 0.065380 
0.000000 0.015554 -0.999879 0.529154 
0.000000 0.999879 0.015554 3.032452 
0.000000 0.000000 0.000000 1.000000 

up_lip.r
1.000000 0.000000 0.000000 -0.063113 
0.000000 0.989503 0.144514 0.395709 
0.000000 -0.144514 0.989503 3.147084 
0.000000 0.000000 0.000000 1.000000 

up_lip.l
1.000000 0.000000 0.000000 0.065789 
0.000000 0.989503 0.144514 0.395709 
0.000000 -0.144514 0.989503 3.147084 
0.000000 0.000000 0.000000 1.000000 

up_lip
1.000000 0.000000 -0.000000 0.000000 
0.000000 0.999379 0.035245 0.402757 
0.000000 -0.035245 0.999379 3.134906 
0.000000 0.000000 0.000000 1.000000 

lip.r
1.000000 0.000000 0.000000 0.110252 
0.000000 0.982873 0.184286 0.381693 
0.000000 -0.184285 0.982873 3.104212 
0.000000 0.000000 0.000000 1.000000 

lip.l
1.000000 0.000000 0.000000 -0.112643 
0.000000 0.982873 0.184286 0.381693 
0.000000 -0.184285 0.982873 3.104212 
0.000000 0.000000 0.000000 1.000000 

Frame 10
Head_Base
1.000000 0.000000 0.000000 0.001461 
0.000000 0.254493 -0.967075 0.275778 
0.000000 0.967075 0.254493 3.086307 
0.000000 0.000000 0.000000 1.000000 

jaw
1.000000 -0.000000 -0.000000 0.000000 
0.000000 0.781878 0.623431 0.402757 
0.000000 -0.623431 0.781878 3.134906 
0.000000 0.000000 0.000000 1.000000 

dwn_lip
1.000000 0.000000 -0.000000 0.000000 
-0.000000 0.033749 -0.999430 0.551455 
-0.000000 0.999430 0.033749 3.039467 
0.000000 0.000000 0.000000 1.000000 

dwn_lip.r
1.000000 0.000000 0.000000 -0.061803 
0.000000 0.015553 -0.999879 0.529379 
-0.000000 0.999879 0.015554 3.026798 
0.000000 0.000000 0.000000 1.000000 

dwn_lip.l
1.000000 -0.000000 0.000000 0.065292 
0.000000 0.015554 -0.999879 0.529379 
0.000000 0.999879 0.015554 3.026798 
0.000000 0.000000 0.000000 1.000000 

up_lip.r
1.000000 0.000000 0.000000 -0.063071 
0.000000 0.989503 0.144514 0.393465 
0.000000 -0.144514 0.989503 3.150771 
0.000000 0.000000 0.000000 1.000000 

up_lip.l
1.000000 0.000000 0.000000 0.065831 
0.000000 0.989503 0.144514 0.393465 
0.000000 -0.144514 0.989503 3.150771 
0.000000 0.000000 0.000000 1.000000 

up_lip
1.000000 0.000000 -0.000000 0.000000 
0.000000 0.999379 0.035245 0.402757 
0.000000 -0.035245 0.999379 3.134906 
0.000000 0.000000 0.000000 1.000000 

lip.r
1.000000 0.000000 0.000000 0.110191 
0.000000 0.982873 0.184286 0.381240 
0.000000 -0.184285 0.982873 3.099789 
0.000000 0.000000 0.000000 1.000000 

lip.l
1.000000 0.000000 0.000000 -0.112704 
0.000000 0.982873 0.184286 0.381240 
0.000000 -0.184285 0.982873 3.099789 
0.000000 0.000000 0.000000 1.000000 

Frame 11
Head_Base
1.000000 0.000000 0.000000 0.001461 
0.000000 0.254493 -0.967075 0.275778 
0.000000 0.967075 0.254493 3.086307 
0.000000 0.000000 0.000000 1.000000 

jaw
1.000000 -0.000000 -0.000000 0.000000 
0.000000 0.781878 0.623431 0.402757 
0.000000 -0.623431 0.781878 3.134906 
0.000000 0.000000 0.000000 1.000000 

dwn_lip
1.000000 0.000000 -0.000000 0.000000 
-0.000000 0.033749 -0.999430 0.551455 
-0.000000 0.999430 0.033749 3.039467 
0.000000 0.000000 0.000000 1.000000 

dwn_lip.r
1.000000 0.000000 0.000000 -0.061803 
0.000000 0.015553 -0.999879 0.529379 
-0.000000 0.999879 0.015554 3.026798 
0.000000 0.000000 0.000000 1.000000 

dwn_lip.l
1.000000 -0.000000 0.000000 0.065292 
0.000000 0.015554 -0.999879 0.529379 
0.000000 0.999879 0.015554 3.026798 
0.000000 0.000000 0.000000 1.000000 

up_lip.r
1.000000 0.000000 0.000000 -0.063071 
0.000000 0.989503 0.144514 0.393465 
0.000000 -0.144514 0.989503 3.150771 
0.000000 0.000000 0.000000 1.000000 

up_lip.l
1.000000 0.000000 0.000000 0.065831 
0.000000 0.989503 0.144514 0.393465 
0.000000 -0.144514 0.989503 3.150771 
0.000000 0.000000 0.000000 1.000000 

up_lip
1.000000 0.000000 -0.000000 0.000000 
0.000000 0.999379 0.035245 0.402757 
0.000000 -0.035245 0.999379 3.134906 
0.000000 0.000000 0.000000 1.000000 

lip.r
1.000000 0.000000 0.000000 0.110191 
0.000000 0.982873 0.184286 0.381240 
0.000000 -0.184285 0.982873 3.099789 
0.000000 0.000000 0.000000 1.000000 

lip.l
1.000000 0.000000 0.000000 -0.112704 
0.000000 0.982873 0.184286 0.381240 
0.000000 -0.184285 0.982873 3.099789 
0.000000 0.000000 0.000000 1.000000 

Frame 12
Head_Base
1.000000 0.000000 0.000000 0.001461 
0.000000 0.254493 -0.967075 0.275778 
0.000000 0.967075 0.254493 3.086307 
0.000000 0.000000 0.000000 1.000000 

jaw
1.000000 -0.000000 -0.000000 0.000000 
0.000000 0.781878 0.623431 0.402757 
0.000000 -0.623431 0.781878 3.134906 
0.000000 0.000000 0.000000 1.000000 

dwn_lip
1.000000 0.000000 -0.000000 0.000000 
-0.000000 0.033749 -0.999430 0.551455 
-0.000000 0.999430 0.033749 3.039467 
0.000000 0.000000 0.000000 1.000000 

dwn_lip.r
1.000000 0.000000 0.000000 -0.061803 
0.000000 0.015553 -0.999879 0.529379 
-0.000000 0.999879 0.015554 3.026798 
0.000000 0.000000 0.000000 1.000000 

dwn_lip.l
1.000000 -0.000000 0.000000 0.065292 
0.000000 0.015554 -0.999879 0.529379 
0.000000 0.999879 0.015554 3.026798 
0.000000 0.000000 0.000000 1.000000 

up_lip.r
1.000000 0.000000 0.000000 -0.063071 
0.000000 0.989503 0.144514 0.393465 
0.000000 -0.144514 0.989503 3.150771 
0.000000 0.000000 0.000000 1.000000 

up_lip.l
1.000000 0.000000 0.000000 0.065831 
0.000000 0.989503 0.144514 0.393465 
0.000000 -0.144514 0.989503 3.150771 
0.000000 0.000000 0.000000 1.000000 

up_lip
1.000000 0.000000 -0.000000 0.000000 
0.000000 0.999379 0.035245 0.402757 
0.000000 -0.035245 0.999379 3.134906 
0.000000 0.000000 0.000000 1.000000 

lip.r
1.000000 0.000000 0.000000 0.110191 
0.000000 0.982873 0.184286 0.381240 
0.000000 -0.184285 0.982873 3.099789 
0.000000 0.000000 0.000000 1.000000 

lip.l
1.000000 0.000000 0.000000 -0.112704 
0.000000 0.982873 0.184286 0.381240 
0.000000 -0.184285 0.982873 3.099789 
0.000000 0.000000 0.000000 1.000000 

Frame 13
Head_Base
1.000000 0.000000 0.000000 0.001461 
0.000000 0.254493 -0.967075 0.275778 
0.000000 0.967075 0.254493 3.086307 
0.000000 0.000000 0.000000 1.000000 

jaw
1.000000 -0.000000 -0.000000 0.000000 
0.000000 0.781878 0.623431 0.402757 
0.000000 -0.623431 0.781878 3.134906 
0.000000 0.000000 0.000000 1.000000 

dwn_lip
1.000000 0.000000 -0.000000 0.000000 
-0.000000 0.033749 -0.999430 0.551455 
-0.000000 0.999430 0.033749 3.039467 
0.000000 0.000000 0.000000 1.000000 

dwn_lip.r
1.000000 0.000000 0.000000 -0.061803 
0.000000 0.015553 -0.999879 0.529379 
-0.000000 0.999879 0.015554 3.026798 
0.000000 0.000000 0.000000 1.000000 

dwn_lip.l
1.000000 -0.000000 0.000000 0.065292 
0.000000 0.015554 -0.999879 0.529379 
0.000000 0.999879 0.015554 3.026798 
0.000000 0.000000 0.000000 1.000000 

up_lip.r
1.000000 0.000000 0.000000 -0.063071 
0.000000 0.989503 0.144514 0.393465 
0.000000 -0.144514 0.989503 3.150771 
0.000000 0.000000 0.000000 1.000000 

up_lip.l
1.000000 0.000000 0.000000 0.065831 
0.000000 0.989503 0.144514 0.393465 
0.000000 -0.144514 0.989503 3.150771 
0.000000 0.000000 0.000000 1.000000 

up_lip
1.000000 0.000000 -0.000000 0.000000 
0.000000 0.999379 0.035245 0.402757 
0.000000 -0.035245 0.999379 3.134906 
0.000000 0.000000 0.000000 1.000000 

lip.r
1.000000 0.000000 0.000000 0.110191 
0.000000 0.982873 0.184286 0.381240 
0.000000 -0.184285 0.982873 3.099789 
0.000000 0.000000 0.000000 1.000000 

lip.l
1.000000 0.000000 0.000000 -0.112704 
0.000000 0.982873 0.184286 0.381240 
0.000000 -0.184285 0.982873 3.099789 
0.000000 0.000000 0.000000 1.000000 

Frame 14
Head_Base
1.000000 0.000000 0.000000 0.001461 
0.000000 0.254493 -0.967075 0.275778 
0.000000 0.967075 0.254493 3.086307 
0.000000 0.000000 0.000000 1.000000 

jaw
1.000000 -0.000000 -0.000000 0.000000 
0.000000 0.781878 0.623431 0.402757 
0.000000 -0.623431 0.781878 3.134906 
0.000000 0.000000 0.000000 1.000000 

dwn_lip
1.000000 0.000000 -0.000000 0.000000 
-0.000000 0.033749 -0.999430 0.551455 
-0.000000 0.999430 0.033749 3.039467 
0.000000 0.000000 0.000000 1.000000 

dwn_lip.r
1.000000 0.000000 0.000000 -0.061803 
0.000000 0.015553 -0.999879 0.529379 
-0.000000 0.999879 0.015554 3.026798 
0.000000 0.000000 0.000000 1.000000 

dwn_lip.l
1.000000 -0.000000 0.000000 0.065292 
0.000000 0.015554 -0.999879 0.529379 
0.000000 0.999879 0.015554 3.026798 
0.000000 0.000000 0.000000 1.000000 

up_lip.r
1.000000 0.000000 0.000000 -0.063071 
0.000000 0.989503 0.144514 0.393465 
0.000000 -0.144514 0.989503 3.150771 
0.000000 0.000000 0.000000 1.000000 

up_lip.l
1.000000 0.000000 0.000000 0.065831 
0.000000 0.989503 0.144514 0.393465 
0.000000 -0.144514 0.989503 3.150771 
0.000000 0.000000 0.000000 1.000000 

up_lip
1.000000 0.000000 -0.000000 0.000000 
0.000000 0.999379 0.035245 0.402757 
0.000000 -0.035245 0.999379 3.134906 
0.000000 0.000000 0.000000 1.000000 

lip.r
1.000000 0.000000 0.000000 0.110191 
0.000000 0.982873 0.184286 0.381240 
0.000000 -0.184285 0.982873 3.099789 
0.000000 0.000000 0.000000 1.000000 

lip.l
1.000000 0.000000 0.000000 -0.112704 
0.000000 0.982873 0.184286 0.381240 
0.000000 -0.184285 0.982873 3.099789 
0.000000 0.000000 0.000000 1.000000 

Frame 15
Head_Base
1.000000 0.000000 0.000000 0.001461 
0.000000 0.254493 -0.967075 0.275778 
0.000000 0.967075 0.254493 3.086307 
0.000000 0.000000 0.000000 1.000000 

jaw
1.000000 -0.000000 -0.000000 0.000000 
0.000000 0.781878 0.623431 0.402757 
0.000000 -0.623431 0.781878 3.134906 
0.000000 0.000000 0.000000 1.000000 

dwn_lip
1.000000 0.000000 -0.000000 0.000000 
-0.000000 0.033749 -0.999430 0.551455 
-0.000000 0.999430 0.033749 3.039467 
0.000000 0.000000 0.000000 1.000000 

dwn_lip.r
1.000000 0.000000 0.000000 -0.061715 
0.000000 0.015553 -0.999879 0.529154 
-0.000000 0.999879 0.015554 3.032452 
0.000000 0.000000 0.000000 1.000000 

dwn_lip.l
1.000000 -0.000000 0.000000 0.065380 
0.000000 0.015554 -0.999879 0.529154 
0.000000 0.999879 0.015554 3.032452 
0.000000 0.000000 0.000000 1.000000 

up_lip.r
1.000000 0.000000 0.000000 -0.063113 
0.000000 0.989503 0.144514 0.395709 
0.000000 -0.144514 0.989503 3.147084 
0.000000 0.000000 0.000000 1.000000 

up_lip.l
1.000000 0.000000 0.000000 0.065789 
0.000000 0.989503 0.144514 0.395709 
0.000000 -0.144514 0.989503 3.147084 
0.000000 0.000000 0.000000 1.000000 

up_lip
1.000000 0.000000 -0.000000 0.000000 
0.000000 0.999379 0.035245 0.402757 
0.000000 -0.035245 0.999379 3.134906 
0.000000 0.000000 0.000000 1.000000 

lip.r
1.000000 0.000000 0.000000 0.110252 
0.000000 0.982873 0.184286 0.381693 
0.000000 -0.184285 0.982873 3.104212 
0.000000 0.000000 0.000000 1.000000 

lip.l
1.000000 0.000000 0.000000 -0.112643 
0.000000 0.982873 0.184286 0.381693 
0.000000 -0.184285 0.982873 3.104212 
0.000000 0.000000 0.000000 1.000000 

Frame 16
Head_Base
1.000000 0.000000 0.000000 0.001461 
0.000000 0.254493 -0.967075 0.275778 
0.000000 0.967075 0.254493 3.086307 
0.000000 0.000000 0.000000 1.000000 

jaw
1.000000 -0.000000 -0.000000 0.000000 
0.000000 0.781878 0.623431 0.402757 
0.000000 -0.623431 0.781878 3.134906 
0.000000 0.000000 0.000000 1.000000 

dwn_lip
1.000000 0.000000 -0.000000 0.000000 
-0.000000 0.033749 -0.999430 0.551455 
-0.000000 0.999430 0.033749 3.039467 
0.000000 0.000000 0.000000 1.000000 

dwn_lip.r
1.000000 0.000000 0.000000 -0.061527 
0.000000 0.015553 -0.999879 0.528672 
-0.000000 0.999879 0.015554 3.044552 
0.000000 0.000000 0.000000 1.000000 

dwn_lip.l
1.000000 -0.000000 0.000000 0.065568 
0.000000 0.015554 -0.999879 0.528672 
0.000000 0.999879 0.015554 3.044552 
0.000000 0.000000 0.000000 1.000000 

up_lip.r
1.000000 0.000000 0.000000 -0.063204 
0.000000 0.989503 0.144514 0.400512 
0.000000 -0.144514 0.989503 3.139195 
0.000000 0.000000 0.000000 1.000000 

up_lip.l
1.000000 0.000000 0.000000 0.065698 
0.000000 0.989503 0.144514 0.400512 
0.000000 -0.144514 0.989503 3.139195 
0.000000 0.000000 0.000000 1.000000 

up_lip
1.000000 0.000000 -0.000000 0.000000 
0.000000 0.999379 0.035245 0.402757 
0.000000 -0.035245 0.999379 3.134906 
0.000000 0.000000 0.000000 1.000000 

lip.r
1.000000 0.000000 0.000000 0.110382 
0.000000 0.982873 0.184286 0.382664 
0.000000 -0.184285 0.982873 3.113677 
0.000000 0.000000 0.000000 1.000000 

lip.l
1.000000 0.000000 0.000000 -0.112512 
0.000000 0.982873 0.184286 0.382664 
0.000000 -0.184285 0.982873 3.113677 
0.000000 0.000000 0.000000 1.000000 

Frame 17
Head_Base
1.000000 0.000000 0.000000 0.001461 
0.000000 0.254493 -0.967075 0.275778 
0.000000 0.967075 0.254493 3.086307 
0.000000 0.000000 0.000000 1.000000 

jaw
1.000000 -0.000000 -0.000000 0.000000 
0.000000 0.781878 0.623431 0.402757 
0.000000 -0.623431 0.781878 3.134906 
0.000000 0.000000 0.000000 1.000000 

dwn_lip
1.000000 0.000000 -0.000000 0.000000 
-0.000000 0.033749 -0.999430 0.551455 
-0.000000 0.999430 0.033749 3.039467 
0.000000 0.000000 0.000000 1.000000 

dwn_lip.r
1.000000 0.000000 0.000000 -0.061439 
0.000000 0.015553 -0.999879 0.528447 
-0.000000 0.999879 0.015554 3.050207 
0.000000 0.000000 0.000000 1.000000 

dwn_lip.l
1.000000 -0.000000 0.000000 0.065656 
0.000000 0.015554 -0.999879 0.528447 
0.000000 0.999879 0.015554 3.050207 
0.000000 0.000000 0.000000 1.000000 

up_lip.r
1.000000 0.000000 0.000000 -0.063246 
0.000000 0.989503 0.144514 0.402757 
0.000000 -0.144514 0.989503 3.135509 
0.000000 0.000000 0.000000 1.000000 

up_lip.l
1.000000 0.000000 0.000000 0.065656 
0.000000 0.989503 0.144514 0.402757 
0.000000 -0.144514 0.989503 3.135509 
0.000000 0.000000 0.000000 1.000000 

up_lip
1.000000 0.000000 -0.000000 0.000000 
0.000000 0.999379 0.035245 0.402757 
0.000000 -0.035245 0.999379 3.134906 
0.000000 0.000000 0.000000 1.000000 

lip.r
1.000000 0.000000 0.000000 0.110443 
0.000000 0.982873 0.184286 0.383118 
0.000000 -0.184285 0.982873 3.118100 
0.000000 0.000000 0.000000 1.000000 

lip.l
1.000000 0.000000 0.000000 -0.112452 
0.000000 0.982873 0.184286 0.383118 
0.000000 -0.184285 0.982873 3.118100 
0.000000 0.000000 0.000000 1.000000 

Frame 18
Head_Base
1.000000 0.000000 0.000000 0.001461 
0.000000 0.254493 -0.967075 0.275778 
0.000000 0.967075 0.254493 3.086307 
0.000000 0.000000 0.000000 1.000000 

jaw
1.000000 -0.000000 -0.000000 0.000000 
0.000000 0.781878 0.623431 0.402757 
0.000000 -0.623431 0.781878 3.134906 
0.000000 0.000000 0.000000 1.000000 

dwn_lip
1.000000 0.000000 -0.000000 0.000000 
-0.000000 0.033749 -0.999430 0.551455 
-0.000000 0.999430 0.033749 3.039467 
0.000000 0.000000 0.000000 1.000000 

dwn_lip.r
1.000000 0.000000 0.000000 -0.061439 
0.000000 0.015553 -0.999879 0.528447 
-0.000000 0.999879 0.015554 3.050207 
0.000000 0.000000 0.000000 1.000000 

dwn_lip.l
1.000000 -0.000000 0.000000 0.065656 
0.000000 0.015554 -0.999879 0.528447 
0.000000 0.999879 0.015554 3.050207 
0.000000 0.000000 0.000000 1.000000 

up_lip.r
1.000000 0.000000 0.000000 -0.063246 
0.000000 0.989503 0.144514 0.402757 
0.000000 -0.144514 0.989503 3.135509 
0.000000 0.000000 0.000000 1.000000 

up_lip.l
1.000000 0.000000 0.000000 0.065656 
0.000000 0.989503 0.144514 0.402757 
0.000000 -0.144514 0.989503 3.135509 
0.000000 0.000000 0.000000 1.000000 

up_lip
1.000000 0.000000 -0.000000 0.000000 
0.000000 0.999379 0.035245 0.402757 
0.000000 -0.035245 0.999379 3.134906 
0.000000 0.000000 0.000000 1.000000 

lip.r
1.000000 0.000000 0.000000 0.110443 
0.000000 0.982873 0.184286 0.383118 
0.000000 -0.184285 0.982873 3.118100 
0.000000 0.000000 0.000000 1.000000 

lip.l
1.000000 0.000000 0.000000 -0.112452 
0.000000 0.982873 0.184286 0.383118 
0.000000 -0.184285 0.982873 3.118100 
0.000000 0.000000 0.000000 1.000000 

Frame 19
Head_Base
1.000000 0.000000 0.000000 0.001461 
0.000000 0.254493 -0.967075 0.275778 
0.000000 0.967075 0.254493 3.086307 
0.000000 0.000000 0.000000 1.000000 

jaw
1.000000 -0.000000 -0.000000 0.000000 
0.000000 0.781878 0.623431 0.402757 
0.000000 -0.623431 0.781878 3.134906 
0.000000 0.000000 0.000000 1.000000 

dwn_lip
1.000000 0.000000 -0.000000 0.000000 
-0.000000 0.033749 -0.999430 0.551455 
-0.000000 0.999430 0.033749 3.039467 
0.000000 0.000000 0.000000 1.000000 

dwn_lip.r
1.000000 0.000000 0.000000 -0.061439 
0.000000 0.015553 -0.999879 0.528447 
-0.000000 0.999879 0.015554 3.050207 
0.000000 0.000000 0.000000 1.000000 

dwn_lip.l
1.000000 -0.000000 0.000000 0.065656 
0.000000 0.015554 -0.999879 0.528447 
0.000000 0.999879 0.015554 3.050207 
0.000000 0.000000 0.000000 1.000000 

up_lip.r
1.000000 0.000000 0.000000 -0.063246 
0.000000 0.989503 0.144514 0.402757 
0.000000 -0.144514 0.989503 3.135509 
0.000000 0.000000 0.000000 1.000000 

up_lip.l
1.000000 0.000000 0.000000 0.065656 
0.000000 0.989503 0.144514 0.402757 
0.000000 -0.144514 0.989503 3.135509 
0.000000 0.000000 0.000000 1.000000 

up_lip
1.000000 0.000000 -0.000000 0.000000 
0.000000 0.999379 0.035245 0.402757 
0.000000 -0.035245 0.999379 3.134906 
0.000000 0.000000 0.000000 1.000000 

lip.r
1.000000 0.000000 0.000000 0.110443 
0.000000 0.982873 0.184286 0.383118 
0.000000 -0.184285 0.982873 3.118100 
0.000000 0.000000 0.000000 1.000000 

lip.l
1.000000 0.000000 0.000000 -0.112452 
0.000000 0.982873 0.184286 0.383118 
0.000000 -0.184285 0.982873 3.118100 
0.000000 0.000000 0.000000 1.000000 

Frame 20
Head_Base
1.000000 0.000000 0.000000 0.001461 
0.000000 0.254493 -0.967075 0.275778 
0.000000 0.967075 0.254493 3.086307 
0.000000 0.000000 0.000000 1.000000 

jaw
1.000000 -0.000000 -0.000000 0.000000 
0.000000 0.781878 0.623431 0.402757 
0.000000 -0.623431 0.781878 3.134906 
0.000000 0.000000 0.000000 1.000000 

dwn_lip
1.000000 0.000000 -0.000000 0.000000 
-0.000000 0.033749 -0.999430 0.551455 
-0.000000 0.999430 0.033749 3.039467 
0.000000 0.000000 0.000000 1.000000 

dwn_lip.r
1.000000 0.000000 0.000000 -0.061439 
0.000000 0.015553 -0.999879 0.528447 
-0.000000 0.999879 0.015554 3.050207 
0.000000 0.000000 0.000000 1.000000 

dwn_lip.l
1.000000 -0.000000 0.000000 0.065656 
0.000000 0.015554 -0.999879 0.528447 
0.000000 0.999879 0.015554 3.050207 
0.000000 0.000000 0.000000 1.000000 

up_lip.r
1.000000 0.000000 0.000000 -0.063246 
0.000000 0.989503 0.144514 0.402757 
0.000000 -0.144514 0.989503 3.135509 
0.000000 0.000000 0.000000 1.000000 

up_lip.l
1.000000 0.000000 0.000000 0.065656 
0.000000 0.989503 0.144514 0.402757 
0.000000 -0.144514 0.989503 3.135509 
0.000000 0.000000 0.000000 1.000000 

up_lip
1.000000 0.000000 -0.000000 0.000000 
0.000000 0.999379 0.035245 0.402757 
0.000000 -0.035245 0.999379 3.134906 
0.000000 0.000000 0.000000 1.000000 

lip.r
1.000000 0.000000 0.000000 0.110443 
0.000000 0.982873 0.184286 0.383118 
0.000000 -0.184285 0.982873 3.118100 
0.000000 0.000000 0.000000 1.000000 

lip.l
1.000000 0.000000 0.000000 -0.112452 
0.000000 0.982873 0.184286 0.383118 
0.000000 -0.184285 0.982873 3.118100 
0.000000 0.000000 0.000000 1.000000 

Frame 21
Head_Base
1.000000 0.000000 0.000000 0.001461 
0.000000 0.254493 -0.967075 0.275778 
0.000000 0.967075 0.254493 3.086307 
0.000000 0.000000 0.000000 1.000000 

jaw
1.000000 -0.000000 -0.000000 0.000000 
0.000000 0.781878 0.623431 0.402757 
0.000000 -0.623431 0.781878 3.134906 
0.000000 0.000000 0.000000 1.000000 

dwn_lip
1.000000 0.000000 -0.000000 0.000000 
-0.000000 0.033749 -0.999430 0.551455 
-0.000000 0.999430 0.033749 3.039467 
0.000000 0.000000 0.000000 1.000000 

dwn_lip.r
1.000000 0.000000 0.000000 -0.061439 
0.000000 0.015553 -0.999879 0.528447 
-0.000000 0.999879 0.015554 3.050207 
0.000000 0.000000 0.000000 1.000000 

dwn_lip.l
1.000000 -0.000000 0.000000 0.065656 
0.000000 0.015554 -0.999879 0.528447 
0.000000 0.999879 0.015554 3.050207 
0.000000 0.000000 0.000000 1.000000 

up_lip.r
1.000000 0.000000 0.000000 -0.063246 
0.000000 0.989503 0.144514 0.402757 
0.000000 -0.144514 0.989503 3.135509 
0.000000 0.000000 0.000000 1.000000 

up_lip.l
1.000000 0.000000 0.000000 0.065656 
0.000000 0.989503 0.144514 0.402757 
0.000000 -0.144514 0.989503 3.135509 
0.000000 0.000000 0.000000 1.000000 

up_lip
1.000000 0.000000 -0.000000 0.000000 
0.000000 0.999379 0.035245 0.402757 
0.000000 -0.035245 0.999379 3.134906 
0.000000 0.000000 0.000000 1.000000 

lip.r
1.000000 0.000000 0.000000 0.110443 
0.000000 0.982873 0.184286 0.383118 
0.000000 -0.184285 0.982873 3.118100 
0.000000 0.000000 0.000000 1.000000 

lip.l
1.000000 0.000000 0.000000 -0.112452 
0.000000 0.982873 0.184286 0.383118 
0.000000 -0.184285 0.982873 3.118100 
0.000000 0.000000 0.000000 1.000000 

Frame 22
Head_Base
1.000000 0.000000 0.000000 0.001461 
0.000000 0.254493 -0.967075 0.275778 
0.000000 0.967075 0.254493 3.086307 
0.000000 0.000000 0.000000 1.000000 

jaw
1.000000 -0.000000 -0.000000 0.000000 
0.000000 0.781878 0.623431 0.402757 
0.000000 -0.623431 0.781878 3.134906 
0.000000 0.000000 0.000000 1.000000 

dwn_lip
1.000000 0.000000 -0.000000 0.000000 
-0.000000 0.033749 -0.999430 0.551455 
-0.000000 0.999430 0.033749 3.039467 
0.000000 0.000000 0.000000 1.000000 

dwn_lip.r
1.000000 0.000000 0.000000 -0.061439 
0.000000 0.015553 -0.999879 0.528447 
-0.000000 0.999879 0.015554 3.050207 
0.000000 0.000000 0.000000 1.000000 

dwn_lip.l
1.000000 -0.000000 0.000000 0.065656 
0.000000 0.015554 -0.999879 0.528447 
0.000000 0.999879 0.015554 3.050207 
0.000000 0.000000 0.000000 1.000000 

up_lip.r
1.000000 0.000000 0.000000 -0.063246 
0.000000 0.989503 0.144514 0.402757 
0.000000 -0.144514 0.989503 3.135509 
0.000000 0.000000 0.000000 1.000000 

up_lip.l
1.000000 0.000000 0.000000 0.065656 
0.000000 0.989503 0.144514 0.402757 
0.000000 -0.144514 0.989503 3.135509 
0.000000 0.000000 0.000000 1.000000 

up_lip
1.000000 0.000000 -0.000000 0.000000 
0.000000 0.999379 0.035245 0.402757 
0.000000 -0.035245 0.999379 3.134906 
0.000000 0.000000 0.000000 1.000000 

lip.r
1.000000 0.000000 0.000000 0.110443 
0.000000 0.982873 0.184286 0.383118 
0.000000 -0.184285 0.982873 3.118100 
0.000000 0.000000 0.000000 1.000000 

lip.l
1.000000 0.000000 0.000000 -0.112452 
0.000000 0.982873 0.184286 0.383118 
0.000000 -0.184285 0.982873 3.118100 
0.000000 0.000000 0.000000 1.000000 

Frame 23
Head_Base
1.000000 0.000000 0.000000 0.001461 
0.000000 0.254493 -0.967075 0.275778 
0.000000 0.967075 0.254493 3.086307 
0.000000 0.000000 0.000000 1.000000 

jaw
1.000000 -0.000000 -0.000000 0.000000 
0.000000 0.781878 0.623431 0.402757 
0.000000 -0.623431 0.781878 3.134906 
0.000000 0.000000 0.000000 1.000000 

dwn_lip
1.000000 0.000000 -0.000000 0.000000 
-0.000000 0.033749 -0.999430 0.551455 
-0.000000 0.999430 0.033749 3.039467 
0.000000 0.000000 0.000000 1.000000 

dwn_lip.r
1.000000 0.000000 0.000000 -0.061439 
0.000000 0.015553 -0.999879 0.528447 
-0.000000 0.999879 0.015554 3.050207 
0.000000 0.000000 0.000000 1.000000 

dwn_lip.l
1.000000 -0.000000 0.000000 0.065656 
0.000000 0.015554 -0.999879 0.528447 
0.000000 0.999879 0.015554 3.050207 
0.000000 0.000000 0.000000 1.000000 

up_lip.r
1.000000 0.000000 0.000000 -0.063246 
0.000000 0.989503 0.144514 0.402757 
0.000000 -0.144514 0.989503 3.135509 
0.000000 0.000000 0.000000 1.000000 

up_lip.l
1.000000 0.000000 0.000000 0.065656 
0.000000 0.989503 0.144514 0.402757 
0.000000 -0.144514 0.989503 3.135509 
0.000000 0.000000 0.000000 1.000000 

up_lip
1.000000 0.000000 -0.000000 0.000000 
0.000000 0.999379 0.035245 0.402757 
0.000000 -0.035245 0.999379 3.134906 
0.000000 0.000000 0.000000 1.000000 

lip.r
1.000000 0.000000 0.000000 0.110443 
0.000000 0.982873 0.184286 0.383118 
0.000000 -0.184285 0.982873 3.118100 
0.000000 0.000000 0.000000 1.000000 

lip.l
1.000000 0.000000 0.000000 -0.112452 
0.000000 0.982873 0.184286 0.383118 
0.000000 -0.184285 0.982873 3.118100 
0.000000 0.000000 0.000000 1.000000 

Frame 24
Head_Base
1.000000 0.000000 0.000000 0.001461 
0.000000 0.254493 -0.967075 0.275778 
0.000000 0.967075 0.254493 3.086307 
0.000000 0.000000 0.000000 1.000000 

jaw
1.000000 -0.000000 -0.000000 0.000000 
0.000000 0.781878 0.623431 0.402757 
0.000000 -0.623431 0.781878 3.134906 
0.000000 0.000000 0.000000 1.000000 

dwn_lip
1.000000 0.000000 -0.000000 0.000000 
-0.000000 0.033749 -0.999430 0.551455 
-0.000000 0.999430 0.033749 3.039467 
0.000000 0.000000 0.000000 1.000000 

dwn_lip.r
1.000000 0.000000 0.000000 -0.061439 
0.000000 0.015553 -0.999879 0.528447 
-0.000000 0.999879 0.015554 3.050207 
0.000000 0.000000 0.000000 1.000000 

dwn_lip.l
1.000000 -0.000000 0.000000 0.065656 
0.000000 0.015554 -0.999879 0.528447 
0.000000 0.999879 0.015554 3.050207 
0.000000 0.000000 0.000000 1.000000 

up_lip.r
1.000000 0.000000 0.000000 -0.063246 
0.000000 0.989503 0.144514 0.402757 
0.000000 -0.144514 0.989503 3.135509 
0.000000 0.000000 0.000000 1.000000 

up_lip.l
1.000000 0.000000 0.000000 0.065656 
0.000000 0.989503 0.144514 0.402757 
0.000000 -0.144514 0.989503 3.135509 
0.000000 0.000000 0.000000 1.000000 

up_lip
1.000000 0.000000 -0.000000 0.000000 
0.000000 0.999379 0.035245 0.402757 
0.000000 -0.035245 0.999379 3.134906 
0.000000 0.000000 0.000000 1.000000 

lip.r
1.000000 0.000000 0.000000 0.110443 
0.000000 0.982873 0.184286 0.383118 
0.000000 -0.184285 0.982873 3.118100 
0.000000 0.000000 0.000000 1.000000 

lip.l
1.000000 0.000000 0.000000 -0.112452 
0.000000 0.982873 0.184286 0.383118 
0.000000 -0.184285 0.982873 3.118100 
