simple game object export addon
Bones 2
[
Bone root
0.996044 -0.088846 0.001804 0.000000 
0.088846 0.995221 -0.040514 0.000000 
0.001804 0.040514 0.999177 0.000000 
0.000000 0.000000 0.000000 1.000000 

Bone.001 Bone
0.993575 0.011296 0.112611 -0.009123 
-0.014076 0.999615 0.023919 0.111086 
-0.112298 -0.025350 0.993351 0.163661 
0.000000 0.000000 0.000000 1.000000 

];
