simple game object export addon
Bones 64
[
base root
1.000000 0.000000 0.000000 0.000000 
0.000000 0.000000 -1.000000 0.000000 
0.000000 1.000000 0.000000 0.000000 
0.000000 0.000000 0.000000 1.000000 

holder base
1.000000 0.000000 0.000000 -0.000000 
0.000000 0.999960 -0.008906 -0.581564 
0.000000 0.008906 0.999960 2.013318 
0.000000 0.000000 0.000000 1.000000 

torso holder
1.000000 -0.000000 0.000001 -0.000000 
0.000001 -0.014083 -0.999901 0.430855 
0.000000 0.999901 -0.014083 2.022335 
0.000000 0.000000 0.000000 1.000000 

chest_bottom torso
-1.000000 -0.000000 0.000000 -0.000000 
0.000000 -0.418144 0.908381 0.426382 
0.000000 0.908381 0.418144 2.339891 
0.000000 0.000000 0.000000 1.000000 

chest_up chest_bottom
-0.998475 0.023426 0.049999 -0.000000 
0.048362 -0.065869 0.996655 0.296676 
0.026641 0.997553 0.064636 2.621667 
0.000000 0.000000 0.000000 1.000000 

shoulder.r chest_up
0.002329 0.957508 0.288397 0.006362 
-0.999967 -0.000000 0.008075 0.278785 
0.007732 -0.288407 0.957477 2.892607 
0.000000 0.000000 0.000000 1.000000 

shoulder_up.r shoulder.r
-0.275674 0.710043 0.647953 0.534446 
-0.924705 -0.379990 0.022984 0.278785 
0.262535 -0.592829 0.761334 2.733546 
0.000000 0.000000 0.000000 1.000000 

shoulder_btm.r shoulder_up.r
-0.240834 0.733122 0.636028 0.731746 
-0.948080 -0.317945 0.007488 0.173197 
0.207711 -0.601202 0.771630 2.568816 
0.000000 0.000000 0.000000 1.000000 

arm_up.r shoulder_btm.r
0.243112 0.618093 0.747568 0.967351 
-0.933373 0.358843 0.006843 0.071018 
-0.264030 -0.699423 0.664151 2.375606 
0.000000 0.000000 0.000000 1.000000 

arm_btm.r arm_up.r
0.061544 0.435983 0.897848 1.162374 
-0.991900 0.126857 0.006391 0.184242 
-0.111112 -0.890969 0.440259 2.154921 
0.000000 0.000000 0.000000 1.000000 

palm.r arm_btm.r
0.881598 0.471417 -0.023458 1.246781 
-0.052486 0.147304 0.987698 0.208801 
0.469073 -0.869521 0.154605 1.982429 
0.000000 0.000000 0.000000 1.000000 

palm.r.001 palm.r
0.267330 0.233519 0.934882 1.342469 
-0.963389 0.085312 0.254172 0.238701 
-0.020402 -0.968602 0.247776 1.805935 
0.000000 0.000000 0.000000 1.000000 

palm.r.002 palm.r.001
0.289131 0.113928 0.950486 1.357831 
-0.957289 0.034410 0.287076 0.244313 
0.000000 -0.992893 0.119011 1.742216 
0.000000 0.000000 0.000000 1.000000 

palm.r.003 palm.r.002
-0.090138 0.131359 0.987228 1.364632 
-0.995929 -0.011889 -0.089351 0.246367 
0.000000 -0.991264 0.131896 1.682943 
0.000000 0.000000 0.000000 1.000000 

palm.r.004 palm.r
0.301456 0.124269 0.945347 1.332502 
-0.933561 0.240072 0.266139 0.298423 
-0.193879 -0.962768 0.188384 1.815382 
0.000000 0.000000 0.000000 1.000000 

palm.r.005 palm.r.004
0.301773 0.015810 0.953249 1.339531 
-0.933831 0.206342 0.292203 0.312002 
-0.192076 -0.978352 0.077032 1.760924 
0.000000 0.000000 0.000000 1.000000 

palm.r.006 palm.r.005
-0.075131 0.000888 0.997173 1.340475 
-0.972470 0.221146 -0.073467 0.324320 
-0.220586 -0.975240 -0.015751 1.702519 
0.000000 0.000000 0.000000 1.000000 

palm.r.007 palm.r
0.162278 0.146998 0.975734 1.371988 
-0.953887 -0.229685 0.193248 0.192192 
0.252518 -0.962100 0.102947 1.823753 
0.000000 0.000000 0.000000 1.000000 

palm.r.008 palm.r.007
0.202058 0.127049 0.971098 1.381044 
-0.941975 -0.246182 0.228206 0.178043 
0.268060 -0.960860 0.069934 1.764484 
0.000000 0.000000 0.000000 1.000000 

palm.r.009 palm.r.008
-0.160427 0.121294 0.979567 1.388058 
-0.957635 -0.259591 -0.124691 0.164450 
0.239163 -0.958071 0.157801 1.711432 
0.000000 0.000000 0.000000 1.000000 

palm.r.010 palm.r
0.111352 0.261568 0.958740 1.365884 
-0.818745 -0.522650 0.237684 0.143234 
0.563256 -0.811430 0.155959 1.855425 
0.000000 0.000000 0.000000 1.000000 

palm.r.011 palm.r.010
0.160813 0.266307 0.950379 1.378834 
-0.831773 -0.481787 0.275745 0.117359 
0.531313 -0.834842 0.144029 1.815252 
0.000000 0.000000 0.000000 1.000000 

palm.r.012 palm.r.011
-0.185375 0.043730 0.981694 1.389305 
-0.884547 -0.442578 -0.147316 0.098414 
0.428034 -0.895663 0.120724 1.782425 
0.000000 0.000000 0.000000 1.000000 

palm.r.013 palm.r
0.477211 -0.248957 0.842787 1.199226 
-0.787431 0.304645 0.535858 0.270780 
-0.390157 -0.919354 -0.050656 1.924071 
0.000000 0.000000 0.000000 1.000000 

palm.r.014 palm.r.013
0.157402 0.285611 0.945331 1.177620 
-0.964990 -0.158889 0.208681 0.297219 
0.209804 -0.945082 0.250602 1.844285 
0.000000 0.000000 0.000000 1.000000 

palm.r.015 palm.r.014
-0.077901 0.145542 0.986280 1.197451 
-0.991291 0.094052 -0.092176 0.286187 
-0.106177 -0.984871 0.136948 1.778666 
0.000000 0.000000 0.000000 1.000000 

shoulder.l chest_up
0.002329 -0.957508 -0.288397 0.006362 
0.999967 -0.000000 0.008075 0.278785 
-0.007732 -0.288407 0.957477 2.892607 
0.000000 0.000000 0.000000 1.000000 

shoulder_up.l shoulder.l
-0.275674 -0.710043 -0.647953 -0.521721 
0.924705 -0.379990 0.022984 0.278785 
-0.262535 -0.592829 0.761334 2.733546 
0.000000 0.000000 0.000000 1.000000 

shoulder_btm.l shoulder_up.l
-0.240835 -0.733122 -0.636028 -0.719021 
0.948080 -0.317945 0.007487 0.173197 
-0.207711 -0.601202 0.771630 2.568816 
0.000000 0.000000 0.000000 1.000000 

arm_up.l shoulder_btm.l
0.243112 -0.618093 -0.747567 -0.954627 
0.933373 0.358843 0.006843 0.071018 
0.264030 -0.699423 0.664151 2.375606 
0.000000 0.000000 0.000000 1.000000 

arm_btm.l arm_up.l
0.061544 -0.435983 -0.897848 -1.149650 
0.991901 0.126857 0.006391 0.184242 
0.111112 -0.890969 0.440259 2.154921 
0.000000 0.000000 0.000000 1.000000 

palm.l arm_btm.l
0.881598 -0.471417 0.023459 -1.234056 
0.052486 0.147304 0.987698 0.208801 
-0.469073 -0.869521 0.154605 1.982429 
0.000000 0.000000 0.000000 1.000000 

palm.l.001 palm.l
0.267330 -0.233519 -0.934882 -1.329744 
0.963389 0.085312 0.254172 0.238701 
0.020402 -0.968602 0.247776 1.805935 
0.000000 0.000000 0.000000 1.000000 

palm.l.002 palm.l.001
0.289131 -0.113928 -0.950486 -1.345106 
0.957290 0.034410 0.287076 0.244313 
0.000000 -0.992893 0.119011 1.742216 
0.000000 0.000000 0.000000 1.000000 

palm.l.003 palm.l.002
-0.090138 -0.131359 -0.987228 -1.351907 
0.995929 -0.011889 -0.089351 0.246367 
-0.000000 -0.991264 0.131896 1.682943 
0.000000 0.000000 0.000000 1.000000 

palm.l.004 palm.l
0.301456 -0.124269 -0.945348 -1.319777 
0.933561 0.240072 0.266139 0.298423 
0.193879 -0.962768 0.188384 1.815382 
0.000000 0.000000 0.000000 1.000000 

palm.l.005 palm.l.004
0.301773 -0.015810 -0.953249 -1.326806 
0.933831 0.206342 0.292203 0.312002 
0.192076 -0.978352 0.077032 1.760924 
0.000000 0.000000 0.000000 1.000000 

palm.l.006 palm.l.005
-0.075131 -0.000888 -0.997173 -1.327750 
0.972470 0.221146 -0.073467 0.324320 
0.220586 -0.975240 -0.015751 1.702519 
0.000000 0.000000 0.000000 1.000000 

palm.l.007 palm.l
0.162278 -0.146998 -0.975734 -1.359263 
0.953887 -0.229685 0.193248 0.192192 
-0.252518 -0.962100 0.102946 1.823753 
0.000000 0.000000 0.000000 1.000000 

palm.l.008 palm.l.007
0.202058 -0.127049 -0.971098 -1.368319 
0.941975 -0.246182 0.228206 0.178043 
-0.268060 -0.960861 0.069934 1.764484 
0.000000 0.000000 0.000000 1.000000 

palm.l.009 palm.l.008
-0.160427 -0.121295 -0.979567 -1.375333 
0.957635 -0.259591 -0.124691 0.164451 
-0.239163 -0.958071 0.157801 1.711432 
0.000000 0.000000 0.000000 1.000000 

palm.l.010 palm.l
0.111352 -0.261568 -0.958740 -1.353159 
0.818745 -0.522650 0.237684 0.143234 
-0.563256 -0.811431 0.155959 1.855425 
0.000000 0.000000 0.000000 1.000000 

palm.l.011 palm.l.010
0.160812 -0.266307 -0.950379 -1.366109 
0.831773 -0.481787 0.275745 0.117359 
-0.531313 -0.834843 0.144029 1.815252 
0.000000 0.000000 0.000000 1.000000 

palm.l.012 palm.l.011
-0.185375 -0.043730 -0.981694 -1.376580 
0.884547 -0.442578 -0.147316 0.098414 
-0.428034 -0.895663 0.120724 1.782425 
0.000000 0.000000 0.000000 1.000000 

palm.l.013 palm.l
0.477211 0.248957 -0.842787 -1.186501 
0.787431 0.304645 0.535858 0.270780 
0.390157 -0.919354 -0.050657 1.924071 
0.000000 0.000000 0.000000 1.000000 

palm.l.014 palm.l.013
0.157402 -0.285611 -0.945331 -1.164895 
0.964991 -0.158889 0.208680 0.297219 
-0.209804 -0.945082 0.250602 1.844285 
0.000000 0.000000 0.000000 1.000000 

palm.l.015 palm.l.014
-0.077901 -0.145542 -0.986280 -1.184726 
0.991291 0.094052 -0.092176 0.286187 
0.106177 -0.984872 0.136948 1.778666 
0.000000 0.000000 0.000000 1.000000 

neck chest_up
0.999608 0.028004 -0.000047 -0.006362 
-0.003356 0.118114 -0.992994 0.278785 
-0.027802 0.992605 0.118162 2.892607 
0.000000 0.000000 0.000000 1.000000 

head neck
1.000000 -0.000000 0.000001 -0.000000 
0.000000 0.196116 -0.980581 0.305621 
-0.000000 0.980581 0.196116 3.118128 
0.000000 0.000000 0.000000 1.000000 

ass holder
-1.000000 0.000000 0.000000 -0.000000 
-0.000000 -0.169391 -0.985549 0.430855 
0.000000 -0.985549 0.169391 2.022335 
0.000000 0.000000 0.000000 1.000000 

leg_start.r ass
0.000000 0.957212 0.289390 -0.000000 
-1.000000 0.000000 0.000000 0.381656 
-0.000000 -0.289390 0.957212 1.736087 
0.000000 0.000000 0.000000 1.000000 

hip_up.r leg_start.r
-0.975416 0.218348 0.029803 0.227988 
-0.013975 0.073677 -0.997185 0.381656 
-0.219929 -0.973086 -0.068814 1.667160 
0.000000 0.000000 0.000000 1.000000 

hip_dwn.r hip_up.r
0.008726 0.164129 0.986400 0.291612 
-0.998757 0.049843 0.000542 0.403124 
-0.049077 -0.985180 0.164360 1.383613 
0.000000 0.000000 0.000000 1.000000 

leg.r hip_dwn.r
-0.975511 0.219624 0.011976 0.344633 
-0.051255 -0.174039 -0.983404 0.419226 
-0.213895 -0.959936 0.181034 1.065360 
0.000000 0.000000 0.000000 1.000000 

leg.r.001 leg.r
0.975860 0.218399 0.000293 0.519600 
-0.020915 0.092117 0.995529 0.280574 
0.217396 -0.971502 0.094462 0.300609 
0.000000 0.000000 0.000000 1.000000 

leg.r.002 leg.r.001
0.957893 0.287064 0.006049 0.562016 
-0.241590 0.794409 0.557270 0.298465 
0.155166 -0.535266 0.830310 0.111929 
0.000000 0.000000 0.000000 1.000000 

leg.r.003 leg.r.002
0.964468 0.264198 0.000576 0.605267 
-0.255254 0.931249 0.260042 0.418155 
0.068166 -0.250949 0.965598 0.031283 
0.000000 0.000000 0.000000 1.000000 

leg_start.l ass
-0.000000 -0.957211 0.289390 -0.000000 
-1.000000 0.000000 -0.000000 0.381656 
0.000000 -0.289390 -0.957212 1.736087 
0.000000 0.000000 0.000000 1.000000 

hip_up.l leg_start.l
-0.975416 -0.218348 -0.029803 -0.227988 
0.013975 0.073677 -0.997184 0.381656 
0.219929 -0.973086 -0.068814 1.667160 
0.000000 0.000000 0.000000 1.000000 

hip_dwn.l hip_up.l
0.008726 -0.164129 -0.986400 -0.291612 
0.998757 0.049843 0.000542 0.403124 
0.049077 -0.985179 0.164360 1.383613 
0.000000 0.000000 0.000000 1.000000 

leg.l hip_dwn.l
-0.975511 -0.219624 -0.011976 -0.344633 
0.051255 -0.174039 -0.983404 0.419226 
0.213894 -0.959936 0.181034 1.065360 
0.000000 0.000000 0.000000 1.000000 

leg.l.001 leg.l
0.975859 -0.218399 -0.000293 -0.519600 
0.020915 0.092117 0.995529 0.280574 
-0.217396 -0.971502 0.094462 0.300609 
0.000000 0.000000 0.000000 1.000000 

leg.l.002 leg.l.001
0.957892 -0.287064 -0.006049 -0.562016 
0.241590 0.794409 0.557269 0.298465 
-0.155166 -0.535266 0.830310 0.111929 
0.000000 0.000000 0.000000 1.000000 

leg.l.003 leg.l.002
0.964468 -0.264198 -0.000576 -0.605267 
0.255254 0.931249 0.260042 0.418155 
-0.068166 -0.250949 0.965598 0.031283 
0.000000 0.000000 0.000000 1.000000 

];
