simple game object export addon
Bones 9
[
Bone root
0.999948 -0.007758 0.006581 0.004781 
0.007758 0.162985 -0.986598 0.380001 
0.006581 0.986598 0.163037 1.771401 
0.000000 0.000000 0.000000 1.000000 

Chain.front Bone
1.000000 -0.000000 0.000000 -0.001878 
0.000000 0.998324 -0.057874 0.448850 
0.000000 0.057874 0.998324 2.216091 
0.000000 0.000000 0.000000 1.000000 

Chain.back Bone
-1.000000 0.000000 -0.000017 -0.001878 
-0.000001 -0.999201 0.039967 0.448850 
-0.000017 0.039968 0.999201 2.216091 
0.000000 0.000000 0.000000 1.000000 

Chain.R Bone
-0.000000 0.999496 -0.031730 -0.001878 
-1.000000 0.000000 -0.000000 0.448850 
-0.000000 0.031730 0.999496 2.216091 
0.000000 0.000000 0.000000 1.000000 

Chain.L Bone
0.000000 -0.999703 0.024383 -0.001878 
1.000000 -0.000000 -0.000000 0.448850 
-0.000000 0.024383 0.999703 2.216091 
0.000000 0.000000 0.000000 1.000000 

Tail.Front.001 Bone
1.000000 -0.000000 0.000000 0.000000 
0.000000 0.020248 0.999798 0.630935 
-0.000000 -0.999795 0.020247 2.017182 
0.000000 0.000000 0.000000 1.000000 

Tail.Front.002 Tail.Front.001
1.000000 0.000000 0.000000 0.000000 
0.000000 -0.000000 1.000003 0.638447 
-0.000000 -1.000000 -0.000001 1.646269 
0.000000 0.000000 0.000000 1.000000 

Tail.Back.001 Bone
1.000000 -0.000000 -0.000000 0.000000 
0.000001 -0.365529 0.930792 0.172712 
-0.000000 -0.930800 -0.365528 2.020938 
0.000000 0.000000 0.000000 1.000000 

Tail.Back.002 Tail.Back.001
1.000000 0.000000 0.000000 -0.000000 
0.000000 -0.073872 0.997260 0.071302 
-0.000000 -0.997267 -0.073868 1.762703 
0.000000 0.000000 0.000000 1.000000 

];
