simple game object export addon
Bones 9
[
Frames 251
Frame 0
Bone
0.999948 -0.007758 0.006581 0.004781 
0.007758 0.162985 -0.986598 0.380001 
0.006581 0.986598 0.163037 1.771401 
0.000000 0.000000 0.000000 1.000000 

Chain.front
1.000000 -0.000000 0.000000 -0.001878 
0.000000 0.998324 -0.057874 0.448850 
0.000000 0.057874 0.998324 2.216091 
0.000000 0.000000 0.000000 1.000000 

Chain.back
-1.000000 0.000000 -0.000017 -0.001878 
-0.000001 -0.999201 0.039967 0.448850 
-0.000017 0.039968 0.999201 2.216091 
0.000000 0.000000 0.000000 1.000000 

Chain.R
-0.000000 0.999496 -0.031730 -0.001878 
-1.000000 0.000000 -0.000000 0.448850 
-0.000000 0.031730 0.999496 2.216091 
0.000000 0.000000 0.000000 1.000000 

Chain.L
0.000000 -0.999703 0.024383 -0.001878 
1.000000 -0.000000 -0.000000 0.448850 
-0.000000 0.024383 0.999703 2.216091 
0.000000 0.000000 0.000000 1.000000 

Tail.Front.001
1.000000 -0.000000 0.000000 0.000000 
0.000000 0.020248 0.999798 0.630935 
-0.000000 -0.999795 0.020247 2.017182 
0.000000 0.000000 0.000000 1.000000 

Tail.Front.002
1.000000 0.000000 0.000000 0.000000 
0.000000 -0.000000 1.000003 0.638447 
-0.000000 -1.000000 -0.000001 1.646269 
0.000000 0.000000 0.000000 1.000000 

Tail.Back.001
1.000000 -0.000000 -0.000000 0.000000 
0.000001 -0.365529 0.930792 0.172712 
-0.000000 -0.930800 -0.365528 2.020938 
0.000000 0.000000 0.000000 1.000000 

Tail.Back.002
1.000000 0.000000 0.000000 -0.000000 
0.000000 -0.073872 0.997260 0.071302 
-0.000000 -0.997267 -0.073868 1.762703 
0.000000 0.000000 0.000000 1.000000 

Frame 1
Bone
0.999948 -0.007758 0.006581 0.004781 
0.007758 0.162985 -0.986598 0.380001 
0.006581 0.986598 0.163037 1.771401 
0.000000 0.000000 0.000000 1.000000 

Chain.front
0.999637 0.002431 0.026815 0.000692 
-0.000815 0.998192 -0.060095 0.443119 
-0.026912 0.060051 0.997832 2.148032 
0.000000 0.000000 0.000000 1.000000 

Chain.back
-0.999931 -0.001394 0.011639 0.002772 
0.002204 -0.997549 0.069937 0.438443 
0.011513 0.069958 0.997483 2.140326 
0.000000 0.000000 0.000000 1.000000 

Chain.R
0.000022 0.999803 -0.019874 -0.008327 
-0.999956 -0.000163 -0.009328 0.438392 
-0.009329 0.019873 0.999759 2.132825 
0.000000 0.000000 0.000000 1.000000 

Chain.L
0.004149 -0.994574 0.103945 0.007851 
0.999935 0.005232 0.010153 0.444683 
-0.010642 0.103896 0.994531 2.145027 
0.000000 0.000000 0.000000 1.000000 

Tail.Front.001
1.000000 -0.000000 0.000000 0.000000 
0.000000 0.020248 0.999798 0.630935 
-0.000000 -0.999795 0.020247 2.017182 
0.000000 0.000000 0.000000 1.000000 

Tail.Front.002
1.000000 0.000000 0.000000 0.000000 
0.000000 -0.000000 1.000003 0.638447 
-0.000000 -1.000000 -0.000001 1.646269 
0.000000 0.000000 0.000000 1.000000 

Tail.Back.001
1.000000 -0.000000 -0.000000 0.000000 
0.000001 -0.365529 0.930792 0.172712 
-0.000000 -0.930800 -0.365528 2.020938 
0.000000 0.000000 0.000000 1.000000 

Tail.Back.002
1.000000 0.000000 0.000000 -0.000000 
0.000000 -0.073872 0.997260 0.071302 
-0.000000 -0.997267 -0.073868 1.762703 
0.000000 0.000000 0.000000 1.000000 

Frame 2
Bone
0.999948 -0.007758 0.006581 0.004781 
0.007758 0.162985 -0.986598 0.380001 
0.006581 0.986598 0.163037 1.771401 
0.000000 0.000000 0.000000 1.000000 

Chain.front
0.996426 0.007826 0.084108 0.006190 
-0.002358 0.997888 -0.064916 0.430854 
-0.084439 0.064486 0.994340 2.002395 
0.000000 0.000000 0.000000 1.000000 

Chain.back
-0.999321 -0.003197 0.036699 0.012721 
0.008082 -0.990981 0.133760 0.416174 
0.035940 0.133966 0.990334 1.978198 
0.000000 0.000000 0.000000 1.000000 

Chain.R
-0.000302 0.999985 0.005504 -0.022126 
-0.999571 -0.000140 -0.029289 0.416015 
-0.029288 -0.005511 0.999556 1.954647 
0.000000 0.000000 0.000000 1.000000 

Chain.L
0.010120 -0.962235 0.272031 0.028670 
0.999357 0.019092 0.030355 0.435768 
-0.034402 0.271549 0.961810 1.992958 
0.000000 0.000000 0.000000 1.000000 

Tail.Front.001
1.000000 -0.000000 0.000000 0.000000 
0.000000 0.020248 0.999798 0.630935 
-0.000000 -0.999795 0.020247 2.017182 
0.000000 0.000000 0.000000 1.000000 

Tail.Front.002
1.000000 0.000000 0.000000 0.000000 
0.000000 -0.000000 1.000003 0.638447 
-0.000000 -1.000000 -0.000001 1.646269 
0.000000 0.000000 0.000000 1.000000 

Tail.Back.001
1.000000 -0.000000 -0.000000 0.000000 
0.000001 -0.365529 0.930792 0.172712 
-0.000000 -0.930800 -0.365528 2.020938 
0.000000 0.000000 0.000000 1.000000 

Tail.Back.002
1.000000 0.000000 0.000000 -0.000000 
0.000000 -0.073872 0.997260 0.071302 
-0.000000 -0.997267 -0.073868 1.762703 
0.000000 0.000000 0.000000 1.000000 

Frame 3
Bone
0.999948 -0.007758 0.006581 0.004781 
0.007758 0.162985 -0.986598 0.380001 
0.006581 0.986598 0.163037 1.771401 
0.000000 0.000000 0.000000 1.000000 

Chain.front
0.993790 0.010432 0.110779 0.008760 
-0.002983 0.997735 -0.067197 0.425123 
-0.111229 0.066449 0.991571 1.934336 
0.000000 0.000000 0.000000 1.000000 

Chain.back
-0.998821 -0.003485 0.048424 0.017371 
0.011361 -0.986504 0.163340 0.405767 
0.047201 0.163698 0.985381 1.902433 
0.000000 0.000000 0.000000 1.000000 

Chain.R
-0.000627 0.999849 0.017359 -0.028575 
-0.999254 0.000044 -0.038611 0.405557 
-0.038606 -0.017370 0.999103 1.871381 
0.000000 0.000000 0.000000 1.000000 

Chain.L
0.011493 -0.937457 0.347911 0.038399 
0.998888 0.026676 0.038883 0.431601 
-0.045732 0.347077 0.936721 1.921894 
0.000000 0.000000 0.000000 1.000000 

Tail.Front.001
1.000000 -0.000000 0.000000 0.000000 
0.000000 0.020248 0.999798 0.630935 
-0.000000 -0.999795 0.020247 2.017182 
0.000000 0.000000 0.000000 1.000000 

Tail.Front.002
1.000000 0.000000 0.000000 0.000000 
0.000000 -0.000000 1.000003 0.638447 
-0.000000 -1.000000 -0.000001 1.646269 
0.000000 0.000000 0.000000 1.000000 

Tail.Back.001
1.000000 -0.000000 -0.000000 0.000000 
0.000001 -0.365529 0.930792 0.172712 
-0.000000 -0.930800 -0.365528 2.020938 
0.000000 0.000000 0.000000 1.000000 

Tail.Back.002
1.000000 0.000000 0.000000 -0.000000 
0.000000 -0.073872 0.997260 0.071302 
-0.000000 -0.997267 -0.073868 1.762703 
0.000000 0.000000 0.000000 1.000000 

Frame 4
Bone
0.999948 -0.007758 0.006581 0.004781 
0.007758 0.162985 -0.986598 0.380001 
0.006581 0.986598 0.163037 1.771401 
0.000000 0.000000 0.000000 1.000000 

Chain.front
0.993790 0.010432 0.110779 0.008760 
-0.002983 0.997735 -0.067197 0.425123 
-0.111229 0.066449 0.991571 1.934336 
0.000000 0.000000 0.000000 1.000000 

Chain.back
-0.998821 -0.003485 0.048424 0.017371 
0.011361 -0.986504 0.163340 0.405767 
0.047201 0.163698 0.985381 1.902433 
0.000000 0.000000 0.000000 1.000000 

Chain.R
-0.000627 0.999849 0.017359 -0.028575 
-0.999254 0.000044 -0.038611 0.405557 
-0.038606 -0.017370 0.999103 1.871381 
0.000000 0.000000 0.000000 1.000000 

Chain.L
0.011493 -0.937457 0.347911 0.038399 
0.998888 0.026676 0.038883 0.431601 
-0.045732 0.347077 0.936721 1.921894 
0.000000 0.000000 0.000000 1.000000 

Tail.Front.001
1.000000 -0.000000 0.000000 0.000000 
0.000000 0.020248 0.999798 0.630935 
-0.000000 -0.999795 0.020247 2.017182 
0.000000 0.000000 0.000000 1.000000 

Tail.Front.002
1.000000 0.000000 0.000000 0.000000 
0.000000 -0.000000 1.000003 0.638447 
-0.000000 -1.000000 -0.000001 1.646269 
0.000000 0.000000 0.000000 1.000000 

Tail.Back.001
1.000000 -0.000000 -0.000000 0.000000 
0.000001 -0.365529 0.930792 0.172712 
-0.000000 -0.930800 -0.365528 2.020938 
0.000000 0.000000 0.000000 1.000000 

Tail.Back.002
1.000000 0.000000 0.000000 -0.000000 
0.000000 -0.073872 0.997260 0.071302 
-0.000000 -0.997267 -0.073868 1.762703 
0.000000 0.000000 0.000000 1.000000 

Frame 5
Bone
0.999948 -0.007758 0.006581 0.004781 
0.007758 0.162985 -0.986598 0.380001 
0.006581 0.986598 0.163037 1.771401 
0.000000 0.000000 0.000000 1.000000 

Chain.front
0.993790 0.010432 0.110779 0.008760 
-0.002983 0.997735 -0.067197 0.425123 
-0.111229 0.066449 0.991571 1.934336 
0.000000 0.000000 0.000000 1.000000 

Chain.back
-0.998821 -0.003485 0.048424 0.017371 
0.011361 -0.986504 0.163340 0.405767 
0.047201 0.163698 0.985381 1.902433 
0.000000 0.000000 0.000000 1.000000 

Chain.R
-0.000627 0.999849 0.017359 -0.028575 
-0.999254 0.000044 -0.038611 0.405557 
-0.038606 -0.017370 0.999103 1.871381 
0.000000 0.000000 0.000000 1.000000 

Chain.L
0.011493 -0.937457 0.347911 0.038399 
0.998888 0.026676 0.038883 0.431601 
-0.045732 0.347077 0.936721 1.921894 
0.000000 0.000000 0.000000 1.000000 

Tail.Front.001
1.000000 -0.000000 0.000000 0.000000 
0.000000 0.020248 0.999798 0.630935 
-0.000000 -0.999795 0.020247 2.017182 
0.000000 0.000000 0.000000 1.000000 

Tail.Front.002
1.000000 0.000000 0.000000 0.000000 
0.000000 -0.000000 1.000003 0.638447 
-0.000000 -1.000000 -0.000001 1.646269 
0.000000 0.000000 0.000000 1.000000 

Tail.Back.001
1.000000 -0.000000 -0.000000 0.000000 
0.000001 -0.365529 0.930792 0.172712 
-0.000000 -0.930800 -0.365528 2.020938 
0.000000 0.000000 0.000000 1.000000 

Tail.Back.002
1.000000 0.000000 0.000000 -0.000000 
0.000000 -0.073872 0.997260 0.071302 
-0.000000 -0.997267 -0.073868 1.762703 
0.000000 0.000000 0.000000 1.000000 

Frame 6
Bone
0.999948 -0.007758 0.006581 0.004781 
0.007758 0.162985 -0.986598 0.380001 
0.006581 0.986598 0.163037 1.771401 
0.000000 0.000000 0.000000 1.000000 

Chain.front
0.993790 0.010432 0.110779 0.008760 
-0.002983 0.997735 -0.067197 0.425123 
-0.111229 0.066449 0.991571 1.934336 
0.000000 0.000000 0.000000 1.000000 

Chain.back
-0.998821 -0.003485 0.048424 0.017371 
0.011361 -0.986504 0.163340 0.405767 
0.047201 0.163698 0.985381 1.902433 
0.000000 0.000000 0.000000 1.000000 

Chain.R
-0.000627 0.999849 0.017359 -0.028575 
-0.999254 0.000044 -0.038611 0.405557 
-0.038606 -0.017370 0.999103 1.871381 
0.000000 0.000000 0.000000 1.000000 

Chain.L
0.011493 -0.937457 0.347911 0.038399 
0.998888 0.026676 0.038883 0.431601 
-0.045732 0.347077 0.936721 1.921894 
0.000000 0.000000 0.000000 1.000000 

Tail.Front.001
1.000000 -0.000000 0.000000 0.000000 
0.000000 0.020248 0.999798 0.630935 
-0.000000 -0.999795 0.020247 2.017182 
0.000000 0.000000 0.000000 1.000000 

Tail.Front.002
1.000000 0.000000 0.000000 0.000000 
0.000000 -0.000000 1.000003 0.638447 
-0.000000 -1.000000 -0.000001 1.646269 
0.000000 0.000000 0.000000 1.000000 

Tail.Back.001
1.000000 -0.000000 -0.000000 0.000000 
0.000001 -0.365529 0.930792 0.172712 
-0.000000 -0.930800 -0.365528 2.020938 
0.000000 0.000000 0.000000 1.000000 

Tail.Back.002
1.000000 0.000000 0.000000 -0.000000 
0.000000 -0.073872 0.997260 0.071302 
-0.000000 -0.997267 -0.073868 1.762703 
0.000000 0.000000 0.000000 1.000000 

Frame 7
Bone
0.999948 -0.007758 0.006581 0.004781 
0.007758 0.162985 -0.986598 0.380001 
0.006581 0.986598 0.163037 1.771401 
0.000000 0.000000 0.000000 1.000000 

Chain.front
0.993790 0.010432 0.110779 0.008760 
-0.002983 0.997735 -0.067197 0.425123 
-0.111229 0.066449 0.991571 1.934336 
0.000000 0.000000 0.000000 1.000000 

Chain.back
-0.998821 -0.003485 0.048424 0.017371 
0.011361 -0.986504 0.163340 0.405767 
0.047201 0.163698 0.985381 1.902433 
0.000000 0.000000 0.000000 1.000000 

Chain.R
-0.000627 0.999849 0.017359 -0.028575 
-0.999254 0.000044 -0.038611 0.405557 
-0.038606 -0.017370 0.999103 1.871381 
0.000000 0.000000 0.000000 1.000000 

Chain.L
0.011493 -0.937457 0.347911 0.038399 
0.998888 0.026676 0.038883 0.431601 
-0.045732 0.347077 0.936721 1.921894 
0.000000 0.000000 0.000000 1.000000 

Tail.Front.001
1.000000 -0.000000 0.000000 0.000000 
0.000000 0.020248 0.999798 0.630935 
-0.000000 -0.999795 0.020247 2.017182 
0.000000 0.000000 0.000000 1.000000 

Tail.Front.002
1.000000 0.000000 0.000000 0.000000 
0.000000 -0.000000 1.000003 0.638447 
-0.000000 -1.000000 -0.000001 1.646269 
0.000000 0.000000 0.000000 1.000000 

Tail.Back.001
1.000000 -0.000000 -0.000000 0.000000 
0.000001 -0.365529 0.930792 0.172712 
-0.000000 -0.930800 -0.365528 2.020938 
0.000000 0.000000 0.000000 1.000000 

Tail.Back.002
1.000000 0.000000 0.000000 -0.000000 
0.000000 -0.073872 0.997260 0.071302 
-0.000000 -0.997267 -0.073868 1.762703 
0.000000 0.000000 0.000000 1.000000 

Frame 8
Bone
0.999948 -0.007758 0.006581 0.004781 
0.007758 0.162985 -0.986598 0.380001 
0.006581 0.986598 0.163037 1.771401 
0.000000 0.000000 0.000000 1.000000 

Chain.front
0.993790 0.010432 0.110779 0.008760 
-0.002983 0.997735 -0.067197 0.425123 
-0.111229 0.066449 0.991571 1.934336 
0.000000 0.000000 0.000000 1.000000 

Chain.back
-0.998821 -0.003485 0.048424 0.017371 
0.011361 -0.986504 0.163340 0.405767 
0.047201 0.163698 0.985381 1.902433 
0.000000 0.000000 0.000000 1.000000 

Chain.R
-0.000627 0.999849 0.017359 -0.028575 
-0.999254 0.000044 -0.038611 0.405557 
-0.038606 -0.017370 0.999103 1.871381 
0.000000 0.000000 0.000000 1.000000 

Chain.L
0.011493 -0.937457 0.347911 0.038399 
0.998888 0.026676 0.038883 0.431601 
-0.045732 0.347077 0.936721 1.921894 
0.000000 0.000000 0.000000 1.000000 

Tail.Front.001
1.000000 -0.000000 0.000000 0.000000 
0.000000 0.020248 0.999798 0.630935 
-0.000000 -0.999795 0.020247 2.017182 
0.000000 0.000000 0.000000 1.000000 

Tail.Front.002
1.000000 0.000000 0.000000 0.000000 
0.000000 -0.000000 1.000003 0.638447 
-0.000000 -1.000000 -0.000001 1.646269 
0.000000 0.000000 0.000000 1.000000 

Tail.Back.001
1.000000 -0.000000 -0.000000 0.000000 
0.000001 -0.365529 0.930792 0.172712 
-0.000000 -0.930800 -0.365528 2.020938 
0.000000 0.000000 0.000000 1.000000 

Tail.Back.002
1.000000 0.000000 0.000000 -0.000000 
0.000000 -0.073872 0.997260 0.071302 
-0.000000 -0.997267 -0.073868 1.762703 
0.000000 0.000000 0.000000 1.000000 

Frame 9
Bone
0.999948 -0.007758 0.006581 0.004781 
0.007758 0.162985 -0.986598 0.380001 
0.006581 0.986598 0.163037 1.771401 
0.000000 0.000000 0.000000 1.000000 

Chain.front
0.993790 0.010432 0.110779 0.008760 
-0.002983 0.997735 -0.067197 0.425123 
-0.111229 0.066449 0.991571 1.934336 
0.000000 0.000000 0.000000 1.000000 

Chain.back
-0.998821 -0.003485 0.048424 0.017371 
0.011361 -0.986504 0.163340 0.405767 
0.047201 0.163698 0.985381 1.902433 
0.000000 0.000000 0.000000 1.000000 

Chain.R
-0.000627 0.999849 0.017359 -0.028575 
-0.999254 0.000044 -0.038611 0.405557 
-0.038606 -0.017370 0.999103 1.871381 
0.000000 0.000000 0.000000 1.000000 

Chain.L
0.011493 -0.937457 0.347911 0.038399 
0.998888 0.026676 0.038883 0.431601 
-0.045732 0.347077 0.936721 1.921894 
0.000000 0.000000 0.000000 1.000000 

Tail.Front.001
1.000000 -0.000000 0.000000 0.000000 
0.000000 0.020248 0.999798 0.630935 
-0.000000 -0.999795 0.020247 2.017182 
0.000000 0.000000 0.000000 1.000000 

Tail.Front.002
1.000000 0.000000 0.000000 0.000000 
0.000000 -0.000000 1.000003 0.638447 
-0.000000 -1.000000 -0.000001 1.646269 
0.000000 0.000000 0.000000 1.000000 

Tail.Back.001
1.000000 -0.000000 -0.000000 0.000000 
0.000001 -0.365529 0.930792 0.172712 
-0.000000 -0.930800 -0.365528 2.020938 
0.000000 0.000000 0.000000 1.000000 

Tail.Back.002
1.000000 0.000000 0.000000 -0.000000 
0.000000 -0.073872 0.997260 0.071302 
-0.000000 -0.997267 -0.073868 1.762703 
0.000000 0.000000 0.000000 1.000000 

Frame 10
Bone
0.999948 -0.007758 0.006581 0.004781 
0.007758 0.162985 -0.986598 0.380001 
0.006581 0.986598 0.163037 1.771401 
0.000000 0.000000 0.000000 1.000000 

Chain.front
0.993790 0.010432 0.110779 0.008760 
-0.002983 0.997735 -0.067197 0.425123 
-0.111229 0.066449 0.991571 1.934336 
0.000000 0.000000 0.000000 1.000000 

Chain.back
-0.998821 -0.003485 0.048424 0.017371 
0.011361 -0.986504 0.163340 0.405767 
0.047201 0.163698 0.985381 1.902433 
0.000000 0.000000 0.000000 1.000000 

Chain.R
-0.000627 0.999849 0.017359 -0.028575 
-0.999254 0.000044 -0.038611 0.405557 
-0.038606 -0.017370 0.999103 1.871381 
0.000000 0.000000 0.000000 1.000000 

Chain.L
0.011493 -0.937457 0.347911 0.038399 
0.998888 0.026676 0.038883 0.431601 
-0.045732 0.347077 0.936721 1.921894 
0.000000 0.000000 0.000000 1.000000 

Tail.Front.001
1.000000 -0.000000 0.000000 0.000000 
0.000000 0.020248 0.999798 0.630935 
-0.000000 -0.999795 0.020247 2.017182 
0.000000 0.000000 0.000000 1.000000 

Tail.Front.002
1.000000 0.000000 0.000000 0.000000 
0.000000 -0.000000 1.000003 0.638447 
-0.000000 -1.000000 -0.000001 1.646269 
0.000000 0.000000 0.000000 1.000000 

Tail.Back.001
1.000000 -0.000000 -0.000000 0.000000 
0.000001 -0.365529 0.930792 0.172712 
-0.000000 -0.930800 -0.365528 2.020938 
0.000000 0.000000 0.000000 1.000000 

Tail.Back.002
1.000000 0.000000 0.000000 -0.000000 
0.000000 -0.073872 0.997260 0.071302 
-0.000000 -0.997267 -0.073868 1.762703 
0.000000 0.000000 0.000000 1.000000 

Frame 11
Bone
0.999948 -0.007758 0.006581 0.004781 
0.007758 0.162985 -0.986598 0.380001 
0.006581 0.986598 0.163037 1.771401 
0.000000 0.000000 0.000000 1.000000 

Chain.front
0.993790 0.010432 0.110779 0.008760 
-0.002983 0.997735 -0.067197 0.425123 
-0.111229 0.066449 0.991571 1.934336 
0.000000 0.000000 0.000000 1.000000 

Chain.back
-0.998821 -0.003485 0.048424 0.017371 
0.011361 -0.986504 0.163340 0.405767 
0.047201 0.163698 0.985381 1.902433 
0.000000 0.000000 0.000000 1.000000 

Chain.R
-0.000627 0.999849 0.017359 -0.028575 
-0.999254 0.000044 -0.038611 0.405557 
-0.038606 -0.017370 0.999103 1.871381 
0.000000 0.000000 0.000000 1.000000 

Chain.L
0.011493 -0.937457 0.347911 0.038399 
0.998888 0.026676 0.038883 0.431601 
-0.045732 0.347077 0.936721 1.921894 
0.000000 0.000000 0.000000 1.000000 

Tail.Front.001
1.000000 -0.000000 0.000000 0.000000 
0.000000 0.020248 0.999798 0.630935 
-0.000000 -0.999795 0.020247 2.017182 
0.000000 0.000000 0.000000 1.000000 

Tail.Front.002
1.000000 0.000000 0.000000 0.000000 
0.000000 -0.000000 1.000003 0.638447 
-0.000000 -1.000000 -0.000001 1.646269 
0.000000 0.000000 0.000000 1.000000 

Tail.Back.001
1.000000 -0.000000 -0.000000 0.000000 
0.000001 -0.365529 0.930792 0.172712 
-0.000000 -0.930800 -0.365528 2.020938 
0.000000 0.000000 0.000000 1.000000 

Tail.Back.002
1.000000 0.000000 0.000000 -0.000000 
0.000000 -0.073872 0.997260 0.071302 
-0.000000 -0.997267 -0.073868 1.762703 
0.000000 0.000000 0.000000 1.000000 

Frame 12
Bone
0.999948 -0.007758 0.006581 0.004781 
0.007758 0.162985 -0.986598 0.380001 
0.006581 0.986598 0.163037 1.771401 
0.000000 0.000000 0.000000 1.000000 

Chain.front
0.993790 0.010432 0.110779 0.008760 
-0.002983 0.997735 -0.067197 0.425123 
-0.111229 0.066449 0.991571 1.934336 
0.000000 0.000000 0.000000 1.000000 

Chain.back
-0.998821 -0.003485 0.048424 0.017371 
0.011361 -0.986504 0.163340 0.405767 
0.047201 0.163698 0.985381 1.902433 
0.000000 0.000000 0.000000 1.000000 

Chain.R
-0.000627 0.999849 0.017359 -0.028575 
-0.999254 0.000044 -0.038611 0.405557 
-0.038606 -0.017370 0.999103 1.871381 
0.000000 0.000000 0.000000 1.000000 

Chain.L
0.011493 -0.937457 0.347911 0.038399 
0.998888 0.026676 0.038883 0.431601 
-0.045732 0.347077 0.936721 1.921894 
0.000000 0.000000 0.000000 1.000000 

Tail.Front.001
1.000000 -0.000000 0.000000 0.000000 
0.000000 0.020248 0.999798 0.630935 
-0.000000 -0.999795 0.020247 2.017182 
0.000000 0.000000 0.000000 1.000000 

Tail.Front.002
1.000000 0.000000 0.000000 0.000000 
0.000000 -0.000000 1.000003 0.638447 
-0.000000 -1.000000 -0.000001 1.646269 
0.000000 0.000000 0.000000 1.000000 

Tail.Back.001
1.000000 -0.000000 -0.000000 0.000000 
0.000001 -0.365529 0.930792 0.172712 
-0.000000 -0.930800 -0.365528 2.020938 
0.000000 0.000000 0.000000 1.000000 

Tail.Back.002
1.000000 0.000000 0.000000 -0.000000 
0.000000 -0.073872 0.997260 0.071302 
-0.000000 -0.997267 -0.073868 1.762703 
0.000000 0.000000 0.000000 1.000000 

Frame 13
Bone
0.999948 -0.007758 0.006581 0.004781 
0.007758 0.162985 -0.986598 0.380001 
0.006581 0.986598 0.163037 1.771401 
0.000000 0.000000 0.000000 1.000000 

Chain.front
0.993790 0.010432 0.110779 0.008760 
-0.002983 0.997735 -0.067197 0.425123 
-0.111229 0.066449 0.991571 1.934336 
0.000000 0.000000 0.000000 1.000000 

Chain.back
-0.998821 -0.003485 0.048424 0.017371 
0.011361 -0.986504 0.163340 0.405767 
0.047201 0.163698 0.985381 1.902433 
0.000000 0.000000 0.000000 1.000000 

Chain.R
-0.000627 0.999849 0.017359 -0.028575 
-0.999254 0.000044 -0.038611 0.405557 
-0.038606 -0.017370 0.999103 1.871381 
0.000000 0.000000 0.000000 1.000000 

Chain.L
0.011493 -0.937457 0.347911 0.038399 
0.998888 0.026676 0.038883 0.431601 
-0.045732 0.347077 0.936721 1.921894 
0.000000 0.000000 0.000000 1.000000 

Tail.Front.001
1.000000 -0.000000 0.000000 0.000000 
0.000000 0.020248 0.999798 0.630935 
-0.000000 -0.999795 0.020247 2.017182 
0.000000 0.000000 0.000000 1.000000 

Tail.Front.002
1.000000 0.000000 0.000000 0.000000 
0.000000 -0.000000 1.000003 0.638447 
-0.000000 -1.000000 -0.000001 1.646269 
0.000000 0.000000 0.000000 1.000000 

Tail.Back.001
1.000000 -0.000000 -0.000000 0.000000 
0.000001 -0.365529 0.930792 0.172712 
-0.000000 -0.930800 -0.365528 2.020938 
0.000000 0.000000 0.000000 1.000000 

Tail.Back.002
1.000000 0.000000 0.000000 -0.000000 
0.000000 -0.073872 0.997260 0.071302 
-0.000000 -0.997267 -0.073868 1.762703 
0.000000 0.000000 0.000000 1.000000 

Frame 14
Bone
0.999948 -0.007758 0.006581 0.004781 
0.007758 0.162985 -0.986598 0.380001 
0.006581 0.986598 0.163037 1.771401 
0.000000 0.000000 0.000000 1.000000 

Chain.front
0.993790 0.010432 0.110779 0.008760 
-0.002983 0.997735 -0.067197 0.425123 
-0.111229 0.066449 0.991571 1.934336 
0.000000 0.000000 0.000000 1.000000 

Chain.back
-0.998821 -0.003485 0.048424 0.017371 
0.011361 -0.986504 0.163340 0.405767 
0.047201 0.163698 0.985381 1.902433 
0.000000 0.000000 0.000000 1.000000 

Chain.R
-0.000627 0.999849 0.017359 -0.028575 
-0.999254 0.000044 -0.038611 0.405557 
-0.038606 -0.017370 0.999103 1.871381 
0.000000 0.000000 0.000000 1.000000 

Chain.L
0.011493 -0.937457 0.347911 0.038399 
0.998888 0.026676 0.038883 0.431601 
-0.045732 0.347077 0.936721 1.921894 
0.000000 0.000000 0.000000 1.000000 

Tail.Front.001
1.000000 -0.000000 0.000000 0.000000 
0.000000 0.020248 0.999798 0.630935 
-0.000000 -0.999795 0.020247 2.017182 
0.000000 0.000000 0.000000 1.000000 

Tail.Front.002
1.000000 0.000000 0.000000 0.000000 
0.000000 -0.000000 1.000003 0.638447 
-0.000000 -1.000000 -0.000001 1.646269 
0.000000 0.000000 0.000000 1.000000 

Tail.Back.001
1.000000 -0.000000 -0.000000 0.000000 
0.000001 -0.365529 0.930792 0.172712 
-0.000000 -0.930800 -0.365528 2.020938 
0.000000 0.000000 0.000000 1.000000 

Tail.Back.002
1.000000 0.000000 0.000000 -0.000000 
0.000000 -0.073872 0.997260 0.071302 
-0.000000 -0.997267 -0.073868 1.762703 
0.000000 0.000000 0.000000 1.000000 

Frame 15
Bone
0.999948 -0.007758 0.006581 0.004781 
0.007758 0.162985 -0.986598 0.380001 
0.006581 0.986598 0.163037 1.771401 
0.000000 0.000000 0.000000 1.000000 

Chain.front
0.993790 0.010432 0.110779 0.008760 
-0.002983 0.997735 -0.067197 0.425123 
-0.111229 0.066449 0.991571 1.934336 
0.000000 0.000000 0.000000 1.000000 

Chain.back
-0.998821 -0.003485 0.048424 0.017371 
0.011361 -0.986504 0.163340 0.405767 
0.047201 0.163698 0.985381 1.902433 
0.000000 0.000000 0.000000 1.000000 

Chain.R
-0.000627 0.999849 0.017359 -0.028575 
-0.999254 0.000044 -0.038611 0.405557 
-0.038606 -0.017370 0.999103 1.871381 
0.000000 0.000000 0.000000 1.000000 

Chain.L
0.011493 -0.937457 0.347911 0.038399 
0.998888 0.026676 0.038883 0.431601 
-0.045732 0.347077 0.936721 1.921894 
0.000000 0.000000 0.000000 1.000000 

Tail.Front.001
1.000000 -0.000000 0.000000 0.000000 
0.000000 0.020248 0.999798 0.630935 
-0.000000 -0.999795 0.020247 2.017182 
0.000000 0.000000 0.000000 1.000000 

Tail.Front.002
1.000000 0.000000 0.000000 0.000000 
0.000000 -0.000000 1.000003 0.638447 
-0.000000 -1.000000 -0.000001 1.646269 
0.000000 0.000000 0.000000 1.000000 

Tail.Back.001
1.000000 -0.000000 -0.000000 0.000000 
0.000001 -0.365529 0.930792 0.172712 
-0.000000 -0.930800 -0.365528 2.020938 
0.000000 0.000000 0.000000 1.000000 

Tail.Back.002
1.000000 0.000000 0.000000 -0.000000 
0.000000 -0.073872 0.997260 0.071302 
-0.000000 -0.997267 -0.073868 1.762703 
0.000000 0.000000 0.000000 1.000000 

Frame 16
Bone
0.999948 -0.007758 0.006581 0.004781 
0.007758 0.162985 -0.986598 0.380001 
0.006581 0.986598 0.163037 1.771401 
0.000000 0.000000 0.000000 1.000000 

Chain.front
0.993790 0.010432 0.110779 0.008760 
-0.002983 0.997735 -0.067197 0.425123 
-0.111229 0.066449 0.991571 1.934336 
0.000000 0.000000 0.000000 1.000000 

Chain.back
-0.998821 -0.003485 0.048424 0.017371 
0.011361 -0.986504 0.163340 0.405767 
0.047201 0.163698 0.985381 1.902433 
0.000000 0.000000 0.000000 1.000000 

Chain.R
-0.000627 0.999849 0.017359 -0.028575 
-0.999254 0.000044 -0.038611 0.405557 
-0.038606 -0.017370 0.999103 1.871381 
0.000000 0.000000 0.000000 1.000000 

Chain.L
0.011493 -0.937457 0.347911 0.038399 
0.998888 0.026676 0.038883 0.431601 
-0.045732 0.347077 0.936721 1.921894 
0.000000 0.000000 0.000000 1.000000 

Tail.Front.001
1.000000 -0.000000 0.000000 0.000000 
0.000000 0.020248 0.999798 0.630935 
-0.000000 -0.999795 0.020247 2.017182 
0.000000 0.000000 0.000000 1.000000 

Tail.Front.002
1.000000 0.000000 0.000000 0.000000 
0.000000 -0.000000 1.000003 0.638447 
-0.000000 -1.000000 -0.000001 1.646269 
0.000000 0.000000 0.000000 1.000000 

Tail.Back.001
1.000000 -0.000000 -0.000000 0.000000 
0.000001 -0.365529 0.930792 0.172712 
-0.000000 -0.930800 -0.365528 2.020938 
0.000000 0.000000 0.000000 1.000000 

Tail.Back.002
1.000000 0.000000 0.000000 -0.000000 
0.000000 -0.073872 0.997260 0.071302 
-0.000000 -0.997267 -0.073868 1.762703 
0.000000 0.000000 0.000000 1.000000 

Frame 17
Bone
0.999948 -0.007758 0.006581 0.004781 
0.007758 0.162985 -0.986598 0.380001 
0.006581 0.986598 0.163037 1.771401 
0.000000 0.000000 0.000000 1.000000 

Chain.front
0.993790 0.010432 0.110779 0.008760 
-0.002983 0.997735 -0.067197 0.425123 
-0.111229 0.066449 0.991571 1.934336 
0.000000 0.000000 0.000000 1.000000 

Chain.back
-0.998821 -0.003485 0.048424 0.017371 
0.011361 -0.986504 0.163340 0.405767 
0.047201 0.163698 0.985381 1.902433 
0.000000 0.000000 0.000000 1.000000 

Chain.R
-0.000627 0.999849 0.017359 -0.028575 
-0.999254 0.000044 -0.038611 0.405557 
-0.038606 -0.017370 0.999103 1.871381 
0.000000 0.000000 0.000000 1.000000 

Chain.L
0.011493 -0.937457 0.347911 0.038399 
0.998888 0.026676 0.038883 0.431601 
-0.045732 0.347077 0.936721 1.921894 
0.000000 0.000000 0.000000 1.000000 

Tail.Front.001
1.000000 -0.000000 0.000000 0.000000 
0.000000 0.020248 0.999798 0.630935 
-0.000000 -0.999795 0.020247 2.017182 
0.000000 0.000000 0.000000 1.000000 

Tail.Front.002
1.000000 0.000000 0.000000 0.000000 
0.000000 -0.000000 1.000003 0.638447 
-0.000000 -1.000000 -0.000001 1.646269 
0.000000 0.000000 0.000000 1.000000 

Tail.Back.001
1.000000 -0.000000 -0.000000 0.000000 
0.000001 -0.365529 0.930792 0.172712 
-0.000000 -0.930800 -0.365528 2.020938 
0.000000 0.000000 0.000000 1.000000 

Tail.Back.002
1.000000 0.000000 0.000000 -0.000000 
0.000000 -0.073872 0.997260 0.071302 
-0.000000 -0.997267 -0.073868 1.762703 
0.000000 0.000000 0.000000 1.000000 

Frame 18
Bone
0.999948 -0.007758 0.006581 0.004781 
0.007758 0.162985 -0.986598 0.380001 
0.006581 0.986598 0.163037 1.771401 
0.000000 0.000000 0.000000 1.000000 

Chain.front
0.993790 0.010432 0.110779 0.008760 
-0.002983 0.997735 -0.067197 0.425123 
-0.111229 0.066449 0.991571 1.934336 
0.000000 0.000000 0.000000 1.000000 

Chain.back
-0.998821 -0.003485 0.048424 0.017371 
0.011361 -0.986504 0.163340 0.405767 
0.047201 0.163698 0.985381 1.902433 
0.000000 0.000000 0.000000 1.000000 

Chain.R
-0.000627 0.999849 0.017359 -0.028575 
-0.999254 0.000044 -0.038611 0.405557 
-0.038606 -0.017370 0.999103 1.871381 
0.000000 0.000000 0.000000 1.000000 

Chain.L
0.011493 -0.937457 0.347911 0.038399 
0.998888 0.026676 0.038883 0.431601 
-0.045732 0.347077 0.936721 1.921894 
0.000000 0.000000 0.000000 1.000000 

Tail.Front.001
1.000000 -0.000000 0.000000 0.000000 
0.000000 0.020248 0.999798 0.630935 
-0.000000 -0.999795 0.020247 2.017182 
0.000000 0.000000 0.000000 1.000000 

Tail.Front.002
1.000000 0.000000 0.000000 0.000000 
0.000000 -0.000000 1.000003 0.638447 
-0.000000 -1.000000 -0.000001 1.646269 
0.000000 0.000000 0.000000 1.000000 

Tail.Back.001
1.000000 -0.000000 -0.000000 0.000000 
0.000001 -0.365529 0.930792 0.172712 
-0.000000 -0.930800 -0.365528 2.020938 
0.000000 0.000000 0.000000 1.000000 

Tail.Back.002
1.000000 0.000000 0.000000 -0.000000 
0.000000 -0.073872 0.997260 0.071302 
-0.000000 -0.997267 -0.073868 1.762703 
0.000000 0.000000 0.000000 1.000000 

Frame 19
Bone
0.999948 -0.007758 0.006581 0.004781 
0.007758 0.162985 -0.986598 0.380001 
0.006581 0.986598 0.163037 1.771401 
0.000000 0.000000 0.000000 1.000000 

Chain.front
0.993790 0.010432 0.110779 0.008760 
-0.002983 0.997735 -0.067197 0.425123 
-0.111229 0.066449 0.991571 1.934336 
0.000000 0.000000 0.000000 1.000000 

Chain.back
-0.998821 -0.003485 0.048424 0.017371 
0.011361 -0.986504 0.163340 0.405767 
0.047201 0.163698 0.985381 1.902433 
0.000000 0.000000 0.000000 1.000000 

Chain.R
-0.000627 0.999849 0.017359 -0.028575 
-0.999254 0.000044 -0.038611 0.405557 
-0.038606 -0.017370 0.999103 1.871381 
0.000000 0.000000 0.000000 1.000000 

Chain.L
0.011493 -0.937457 0.347911 0.038399 
0.998888 0.026676 0.038883 0.431601 
-0.045732 0.347077 0.936721 1.921894 
0.000000 0.000000 0.000000 1.000000 

Tail.Front.001
1.000000 -0.000000 0.000000 0.000000 
0.000000 0.020248 0.999798 0.630935 
-0.000000 -0.999795 0.020247 2.017182 
0.000000 0.000000 0.000000 1.000000 

Tail.Front.002
1.000000 0.000000 0.000000 0.000000 
0.000000 -0.000000 1.000003 0.638447 
-0.000000 -1.000000 -0.000001 1.646269 
0.000000 0.000000 0.000000 1.000000 

Tail.Back.001
1.000000 -0.000000 -0.000000 0.000000 
0.000001 -0.365529 0.930792 0.172712 
-0.000000 -0.930800 -0.365528 2.020938 
0.000000 0.000000 0.000000 1.000000 

Tail.Back.002
1.000000 0.000000 0.000000 -0.000000 
0.000000 -0.073872 0.997260 0.071302 
-0.000000 -0.997267 -0.073868 1.762703 
0.000000 0.000000 0.000000 1.000000 

Frame 20
Bone
0.999948 -0.007758 0.006581 0.004781 
0.007758 0.162985 -0.986598 0.380001 
0.006581 0.986598 0.163037 1.771401 
0.000000 0.000000 0.000000 1.000000 

Chain.front
0.993790 0.010432 0.110779 0.008760 
-0.002983 0.997735 -0.067197 0.425123 
-0.111229 0.066449 0.991571 1.934336 
0.000000 0.000000 0.000000 1.000000 

Chain.back
-0.998821 -0.003485 0.048424 0.017371 
0.011361 -0.986504 0.163340 0.405767 
0.047201 0.163698 0.985381 1.902433 
0.000000 0.000000 0.000000 1.000000 

Chain.R
-0.000627 0.999849 0.017359 -0.028575 
-0.999254 0.000044 -0.038611 0.405557 
-0.038606 -0.017370 0.999103 1.871381 
0.000000 0.000000 0.000000 1.000000 

Chain.L
0.011493 -0.937457 0.347911 0.038399 
0.998888 0.026676 0.038883 0.431601 
-0.045732 0.347077 0.936721 1.921894 
0.000000 0.000000 0.000000 1.000000 

Tail.Front.001
1.000000 -0.000000 0.000000 0.000000 
0.000000 0.020248 0.999798 0.630935 
-0.000000 -0.999795 0.020247 2.017182 
0.000000 0.000000 0.000000 1.000000 

Tail.Front.002
1.000000 0.000000 0.000000 0.000000 
0.000000 -0.000000 1.000003 0.638447 
-0.000000 -1.000000 -0.000001 1.646269 
0.000000 0.000000 0.000000 1.000000 

Tail.Back.001
1.000000 -0.000000 -0.000000 0.000000 
0.000001 -0.365529 0.930792 0.172712 
-0.000000 -0.930800 -0.365528 2.020938 
0.000000 0.000000 0.000000 1.000000 

Tail.Back.002
1.000000 0.000000 0.000000 -0.000000 
0.000000 -0.073872 0.997260 0.071302 
-0.000000 -0.997267 -0.073868 1.762703 
0.000000 0.000000 0.000000 1.000000 

Frame 21
Bone
0.999948 -0.007758 0.006581 0.004781 
0.007758 0.162985 -0.986598 0.380001 
0.006581 0.986598 0.163037 1.771401 
0.000000 0.000000 0.000000 1.000000 

Chain.front
0.993790 0.010432 0.110779 0.008760 
-0.002983 0.997735 -0.067197 0.425123 
-0.111229 0.066449 0.991571 1.934336 
0.000000 0.000000 0.000000 1.000000 

Chain.back
-0.998821 -0.003485 0.048424 0.017371 
0.011361 -0.986504 0.163340 0.405767 
0.047201 0.163698 0.985381 1.902433 
0.000000 0.000000 0.000000 1.000000 

Chain.R
-0.000627 0.999849 0.017359 -0.028575 
-0.999254 0.000044 -0.038611 0.405557 
-0.038606 -0.017370 0.999103 1.871381 
0.000000 0.000000 0.000000 1.000000 

Chain.L
0.011493 -0.937457 0.347911 0.038399 
0.998888 0.026676 0.038883 0.431601 
-0.045732 0.347077 0.936721 1.921894 
0.000000 0.000000 0.000000 1.000000 

Tail.Front.001
1.000000 -0.000000 0.000000 0.000000 
0.000000 0.020248 0.999798 0.630935 
-0.000000 -0.999795 0.020247 2.017182 
0.000000 0.000000 0.000000 1.000000 

Tail.Front.002
1.000000 0.000000 0.000000 0.000000 
0.000000 -0.000000 1.000003 0.638447 
-0.000000 -1.000000 -0.000001 1.646269 
0.000000 0.000000 0.000000 1.000000 

Tail.Back.001
1.000000 -0.000000 -0.000000 0.000000 
0.000001 -0.365529 0.930792 0.172712 
-0.000000 -0.930800 -0.365528 2.020938 
0.000000 0.000000 0.000000 1.000000 

Tail.Back.002
1.000000 0.000000 0.000000 -0.000000 
0.000000 -0.073872 0.997260 0.071302 
-0.000000 -0.997267 -0.073868 1.762703 
0.000000 0.000000 0.000000 1.000000 

Frame 22
Bone
0.999948 -0.007758 0.006581 0.004781 
0.007758 0.162985 -0.986598 0.380001 
0.006581 0.986598 0.163037 1.771401 
0.000000 0.000000 0.000000 1.000000 

Chain.front
0.993790 0.010432 0.110779 0.008760 
-0.002983 0.997735 -0.067197 0.425123 
-0.111229 0.066449 0.991571 1.934336 
0.000000 0.000000 0.000000 1.000000 

Chain.back
-0.998821 -0.003485 0.048424 0.017371 
0.011361 -0.986504 0.163340 0.405767 
0.047201 0.163698 0.985381 1.902433 
0.000000 0.000000 0.000000 1.000000 

Chain.R
-0.000627 0.999849 0.017359 -0.028575 
-0.999254 0.000044 -0.038611 0.405557 
-0.038606 -0.017370 0.999103 1.871381 
0.000000 0.000000 0.000000 1.000000 

Chain.L
0.011493 -0.937457 0.347911 0.038399 
0.998888 0.026676 0.038883 0.431601 
-0.045732 0.347077 0.936721 1.921894 
0.000000 0.000000 0.000000 1.000000 

Tail.Front.001
1.000000 -0.000000 0.000000 0.000000 
0.000000 0.020248 0.999798 0.630935 
-0.000000 -0.999795 0.020247 2.017182 
0.000000 0.000000 0.000000 1.000000 

Tail.Front.002
1.000000 0.000000 0.000000 0.000000 
0.000000 -0.000000 1.000003 0.638447 
-0.000000 -1.000000 -0.000001 1.646269 
0.000000 0.000000 0.000000 1.000000 

Tail.Back.001
1.000000 -0.000000 -0.000000 0.000000 
0.000001 -0.365529 0.930792 0.172712 
-0.000000 -0.930800 -0.365528 2.020938 
0.000000 0.000000 0.000000 1.000000 

Tail.Back.002
1.000000 0.000000 0.000000 -0.000000 
0.000000 -0.073872 0.997260 0.071302 
-0.000000 -0.997267 -0.073868 1.762703 
0.000000 0.000000 0.000000 1.000000 

Frame 23
Bone
0.999948 -0.007758 0.006581 0.004781 
0.007758 0.162985 -0.986598 0.380001 
0.006581 0.986598 0.163037 1.771401 
0.000000 0.000000 0.000000 1.000000 

Chain.front
0.993790 0.010432 0.110779 0.008760 
-0.002983 0.997735 -0.067197 0.425123 
-0.111229 0.066449 0.991571 1.934336 
0.000000 0.000000 0.000000 1.000000 

Chain.back
-0.998821 -0.003485 0.048424 0.017371 
0.011361 -0.986504 0.163340 0.405767 
0.047201 0.163698 0.985381 1.902433 
0.000000 0.000000 0.000000 1.000000 

Chain.R
-0.000627 0.999849 0.017359 -0.028575 
-0.999254 0.000044 -0.038611 0.405557 
-0.038606 -0.017370 0.999103 1.871381 
0.000000 0.000000 0.000000 1.000000 

Chain.L
0.011493 -0.937457 0.347911 0.038399 
0.998888 0.026676 0.038883 0.431601 
-0.045732 0.347077 0.936721 1.921894 
0.000000 0.000000 0.000000 1.000000 

Tail.Front.001
1.000000 -0.000000 0.000000 0.000000 
0.000000 0.020248 0.999798 0.630935 
-0.000000 -0.999795 0.020247 2.017182 
0.000000 0.000000 0.000000 1.000000 

Tail.Front.002
1.000000 0.000000 0.000000 0.000000 
0.000000 -0.000000 1.000003 0.638447 
-0.000000 -1.000000 -0.000001 1.646269 
0.000000 0.000000 0.000000 1.000000 

Tail.Back.001
1.000000 -0.000000 -0.000000 0.000000 
0.000001 -0.365529 0.930792 0.172712 
-0.000000 -0.930800 -0.365528 2.020938 
0.000000 0.000000 0.000000 1.000000 

Tail.Back.002
1.000000 0.000000 0.000000 -0.000000 
0.000000 -0.073872 0.997260 0.071302 
-0.000000 -0.997267 -0.073868 1.762703 
0.000000 0.000000 0.000000 1.000000 

Frame 24
Bone
0.999948 -0.007758 0.006581 0.004781 
0.007758 0.162985 -0.986598 0.380001 
0.006581 0.986598 0.163037 1.771401 
0.000000 0.000000 0.000000 1.000000 

Chain.front
0.993790 0.010432 0.110779 0.008760 
-0.002983 0.997735 -0.067197 0.425123 
-0.111229 0.066449 0.991571 1.934336 
0.000000 0.000000 0.000000 1.000000 

Chain.back
-0.998821 -0.003485 0.048424 0.017371 
0.011361 -0.986504 0.163340 0.405767 
0.047201 0.163698 0.985381 1.902433 
0.000000 0.000000 0.000000 1.000000 

Chain.R
-0.000627 0.999849 0.017359 -0.028575 
-0.999254 0.000044 -0.038611 0.405557 
-0.038606 -0.017370 0.999103 1.871381 
0.000000 0.000000 0.000000 1.000000 

Chain.L
0.011493 -0.937457 0.347911 0.038399 
0.998888 0.026676 0.038883 0.431601 
-0.045732 0.347077 0.936721 1.921894 
0.000000 0.000000 0.000000 1.000000 

Tail.Front.001
1.000000 -0.000000 0.000000 0.000000 
0.000000 0.020248 0.999798 0.630935 
-0.000000 -0.999795 0.020247 2.017182 
0.000000 0.000000 0.000000 1.000000 

Tail.Front.002
1.000000 0.000000 0.000000 0.000000 
0.000000 -0.000000 1.000003 0.638447 
-0.000000 -1.000000 -0.000001 1.646269 
0.000000 0.000000 0.000000 1.000000 

Tail.Back.001
1.000000 -0.000000 -0.000000 0.000000 
0.000001 -0.365529 0.930792 0.172712 
-0.000000 -0.930800 -0.365528 2.020938 
0.000000 0.000000 0.000000 1.000000 

Tail.Back.002
1.000000 0.000000 0.000000 -0.000000 
0.000000 -0.073872 0.997260 0.071302 
-0.000000 -0.997267 -0.073868 1.762703 
0.000000 0.000000 0.000000 1.000000 

Frame 25
Bone
0.999948 -0.007758 0.006581 0.004781 
0.007758 0.162985 -0.986598 0.380001 
0.006581 0.986598 0.163037 1.771401 
0.000000 0.000000 0.000000 1.000000 

Chain.front
0.993790 0.010432 0.110779 0.008760 
-0.002983 0.997735 -0.067197 0.425123 
-0.111229 0.066449 0.991571 1.934336 
0.000000 0.000000 0.000000 1.000000 

Chain.back
-0.998821 -0.003485 0.048424 0.017371 
0.011361 -0.986504 0.163340 0.405767 
0.047201 0.163698 0.985381 1.902433 
0.000000 0.000000 0.000000 1.000000 

Chain.R
-0.000627 0.999849 0.017359 -0.028575 
-0.999254 0.000044 -0.038611 0.405557 
-0.038606 -0.017370 0.999103 1.871381 
0.000000 0.000000 0.000000 1.000000 

Chain.L
0.011493 -0.937457 0.347911 0.038399 
0.998888 0.026676 0.038883 0.431601 
-0.045732 0.347077 0.936721 1.921894 
0.000000 0.000000 0.000000 1.000000 

Tail.Front.001
1.000000 -0.000000 0.000000 0.000000 
0.000000 0.020248 0.999798 0.630935 
-0.000000 -0.999795 0.020247 2.017182 
0.000000 0.000000 0.000000 1.000000 

Tail.Front.002
1.000000 0.000000 0.000000 0.000000 
0.000000 -0.000000 1.000003 0.638447 
-0.000000 -1.000000 -0.000001 1.646269 
0.000000 0.000000 0.000000 1.000000 

Tail.Back.001
1.000000 -0.000000 -0.000000 0.000000 
0.000001 -0.365529 0.930792 0.172712 
-0.000000 -0.930800 -0.365528 2.020938 
0.000000 0.000000 0.000000 1.000000 

Tail.Back.002
1.000000 0.000000 0.000000 -0.000000 
0.000000 -0.073872 0.997260 0.071302 
-0.000000 -0.997267 -0.073868 1.762703 
0.000000 0.000000 0.000000 1.000000 

Frame 26
Bone
0.999948 -0.007758 0.006581 0.004781 
0.007758 0.162985 -0.986598 0.380001 
0.006581 0.986598 0.163037 1.771401 
0.000000 0.000000 0.000000 1.000000 

Chain.front
0.993790 0.010432 0.110779 0.008760 
-0.002983 0.997735 -0.067197 0.425123 
-0.111229 0.066449 0.991571 1.934336 
0.000000 0.000000 0.000000 1.000000 

Chain.back
-0.998821 -0.003485 0.048424 0.017371 
0.011361 -0.986504 0.163340 0.405767 
0.047201 0.163698 0.985381 1.902433 
0.000000 0.000000 0.000000 1.000000 

Chain.R
-0.000627 0.999849 0.017359 -0.028575 
-0.999254 0.000044 -0.038611 0.405557 
-0.038606 -0.017370 0.999103 1.871381 
0.000000 0.000000 0.000000 1.000000 

Chain.L
0.011493 -0.937457 0.347911 0.038399 
0.998888 0.026676 0.038883 0.431601 
-0.045732 0.347077 0.936721 1.921894 
0.000000 0.000000 0.000000 1.000000 

Tail.Front.001
1.000000 -0.000000 0.000000 0.000000 
0.000000 0.020248 0.999798 0.630935 
-0.000000 -0.999795 0.020247 2.017182 
0.000000 0.000000 0.000000 1.000000 

Tail.Front.002
1.000000 0.000000 0.000000 0.000000 
0.000000 -0.000000 1.000003 0.638447 
-0.000000 -1.000000 -0.000001 1.646269 
0.000000 0.000000 0.000000 1.000000 

Tail.Back.001
1.000000 -0.000000 -0.000000 0.000000 
0.000001 -0.365529 0.930792 0.172712 
-0.000000 -0.930800 -0.365528 2.020938 
